# All units in [AU] if not specified
{"name":"Al", "Z":13, "Zstar":3.2166995111404586, "A":28,  "μ[AU]": 1.698e-01, "T[AU]": 3.675e-02, "rs[AU]": 3.000e+00 }
	 r[AU]  	 n[AU]  	 nf[AU]  	 nb[AU]     n_ion[AU]    (φ_e+φ_ions)[AU]   φtotal[AU]     δVxc/δρ[Au]  
    1.00000e-03     1.41163e+05     0.00000e+00     1.41342e+05     0.00000e+00    -5.29192e+01     1.29466e+04    -3.86419e+01
    1.02617e-03     1.35783e+05     0.00000e+00     1.35955e+05     0.00000e+00    -5.29089e+01     1.26151e+04    -3.81466e+01
    1.05303e-03     1.30607e+05     0.00000e+00     1.30773e+05     0.00000e+00    -5.28976e+01     1.22920e+04    -3.76576e+01
    1.08059e-03     1.25629e+05    2.73591e-146     1.25788e+05     0.00000e+00    -5.28855e+01     1.19771e+04    -3.71750e+01
    1.10888e-03     1.20840e+05    2.30762e-142     1.20992e+05     0.00000e+00    -5.28724e+01     1.16703e+04    -3.66984e+01
    1.13790e-03     1.16233e+05    1.54426e-138     1.16379e+05     0.00000e+00    -5.28585e+01     1.13713e+04    -3.62280e+01
    1.16768e-03     1.11801e+05    8.24762e-135     1.11942e+05     0.00000e+00    -5.28436e+01     1.10799e+04    -3.57635e+01
    1.19825e-03     1.07538e+05    3.53581e-131     1.07673e+05     0.00000e+00    -5.28279e+01     1.07959e+04    -3.53050e+01
    1.22961e-03     1.03437e+05    1.22358e-127     1.03567e+05     0.00000e+00    -5.28113e+01     1.05192e+04    -3.48524e+01
    1.26179e-03     9.94918e+04    3.43663e-124     9.96164e+04     0.00000e+00    -5.27938e+01     1.02496e+04    -3.44055e+01
    1.29482e-03     9.56969e+04    7.87588e-121     9.58165e+04     0.00000e+00    -5.27755e+01     9.98682e+03    -3.39643e+01
    1.32871e-03     9.20463e+04    1.48042e-117     9.21612e+04     0.00000e+00    -5.27562e+01     9.73075e+03    -3.35288e+01
    1.36348e-03     8.85346e+04    2.29393e-114     8.86449e+04     0.00000e+00    -5.27362e+01     9.48122e+03    -3.30988e+01
    1.39917e-03     8.51565e+04    2.94461e-111     8.52624e+04     0.00000e+00    -5.27153e+01     9.23806e+03    -3.26743e+01
    1.43579e-03     8.19069e+04    3.14638e-108     8.20086e+04     0.00000e+00    -5.26935e+01     9.00110e+03    -3.22552e+01
    1.47337e-03     7.87809e+04    2.81164e-105     7.88786e+04     0.00000e+00    -5.26709e+01     8.77019e+03    -3.18415e+01
    1.51194e-03     7.57739e+04    2.11082e-102     7.58677e+04     0.00000e+00    -5.26474e+01     8.54516e+03    -3.14330e+01
    1.55151e-03     7.28813e+04     1.33726e-99     7.29713e+04     0.00000e+00    -5.26232e+01     8.32588e+03    -3.10298e+01
    1.59212e-03     7.00988e+04     7.18018e-97     7.01852e+04     0.00000e+00    -5.25980e+01     8.11219e+03    -3.06317e+01
    1.63379e-03     6.74221e+04     3.28123e-94     6.75051e+04     0.00000e+00    -5.25721e+01     7.90395e+03    -3.02386e+01
    1.67655e-03     6.48474e+04     1.28147e-91     6.49270e+04     0.00000e+00    -5.25453e+01     7.70103e+03    -2.98506e+01
    1.72043e-03     6.23706e+04     4.29422e-89     6.24470e+04     0.00000e+00    -5.25177e+01     7.50328e+03    -2.94675e+01
    1.76546e-03     5.99880e+04     1.23955e-86     6.00613e+04     0.00000e+00    -5.24893e+01     7.31058e+03    -2.90893e+01
    1.81167e-03     5.76962e+04     3.09384e-84     5.77665e+04     0.00000e+00    -5.24600e+01     7.12280e+03    -2.87159e+01
    1.85909e-03     5.54916e+04     6.70185e-82     5.55591e+04     0.00000e+00    -5.24300e+01     6.93980e+03    -2.83473e+01
    1.90775e-03     5.33709e+04     1.26451e-79     5.34356e+04     0.00000e+00    -5.23991e+01     6.76148e+03    -2.79834e+01
    1.95768e-03     5.13309e+04     2.08551e-77     5.13930e+04     0.00000e+00    -5.23673e+01     6.58770e+03    -2.76241e+01
    2.00892e-03     4.93686e+04     3.01683e-75     4.94282e+04     0.00000e+00    -5.23348e+01     6.41836e+03    -2.72694e+01
    2.06150e-03     4.74809e+04     3.84052e-73     4.75381e+04     0.00000e+00    -5.23014e+01     6.25334e+03    -2.69192e+01
    2.11546e-03     4.56652e+04     4.31663e-71     4.57200e+04     0.00000e+00    -5.22673e+01     6.09254e+03    -2.65734e+01
    2.17083e-03     4.39186e+04     4.29727e-69     4.39712e+04     0.00000e+00    -5.22323e+01     5.93583e+03    -2.62321e+01
    2.22765e-03     4.22385e+04     3.80083e-67     4.22889e+04     0.00000e+00    -5.21964e+01     5.78312e+03    -2.58951e+01
    2.28595e-03     4.06223e+04     2.99578e-65     4.06707e+04     0.00000e+00    -5.21598e+01     5.63431e+03    -2.55624e+01
    2.34579e-03     3.90677e+04     2.11039e-63     3.91141e+04     0.00000e+00    -5.21223e+01     5.48930e+03    -2.52339e+01
    2.40718e-03     3.75724e+04     1.33254e-61     3.76168e+04     0.00000e+00    -5.20840e+01     5.34799e+03    -2.49096e+01
    2.47019e-03     3.61339e+04     7.56263e-60     3.61766e+04     0.00000e+00    -5.20449e+01     5.21028e+03    -2.45894e+01
    2.53484e-03     3.47503e+04     3.86832e-58     3.47911e+04     0.00000e+00    -5.20050e+01     5.07609e+03    -2.42733e+01
    2.60119e-03     3.34193e+04     1.78804e-56     3.34585e+04     0.00000e+00    -5.19642e+01     4.94532e+03    -2.39612e+01
    2.66927e-03     3.21391e+04     7.48792e-55     3.21766e+04     0.00000e+00    -5.19226e+01     4.81789e+03    -2.36530e+01
    2.73913e-03     3.09076e+04     2.84816e-53     3.09436e+04     0.00000e+00    -5.18802e+01     4.69371e+03    -2.33488e+01
    2.81083e-03     2.97231e+04     9.86398e-52     2.97576e+04     0.00000e+00    -5.18369e+01     4.57270e+03    -2.30484e+01
    2.88440e-03     2.85837e+04     3.11789e-50     2.86167e+04     0.00000e+00    -5.17928e+01     4.45478e+03    -2.27519e+01
    2.95989e-03     2.74877e+04     9.01579e-49     2.75193e+04     0.00000e+00    -5.17478e+01     4.33987e+03    -2.24591e+01
    3.03736e-03     2.64335e+04     2.39036e-47     2.64638e+04     0.00000e+00    -5.17020e+01     4.22789e+03    -2.21700e+01
    3.11686e-03     2.54195e+04     5.82373e-46     2.54485e+04     0.00000e+00    -5.16553e+01     4.11877e+03    -2.18846e+01
    3.19844e-03     2.44441e+04     1.30663e-44     2.44718e+04     0.00000e+00    -5.16078e+01     4.01244e+03    -2.16029e+01
    3.28216e-03     2.35059e+04     2.70538e-43     2.35325e+04     0.00000e+00    -5.15594e+01     3.90882e+03    -2.13247e+01
    3.36806e-03     2.26034e+04     5.17986e-42     2.26289e+04     0.00000e+00    -5.15102e+01     3.80784e+03    -2.10500e+01
    3.45622e-03     2.17354e+04     9.18939e-41     2.17598e+04     0.00000e+00    -5.14601e+01     3.70944e+03    -2.07788e+01
    3.54668e-03     2.09005e+04     1.51348e-39     2.09238e+04     0.00000e+00    -5.14091e+01     3.61356e+03    -2.05110e+01
    3.63951e-03     2.00974e+04     2.31854e-38     2.01197e+04     0.00000e+00    -5.13572e+01     3.52012e+03    -2.02466e+01
    3.73477e-03     1.93249e+04     3.30976e-37     1.93463e+04     0.00000e+00    -5.13045e+01     3.42907e+03    -1.99856e+01
    3.83252e-03     1.85819e+04     4.41068e-36     1.86023e+04     0.00000e+00    -5.12509e+01     3.34034e+03    -1.97279e+01
    3.93283e-03     1.78673e+04     5.49671e-35     1.78868e+04     0.00000e+00    -5.11963e+01     3.25388e+03    -1.94734e+01
    4.03577e-03     1.71799e+04     6.41695e-34     1.71986e+04     0.00000e+00    -5.11409e+01     3.16962e+03    -1.92222e+01
    4.14140e-03     1.65188e+04     7.02920e-33     1.65366e+04     0.00000e+00    -5.10846e+01     3.08752e+03    -1.89741e+01
    4.24979e-03     1.58828e+04     7.23667e-32     1.58999e+04     0.00000e+00    -5.10274e+01     3.00751e+03    -1.87292e+01
    4.36103e-03     1.52712e+04     7.01315e-31     1.52875e+04     0.00000e+00    -5.09692e+01     2.92955e+03    -1.84873e+01
    4.47517e-03     1.46829e+04     6.40764e-30     1.46984e+04     0.00000e+00    -5.09102e+01     2.85357e+03    -1.82486e+01
    4.59230e-03     1.41170e+04     5.52770e-29     1.41319e+04     0.00000e+00    -5.08502e+01     2.77954e+03    -1.80128e+01
    4.71250e-03     1.35728e+04     4.50907e-28     1.35870e+04     0.00000e+00    -5.07892e+01     2.70740e+03    -1.77800e+01
    4.83584e-03     1.30494e+04     3.48294e-27     1.30629e+04     0.00000e+00    -5.07273e+01     2.63710e+03    -1.75502e+01
    4.96241e-03     1.25459e+04     2.55107e-26     1.25588e+04     0.00000e+00    -5.06645e+01     2.56859e+03    -1.73232e+01
    5.09230e-03     1.20617e+04     1.77421e-25     1.20740e+04     0.00000e+00    -5.06007e+01     2.50184e+03    -1.70991e+01
    5.22558e-03     1.15960e+04     1.17318e-24     1.16077e+04     0.00000e+00    -5.05360e+01     2.43679e+03    -1.68779e+01
    5.36236e-03     1.11480e+04     7.38522e-24     1.11592e+04     0.00000e+00    -5.04703e+01     2.37340e+03    -1.66594e+01
    5.50271e-03     1.07172e+04     4.43140e-23     1.07279e+04     0.00000e+00    -5.04036e+01     2.31164e+03    -1.64437e+01
    5.64673e-03     1.03029e+04     2.53763e-22     1.03130e+04     0.00000e+00    -5.03359e+01     2.25145e+03    -1.62306e+01
    5.79453e-03     9.90437e+03     1.38849e-21     9.91406e+03     0.00000e+00    -5.02673e+01     2.19279e+03    -1.60203e+01
    5.94619e-03     9.52111e+03     7.26749e-21     9.53033e+03     0.00000e+00    -5.01976e+01     2.13564e+03    -1.58126e+01
    6.10183e-03     9.15250e+03     3.64289e-20     9.16128e+03     0.00000e+00    -5.01269e+01     2.07995e+03    -1.56076e+01
    6.26153e-03     8.79800e+03     1.75068e-19     8.80635e+03     0.00000e+00    -5.00552e+01     2.02568e+03    -1.54051e+01
    6.42542e-03     8.45706e+03     3.18891e+00     8.46500e+03     0.00000e+00    -4.99825e+01     1.97280e+03    -1.52051e+01
    6.59360e-03     8.12917e+03     3.14714e+00     8.13672e+03     0.00000e+00    -4.99087e+01     1.92127e+03    -1.50077e+01
    6.76618e-03     7.81382e+03     3.10591e+00     7.82100e+03     0.00000e+00    -4.98339e+01     1.87105e+03    -1.48127e+01
    6.94327e-03     7.51055e+03     3.06519e+00     7.51737e+03     0.00000e+00    -4.97580e+01     1.82212e+03    -1.46202e+01
    7.12500e-03     7.21890e+03     3.02498e+00     7.22537e+03     0.00000e+00    -4.96811e+01     1.77445e+03    -1.44301e+01
    7.31149e-03     6.93841e+03     2.98528e+00     6.94455e+03     0.00000e+00    -4.96031e+01     1.72799e+03    -1.42424e+01
    7.50286e-03     6.66868e+03     2.94608e+00     6.67450e+03     0.00000e+00    -4.95240e+01     1.68272e+03    -1.40571e+01
    7.69923e-03     6.40927e+03     2.90736e+00     6.41479e+03     0.00000e+00    -4.94438e+01     1.63860e+03    -1.38740e+01
    7.90075e-03     6.15981e+03     2.86914e+00     6.16504e+03     0.00000e+00    -4.93626e+01     1.59562e+03    -1.36933e+01
    8.10754e-03     5.91992e+03     2.83139e+00     5.92486e+03     0.00000e+00    -4.92802e+01     1.55373e+03    -1.35148e+01
    8.31975e-03     5.68922e+03     2.79412e+00     5.69390e+03     0.00000e+00    -4.91967e+01     1.51292e+03    -1.33386e+01
    8.53751e-03     5.46738e+03     2.75731e+00     5.47180e+03     0.00000e+00    -4.91120e+01     1.47315e+03    -1.31645e+01
    8.76096e-03     5.25404e+03     2.72096e+00     5.25822e+03     0.00000e+00    -4.90262e+01     1.43440e+03    -1.29926e+01
    8.99027e-03     5.04890e+03     2.68507e+00     5.05284e+03     0.00000e+00    -4.89393e+01     1.39664e+03    -1.28229e+01
    9.22558e-03     4.85163e+03     2.64963e+00     4.85534e+03     0.00000e+00    -4.88512e+01     1.35984e+03    -1.26553e+01
    9.46704e-03     4.66194e+03     2.61463e+00     4.66543e+03     0.00000e+00    -4.87619e+01     1.32399e+03    -1.24898e+01
    9.71483e-03     4.47953e+03     2.58007e+00     4.48282e+03     0.00000e+00    -4.86715e+01     1.28906e+03    -1.23263e+01
    9.96910e-03     4.30413e+03     2.54594e+00     4.30723e+03     0.00000e+00    -4.85799e+01     1.25502e+03    -1.21649e+01
    1.02300e-02     4.13548e+03     2.51223e+00     4.13838e+03     0.00000e+00    -4.84870e+01     1.22185e+03    -1.20055e+01
    1.04978e-02     3.97331e+03     2.47895e+00     3.97604e+03     0.00000e+00    -4.83929e+01     1.18953e+03    -1.18481e+01
    1.07726e-02     3.81738e+03     2.44608e+00     3.81993e+03     0.00000e+00    -4.82977e+01     1.15804e+03    -1.16926e+01
    1.10545e-02     3.66745e+03     2.41362e+00     3.66984e+03     0.00000e+00    -4.82011e+01     1.12736e+03    -1.15390e+01
    1.13438e-02     3.52329e+03     2.38157e+00     3.52552e+03     0.00000e+00    -4.81034e+01     1.09746e+03    -1.13874e+01
    1.16408e-02     3.38468e+03     2.34991e+00     3.38676e+03     0.00000e+00    -4.80043e+01     1.06833e+03    -1.12377e+01
    1.19454e-02     3.25141e+03     2.31865e+00     3.25335e+03     0.00000e+00    -4.79040e+01     1.03994e+03    -1.10898e+01
    1.22581e-02     3.12328e+03     2.28777e+00     3.12508e+03     0.00000e+00    -4.78024e+01     1.01229e+03    -1.09437e+01
    1.25789e-02     3.00009e+03     2.25728e+00     3.00175e+03     0.00000e+00    -4.76995e+01     9.85341e+02    -1.07995e+01
    1.29082e-02     2.88165e+03     2.22717e+00     2.88319e+03     0.00000e+00    -4.75953e+01     9.59085e+02    -1.06570e+01
    1.32460e-02     2.76778e+03     2.19743e+00     2.76920e+03     0.00000e+00    -4.74898e+01     9.33503e+02    -1.05163e+01
    1.35927e-02     2.65831e+03     2.16806e+00     2.65961e+03     0.00000e+00    -4.73830e+01     9.08578e+02    -1.03773e+01
    1.39485e-02     2.55306e+03     2.13905e+00     2.55425e+03     0.00000e+00    -4.72748e+01     8.84292e+02    -1.02401e+01
    1.43136e-02     2.45188e+03     2.11040e+00     2.45297e+03     0.00000e+00    -4.71653e+01     8.60630e+02    -1.01045e+01
    1.46882e-02     2.35461e+03     2.08211e+00     2.35560e+03     0.00000e+00    -4.70544e+01     8.37576e+02    -9.97067e+00
    1.50727e-02     2.26111e+03     2.05417e+00     2.26200e+03     4.28521e-10    -4.69421e+01     8.15114e+02    -9.83844e+00
    1.54672e-02     2.17122e+03     2.02657e+00     2.17202e+03     2.72736e-09    -4.68284e+01     7.93229e+02    -9.70785e+00
    1.58720e-02     2.08481e+03     1.99931e+00     2.08553e+03     5.08638e-09    -4.67133e+01     7.71906e+02    -9.57886e+00
    1.62874e-02     2.00175e+03     1.97239e+00     2.00238e+03     7.50713e-09    -4.65969e+01     7.51132e+02    -9.45145e+00
    1.67137e-02     1.92191e+03     1.94580e+00     1.92246e+03     9.99125e-09    -4.64790e+01     7.30892e+02    -9.32562e+00
    1.71512e-02     1.84517e+03     1.91954e+00     1.84565e+03     1.25404e-08    -4.63596e+01     7.11172e+02    -9.20133e+00
    1.76001e-02     1.77140e+03     1.89360e+00     1.77181e+03     1.51562e-08    -4.62388e+01     6.91960e+02    -9.07856e+00
    1.80608e-02     1.70050e+03     1.86799e+00     1.70084e+03     1.78406e-08    -4.61165e+01     6.73243e+02    -8.95730e+00
    1.85335e-02     1.63235e+03     1.84268e+00     1.63262e+03     2.05951e-08    -4.59928e+01     6.55008e+02    -8.83753e+00
    1.90186e-02     1.56685e+03     1.81769e+00     1.56706e+03     2.34218e-08    -4.58676e+01     6.37242e+02    -8.71922e+00
    1.95163e-02     1.50390e+03     1.79300e+00     1.50406e+03     2.63225e-08    -4.57409e+01     6.19934e+02    -8.60236e+00
    2.00272e-02     1.44340e+03     1.76862e+00     1.44350e+03     2.92991e-08    -4.56126e+01     6.03073e+02    -8.48693e+00
    2.05513e-02     1.38525e+03     1.74453e+00     1.38530e+03     3.23535e-08    -4.54829e+01     5.86646e+02    -8.37291e+00
    2.10892e-02     1.32938e+03     1.72074e+00     1.32938e+03     3.54880e-08    -4.53516e+01     5.70643e+02    -8.26028e+00
    2.16412e-02     1.27568e+03     1.69725e+00     1.27563e+03     3.87045e-08    -4.52187e+01     5.55053e+02    -8.14902e+00
    2.22077e-02     1.22408e+03     1.67403e+00     1.22398e+03     4.20051e-08    -4.50843e+01     5.39866e+02    -8.03912e+00
    2.27889e-02     1.17449e+03     1.65111e+00     1.17436e+03     4.53922e-08    -4.49484e+01     5.25071e+02    -7.93056e+00
    2.33854e-02     1.12684e+03     1.62846e+00     1.12667e+03     4.88679e-08    -4.48108e+01     5.10659e+02    -7.82332e+00
    2.39975e-02     1.08106e+03     1.60609e+00     1.08085e+03     5.24346e-08    -4.46717e+01     4.96619e+02    -7.71738e+00
    2.46256e-02     1.03707e+03     1.58399e+00     1.03682e+03     5.60946e-08    -4.45309e+01     4.82943e+02    -7.61273e+00
    2.52701e-02     9.94802e+02     1.56216e+00     9.94521e+02     5.98504e-08    -4.43886e+01     4.69620e+02    -7.50935e+00
    2.59315e-02     9.54193e+02     1.54060e+00     9.53881e+02     6.37045e-08    -4.42446e+01     4.56643e+02    -7.40722e+00
    2.66102e-02     9.15178e+02     1.51929e+00     9.14836e+02     6.76596e-08    -4.40989e+01     4.44002e+02    -7.30633e+00
    2.73067e-02     8.77697e+02     1.49825e+00     8.77327e+02     7.17181e-08    -4.39516e+01     4.31688e+02    -7.20666e+00
    2.80214e-02     8.41690e+02     1.47746e+00     8.41293e+02     7.58828e-08    -4.38027e+01     4.19695e+02    -7.10820e+00
    2.87549e-02     8.07100e+02     1.45693e+00     8.06679e+02     8.01566e-08    -4.36521e+01     4.08012e+02    -7.01092e+00
    2.95075e-02     7.73873e+02     1.43664e+00     7.73429e+02     8.45422e-08    -4.34998e+01     3.96633e+02    -6.91482e+00
    3.02798e-02     7.41957e+02     1.41660e+00     7.41491e+02     8.90426e-08    -4.33458e+01     3.85550e+02    -6.81988e+00
    3.10723e-02     7.11302e+02     1.39680e+00     7.10816e+02     9.36608e-08    -4.31901e+01     3.74755e+02    -6.72609e+00
    3.18856e-02     6.81858e+02     1.37725e+00     6.81353e+02     9.83999e-08    -4.30326e+01     3.64242e+02    -6.63342e+00
    3.27202e-02     6.53579e+02     1.35792e+00     6.53056e+02     1.03263e-07    -4.28735e+01     3.54002e+02    -6.54187e+00
    3.35766e-02     6.26421e+02     1.33883e+00     6.25882e+02     1.08253e-07    -4.27126e+01     3.44029e+02    -6.45142e+00
    3.44554e-02     6.00339e+02     1.31998e+00     5.99785e+02     1.13374e-07    -4.25500e+01     3.34316e+02    -6.36205e+00
    3.53572e-02     5.75294e+02     1.30134e+00     5.74726e+02     1.18629e-07    -4.23856e+01     3.24857e+02    -6.27376e+00
    3.62826e-02     5.51244e+02     1.28294e+00     5.50663e+02     1.24022e-07    -4.22195e+01     3.15645e+02    -6.18653e+00
    3.72323e-02     5.28151e+02     1.26475e+00     5.27559e+02     1.29556e-07    -4.20516e+01     3.06674e+02    -6.10034e+00
    3.82068e-02     5.05979e+02     1.24678e+00     5.05375e+02     1.35234e-07    -4.18819e+01     2.97938e+02    -6.01518e+00
    3.92068e-02     4.84692e+02     1.22903e+00     4.84078e+02     1.41062e-07    -4.17104e+01     2.89431e+02    -5.93105e+00
    4.02330e-02     4.64255e+02     1.21150e+00     4.63632e+02     1.47041e-07    -4.15371e+01     2.81147e+02    -5.84791e+00
    4.12860e-02     4.44636e+02     1.19417e+00     4.44005e+02     1.53177e-07    -4.13620e+01     2.73081e+02    -5.76577e+00
    4.23666e-02     4.25803e+02     1.17705e+00     4.25165e+02     1.59474e-07    -4.11851e+01     2.65227e+02    -5.68462e+00
    4.34755e-02     4.07726e+02     1.16014e+00     4.07082e+02     1.65936e-07    -4.10064e+01     2.57579e+02    -5.60443e+00
    4.46134e-02     3.90376e+02     1.14342e+00     3.89725e+02     1.72567e-07    -4.08259e+01     2.50133e+02    -5.52519e+00
    4.57811e-02     3.73723e+02     1.12691e+00     3.73068e+02     2.70559e-07    -4.06436e+01     2.42883e+02    -5.44690e+00
    4.69794e-02     3.57742e+02     1.11060e+00     3.57083e+02     4.17424e-07    -4.04594e+01     2.35824e+02    -5.36954e+00
    4.82090e-02     3.42407e+02     1.09448e+00     3.41743e+02     5.68132e-07    -4.02733e+01     2.28952e+02    -5.29310e+00
    4.94708e-02     3.27691e+02     1.07855e+00     3.27024e+02     7.22785e-07    -4.00855e+01     2.22262e+02    -5.21757e+00
    5.07657e-02     3.13572e+02     1.06282e+00     3.12902e+02     8.81486e-07    -3.98958e+01     2.15750e+02    -5.14293e+00
    5.20944e-02     3.00025e+02     1.04727e+00     2.99354e+02     1.04434e-06    -3.97042e+01     2.09410e+02    -5.06918e+00
    5.34579e-02     2.87029e+02     1.03190e+00     2.86356e+02     1.21146e-06    -3.95108e+01     2.03238e+02    -4.99631e+00
    5.48571e-02     2.74562e+02     1.01672e+00     2.73889e+02     1.38295e-06    -3.93155e+01     1.97231e+02    -4.92430e+00
    5.62929e-02     2.62604e+02     1.00172e+00     2.61930e+02     1.55893e-06    -3.91183e+01     1.91383e+02    -4.85314e+00
    5.77663e-02     2.51134e+02     9.86904e-01     2.50460e+02     1.73951e-06    -3.89193e+01     1.85692e+02    -4.78283e+00
    5.92782e-02     2.40134e+02     9.72259e-01     2.39461e+02     1.92483e-06    -3.87184e+01     1.80153e+02    -4.71334e+00
    6.08297e-02     2.29586e+02     9.57789e-01     2.28913e+02     2.11499e-06    -3.85157e+01     1.74762e+02    -4.64468e+00
    6.24219e-02     2.19471e+02     9.43491e-01     2.18800e+02     2.31013e-06    -3.83111e+01     1.69516e+02    -4.57683e+00
    6.40557e-02     2.09772e+02     9.29363e-01     2.09103e+02     2.51038e-06    -3.81047e+01     1.64410e+02    -4.50979e+00
    6.57323e-02     2.00474e+02     9.15403e-01     1.99807e+02     2.71586e-06    -3.78963e+01     1.59442e+02    -4.44353e+00
    6.74527e-02     1.91561e+02     9.01609e-01     1.90896e+02     2.92673e-06    -3.76862e+01     1.54608e+02    -4.37806e+00
    6.92182e-02     1.83017e+02     8.87979e-01     1.82355e+02     3.14312e-06    -3.74741e+01     1.49904e+02    -4.31336e+00
    7.10299e-02     1.74829e+02     8.74511e-01     1.74170e+02     3.36517e-06    -3.72602e+01     1.45328e+02    -4.24943e+00
    7.28890e-02     1.66981e+02     8.61203e-01     1.66325e+02     3.59303e-06    -3.70445e+01     1.40876e+02    -4.18625e+00
    7.47968e-02     1.59461e+02     8.48052e-01     1.58809e+02     3.82685e-06    -3.68269e+01     1.36544e+02    -4.12381e+00
    7.67545e-02     1.52256e+02     8.35058e-01     1.51607e+02     4.79597e-06    -3.66075e+01     1.32330e+02    -4.06211e+00
    7.87634e-02     1.45353e+02     8.22219e-01     1.44708e+02     5.87713e-06    -3.63863e+01     1.28232e+02    -4.00114e+00
    8.08249e-02     1.38740e+02     8.09532e-01     1.38100e+02     6.98659e-06    -3.61632e+01     1.24245e+02    -3.94089e+00
    8.29404e-02     1.32406e+02     7.96995e-01     1.31770e+02     8.12508e-06    -3.59383e+01     1.20367e+02    -3.88135e+00
    8.51113e-02     1.26340e+02     7.84608e-01     1.25709e+02     9.29337e-06    -3.57116e+01     1.16596e+02    -3.82252e+00
    8.73389e-02     1.20531e+02     7.72368e-01     1.19905e+02     1.04922e-05    -3.54832e+01     1.12929e+02    -3.76438e+00
    8.96249e-02     1.14969e+02     7.60273e-01     1.14348e+02     1.17225e-05    -3.52529e+01     1.09363e+02    -3.70692e+00
    9.19707e-02     1.09644e+02     7.48323e-01     1.09028e+02     1.29849e-05    -3.50209e+01     1.05895e+02    -3.65014e+00
    9.43779e-02     1.04546e+02     7.36514e-01     1.03936e+02     1.42804e-05    -3.47871e+01     1.02524e+02    -3.59404e+00
    9.68482e-02     9.96675e+01     7.24847e-01     9.90627e+01     1.56098e-05    -3.45515e+01     9.92459e+01    -3.53860e+00
    9.93830e-02     9.49984e+01     7.13318e-01     9.43992e+01     1.69740e-05    -3.43142e+01     9.60595e+01    -3.48381e+00
    1.01984e-01     9.05306e+01     7.01927e-01     8.99373e+01     1.83739e-05    -3.40752e+01     9.29621e+01    -3.42967e+00
    1.04654e-01     8.62562e+01     6.90671e-01     8.56687e+01     1.98105e-05    -3.38346e+01     8.99515e+01    -3.37618e+00
    1.07393e-01     8.21672e+01     6.79550e-01     8.15858e+01     2.30494e-05    -3.35922e+01     8.70255e+01    -3.32332e+00
    1.10204e-01     7.82563e+01     6.68562e-01     7.76809e+01     2.66353e-05    -3.33481e+01     8.41820e+01    -3.27108e+00
    1.13088e-01     7.45162e+01     6.57706e-01     7.39470e+01     3.03151e-05    -3.31025e+01     8.14189e+01    -3.21947e+00
    1.16048e-01     7.09400e+01     6.46980e-01     7.03771e+01     3.40912e-05    -3.28552e+01     7.87342e+01    -3.16846e+00
    1.19085e-01     6.75211e+01     6.36382e-01     6.69646e+01     3.79662e-05    -3.26062e+01     7.61258e+01    -3.11807e+00
    1.22202e-01     6.42531e+01     6.25912e-01     6.37030e+01     4.19425e-05    -3.23558e+01     7.35920e+01    -3.06828e+00
    1.25401e-01     6.11298e+01     6.15567e-01     6.05862e+01     4.60230e-05    -3.21037e+01     7.11306e+01    -3.01908e+00
    1.28683e-01     5.81454e+01     6.05347e-01     5.76083e+01     5.02102e-05    -3.18501e+01     6.87401e+01    -2.97047e+00
    1.32051e-01     5.52941e+01     5.95251e-01     5.47636e+01     5.45070e-05    -3.15951e+01     6.64184e+01    -2.92244e+00
    1.35507e-01     5.25705e+01     5.85276e-01     5.20466e+01     5.94034e-05    -3.13385e+01     6.41640e+01    -2.87498e+00
    1.39054e-01     4.99693e+01     5.75422e-01     4.94520e+01     6.73338e-05    -3.10805e+01     6.19750e+01    -2.82810e+00
    1.42694e-01     4.74855e+01     5.65688e-01     4.69749e+01     7.54717e-05    -3.08211e+01     5.98499e+01    -2.78178e+00
    1.46428e-01     4.51142e+01     5.56072e-01     4.46104e+01     8.38226e-05    -3.05603e+01     5.77870e+01    -2.73602e+00
    1.50261e-01     4.28508e+01     5.46573e-01     4.23537e+01     9.23922e-05    -3.02981e+01     5.57847e+01    -2.69081e+00
    1.54194e-01     4.06908e+01     5.37190e-01     4.02004e+01     1.01186e-04    -3.00347e+01     5.38415e+01    -2.64614e+00
    1.58230e-01     3.86298e+01     5.27922e-01     3.81462e+01     1.10210e-04    -2.97699e+01     5.19559e+01    -2.60202e+00
    1.62371e-01     3.66638e+01     5.18768e-01     3.61870e+01     1.19470e-04    -2.95039e+01     5.01264e+01    -2.55844e+00
    1.66621e-01     3.47888e+01     5.09726e-01     3.43187e+01     1.30703e-04    -2.92366e+01     4.83515e+01    -2.51539e+00
    1.70982e-01     3.30008e+01     5.00796e-01     3.25375e+01     1.45108e-04    -2.89682e+01     4.66299e+01    -2.47286e+00
    1.75457e-01     3.12963e+01     4.91976e-01     3.08398e+01     1.59891e-04    -2.86986e+01     4.49602e+01    -2.43086e+00
    1.80049e-01     2.96717e+01     4.83265e-01     2.92219e+01     1.75061e-04    -2.84280e+01     4.33411e+01    -2.38937e+00
    1.84762e-01     2.81236e+01     4.74663e-01     2.76806e+01     1.90628e-04    -2.81563e+01     4.17712e+01    -2.34839e+00
    1.89598e-01     2.66488e+01     4.66168e-01     2.62125e+01     2.06602e-04    -2.78835e+01     4.02493e+01    -2.30792e+00
    1.94560e-01     2.52441e+01     4.57780e-01     2.48145e+01     2.22994e-04    -2.76098e+01     3.87742e+01    -2.26795e+00
    1.99653e-01     2.39065e+01     4.49497e-01     2.34836e+01     2.44858e-04    -2.73352e+01     3.73446e+01    -2.22849e+00
    2.04878e-01     2.26331e+01     4.41318e-01     2.22168e+01     2.67783e-04    -2.70596e+01     3.59593e+01    -2.18951e+00
    2.10241e-01     2.14211e+01     4.33243e-01     2.10115e+01     2.91308e-04    -2.67833e+01     3.46172e+01    -2.15102e+00
    2.15744e-01     2.02679e+01     4.25271e-01     1.98649e+01     3.15448e-04    -2.65061e+01     3.33173e+01    -2.11302e+00
    2.21390e-01     1.91709e+01     4.17400e-01     1.87745e+01     3.40221e-04    -2.62282e+01     3.20582e+01    -2.07550e+00
    2.27185e-01     1.81277e+01     4.09630e-01     1.77378e+01     3.67885e-04    -2.59497e+01     3.08391e+01    -2.03845e+00
    2.33131e-01     1.71358e+01     4.01960e-01     1.67524e+01     4.00077e-04    -2.56704e+01     2.96588e+01    -2.00188e+00
    2.39233e-01     1.61930e+01     3.94390e-01     1.58161e+01     4.33111e-04    -2.53906e+01     2.85163e+01    -1.96577e+00
    2.45495e-01     1.52971e+01     3.86917e-01     1.49267e+01     4.67010e-04    -2.51103e+01     2.74107e+01    -1.93013e+00
    2.51920e-01     1.44461e+01     3.79542e-01     1.40820e+01     5.01797e-04    -2.48295e+01     2.63408e+01    -1.89496e+00
    2.58514e-01     1.36379e+01     3.72264e-01     1.32802e+01     5.40812e-04    -2.45482e+01     2.53059e+01    -1.86023e+00
    2.65280e-01     1.28706e+01     3.65081e-01     1.25192e+01     5.83833e-04    -2.42666e+01     2.43048e+01    -1.82597e+00
    2.72223e-01     1.21423e+01     3.57994e-01     1.17972e+01     6.27981e-04    -2.39847e+01     2.33368e+01    -1.79215e+00
    2.79349e-01     1.14513e+01     3.51000e-01     1.11124e+01     6.73284e-04    -2.37025e+01     2.24010e+01    -1.75878e+00
    2.86660e-01     1.07959e+01     3.44101e-01     1.04631e+01     7.21139e-04    -2.34201e+01     2.14964e+01    -1.72585e+00
    2.94163e-01     1.01744e+01     3.37294e-01     9.84771e+00     7.75019e-04    -2.31376e+01     2.06222e+01    -1.69336e+00
    3.01862e-01     9.58527e+00     3.30580e-01     9.26464e+00     8.30310e-04    -2.28550e+01     1.97776e+01    -1.66130e+00
    3.09763e-01     9.02702e+00     3.23956e-01     8.71238e+00     8.87048e-04    -2.25724e+01     1.89618e+01    -1.62968e+00
    3.17871e-01     8.49819e+00     3.17424e-01     8.18950e+00     9.47317e-04    -2.22898e+01     1.81739e+01    -1.59849e+00
    3.26191e-01     7.99741e+00     3.10981e-01     7.69460e+00     1.01299e-03    -2.20074e+01     1.74133e+01    -1.56773e+00
    3.34728e-01     7.52336e+00     3.04628e-01     7.22637e+00     1.08039e-03    -2.17251e+01     1.66791e+01    -1.53739e+00
    3.43489e-01     7.07475e+00     2.98364e-01     6.78353e+00     1.14955e-03    -2.14430e+01     1.59706e+01    -1.50747e+00
    3.52480e-01     6.65039e+00     2.92187e-01     6.36488e+00     1.22476e-03    -2.11612e+01     1.52870e+01    -1.47797e+00
    3.61705e-01     6.24909e+00     2.86098e-01     5.96924e+00     1.30281e-03    -2.08797e+01     1.46278e+01    -1.44888e+00
    3.71173e-01     5.86976e+00     2.80095e-01     5.59549e+00     1.38291e-03    -2.05987e+01     1.39921e+01    -1.42021e+00
    3.80887e-01     5.51133e+00     2.74179e-01     5.24258e+00     1.46786e-03    -2.03182e+01     1.33793e+01    -1.39194e+00
    3.90857e-01     5.17276e+00     2.68348e-01     4.90948e+00     1.55688e-03    -2.00382e+01     1.27888e+01    -1.36408e+00
    4.01087e-01     4.85308e+00     2.62602e-01     4.59521e+00     1.64822e-03    -1.97588e+01     1.22198e+01    -1.33662e+00
    4.11585e-01     4.55136e+00     2.56940e-01     4.29883e+00     1.74417e-03    -1.94801e+01     1.16718e+01    -1.30957e+00
    4.22357e-01     4.26670e+00     2.51361e-01     4.01944e+00     1.84397e-03    -1.92021e+01     1.11442e+01    -1.28291e+00
    4.33412e-01     3.99825e+00     2.45866e-01     3.75620e+00     1.94639e-03    -1.89249e+01     1.06363e+01    -1.25665e+00
    4.44756e-01     3.74518e+00     2.40452e-01     3.50827e+00     2.05397e-03    -1.86486e+01     1.01476e+01    -1.23078e+00
    4.56397e-01     3.50671e+00     2.35121e-01     3.27488e+00     2.16478e-03    -1.83732e+01     9.67743e+00    -1.20530e+00
    4.68342e-01     3.28209e+00     2.29871e-01     3.05529e+00     2.27893e-03    -1.80988e+01     9.22531e+00    -1.18020e+00
    4.80601e-01     3.07062e+00     2.24701e-01     2.84876e+00     2.39723e-03    -1.78255e+01     8.79067e+00    -1.15550e+00
    4.93180e-01     2.87160e+00     2.19612e-01     2.65462e+00     2.51863e-03    -1.75533e+01     8.37297e+00    -1.13117e+00
    5.06088e-01     2.68438e+00     2.14602e-01     2.47223e+00     2.64415e-03    -1.72822e+01     7.97168e+00    -1.10723e+00
    5.19334e-01     2.50834e+00     2.09671e-01     2.30094e+00     2.77311e-03    -1.70124e+01     7.58630e+00    -1.08366e+00
    5.32927e-01     2.34290e+00     2.04818e-01     2.14018e+00     2.90523e-03    -1.67439e+01     7.21633e+00    -1.06047e+00
    5.46876e-01     2.18747e+00     2.00044e-01     1.98937e+00     3.04065e-03    -1.64768e+01     6.86128e+00    -1.03765e+00
    5.61190e-01     2.04153e+00     1.95346e-01     1.84798e+00     3.17912e-03    -1.62111e+01     6.52067e+00    -1.01521e+00
    5.75878e-01     1.90455e+00     1.90725e-01     1.71549e+00     3.32052e-03    -1.59469e+01     6.19404e+00    -9.93131e-01
    5.90951e-01     1.77605e+00     1.86181e-01     1.59141e+00     3.46491e-03    -1.56842e+01     5.88095e+00    -9.71421e-01
    6.06418e-01     1.65556e+00     1.81712e-01     1.47526e+00     3.61193e-03    -1.54231e+01     5.58093e+00    -9.50074e-01
    6.22290e-01     1.54263e+00     1.77318e-01     1.36662e+00     3.76138e-03    -1.51637e+01     5.29357e+00    -9.29090e-01
    6.38578e-01     1.43684e+00     1.72998e-01     1.26505e+00     3.91301e-03    -1.49060e+01     5.01844e+00    -9.08466e-01
    6.55292e-01     1.33778e+00     1.68753e-01     1.17014e+00     4.06626e-03    -1.46500e+01     4.75514e+00    -8.88200e-01
    6.72443e-01     1.24508e+00     1.64581e-01     1.08153e+00     4.22202e-03    -1.43959e+01     4.50325e+00    -8.68289e-01
    6.90043e-01     1.15837e+00     1.60482e-01     9.98833e-01     4.37833e-03    -1.41437e+01     4.26240e+00    -8.48733e-01
    7.08104e-01     1.07731e+00     1.56456e-01     9.21715e-01     4.53732e-03    -1.38933e+01     4.03220e+00    -8.29528e-01
    7.26638e-01     1.00155e+00     1.52501e-01     8.49845e-01     4.69655e-03    -1.36450e+01     3.81228e+00    -8.10674e-01
    7.45657e-01     9.30800e-01     1.48618e-01     7.82911e-01     4.85626e-03    -1.33987e+01     3.60227e+00    -7.92167e-01
    7.65173e-01     8.64753e-01     1.44806e-01     7.20616e-01     5.01712e-03    -1.31545e+01     3.40183e+00    -7.74006e-01
    7.85201e-01     8.03131e-01     1.41064e-01     6.62679e-01     5.17701e-03    -1.29123e+01     3.21061e+00    -7.56190e-01
    8.05752e-01     7.45666e-01     1.37392e-01     6.08834e-01     5.33707e-03    -1.26724e+01     3.02828e+00    -7.38715e-01
    8.26842e-01     6.92108e-01     1.33789e-01     5.58831e-01     5.49704e-03    -1.24346e+01     2.85451e+00    -7.21590e-01
    8.48483e-01     6.42283e-01     1.30261e-01     5.12491e-01     5.65532e-03    -1.21991e+01     2.68899e+00    -7.05048e-01
    8.70691e-01     5.95896e-01     1.26800e-01     4.69523e-01     5.81221e-03    -1.19659e+01     2.53141e+00    -6.88848e-01
    8.93480e-01     5.52732e-01     1.23409e-01     4.29714e-01     5.96777e-03    -1.17351e+01     2.38146e+00    -6.72989e-01
    9.16866e-01     5.12590e-01     1.20084e-01     3.92861e-01     6.12150e-03    -1.15065e+01     2.23886e+00    -6.57468e-01
    9.40864e-01     4.75277e-01     1.16828e-01     3.58774e-01     6.27258e-03    -1.12804e+01     2.10332e+00    -6.42285e-01
    9.65489e-01     4.40614e-01     1.13638e-01     3.27271e-01     6.42100e-03    -1.10568e+01     1.97457e+00    -6.27439e-01
    9.90760e-01     4.08430e-01     1.10514e-01     2.98184e-01     6.56661e-03    -1.08356e+01     1.85235e+00    -6.12928e-01
    1.01669e+00     3.78564e-01     1.07457e-01     2.71350e-01     6.70911e-03    -1.06169e+01     1.73638e+00    -5.98752e-01
    1.04330e+00     3.50863e-01     1.04465e-01     2.46619e-01     6.84818e-03    -1.04007e+01     1.62642e+00    -5.84908e-01
    1.07061e+00     3.25186e-01     1.01538e-01     2.23848e-01     6.98329e-03    -1.01871e+01     1.52223e+00    -5.71397e-01
    1.09863e+00     3.01397e-01     9.86759e-02     2.02902e-01     7.11438e-03    -9.97602e+00     1.42356e+00    -5.58217e-01
    1.12739e+00     2.79370e-01     9.58783e-02     1.83655e-01     7.24119e-03    -9.76758e+00     1.33019e+00    -5.45367e-01
    1.15689e+00     2.58985e-01     9.31447e-02     1.65988e-01     7.36341e-03    -9.56177e+00     1.24188e+00    -5.32847e-01
    1.18717e+00     2.40131e-01     9.04747e-02     1.49789e-01     7.48083e-03    -9.35860e+00     1.15844e+00    -5.20655e-01
    1.21825e+00     2.22702e-01     8.78681e-02     1.34953e-01     7.59330e-03    -9.15810e+00     1.07964e+00    -5.08792e-01
    1.25013e+00     2.06598e-01     8.53243e-02     1.21381e-01     7.70072e-03    -8.96028e+00     1.00528e+00    -4.97256e-01
    1.28285e+00     1.91729e-01     8.28432e-02     1.08982e-01     7.80284e-03    -8.76516e+00     9.35167e-01    -4.86046e-01
    1.31643e+00     1.78006e-01     8.04243e-02     9.76671e-02     7.89945e-03    -8.57275e+00     8.69109e-01    -4.75163e-01
    1.35089e+00     1.65347e-01     7.80674e-02     8.73567e-02     7.99109e-03    -8.38306e+00     8.06920e-01    -4.64606e-01
    1.38624e+00     1.53678e-01     7.57722e-02     7.79743e-02     8.07795e-03    -8.19611e+00     7.48423e-01    -4.54373e-01
    1.42253e+00     1.42926e-01     7.35385e-02     6.94488e-02     8.15948e-03    -8.01189e+00     6.93445e-01    -4.44464e-01
    1.45976e+00     1.33026e-01     7.13658e-02     6.17137e-02     8.23504e-03    -7.83042e+00     6.41821e-01    -4.34879e-01
    1.49797e+00     1.23913e-01     6.92541e-02     5.47069e-02     8.30482e-03    -7.65171e+00     5.93388e-01    -4.25617e-01
    1.53717e+00     1.15532e-01     6.72030e-02     4.83706e-02     8.37062e-03    -7.47575e+00     5.47993e-01    -4.16678e-01
    1.57741e+00     1.07826e-01     6.52123e-02     4.26507e-02     8.43110e-03    -7.30256e+00     5.05484e-01    -4.08059e-01
    1.61869e+00     1.00746e-01     6.32817e-02     3.74967e-02     8.48557e-03    -7.13212e+00     4.65718e-01    -3.99761e-01
    1.66106e+00     9.42449e-02     6.14111e-02     3.28619e-02     8.53663e-03    -6.96444e+00     4.28556e-01    -3.91782e-01
    1.70454e+00     8.82785e-02     5.96003e-02     2.87027e-02     8.58203e-03    -6.79951e+00     3.93863e-01    -3.84120e-01
    1.74915e+00     8.28062e-02     5.78489e-02     2.49784e-02     8.62360e-03    -6.63734e+00     3.61511e-01    -3.76775e-01
    1.79493e+00     7.77902e-02     5.61567e-02     2.16514e-02     8.66037e-03    -6.47791e+00     3.31374e-01    -3.69743e-01
    1.84191e+00     7.31952e-02     5.45236e-02     1.86869e-02     8.69371e-03    -6.32122e+00     3.03334e-01    -3.63024e-01
    1.89012e+00     6.89887e-02     5.29491e-02     1.60524e-02     8.72237e-03    -6.16726e+00     2.77276e-01    -3.56614e-01
    1.93959e+00     6.51403e-02     5.14331e-02     1.37179e-02     8.74835e-03    -6.01602e+00     2.53089e-01    -3.50511e-01
    1.99036e+00     6.16221e-02     4.99751e-02     1.16557e-02     8.77053e-03    -5.86748e+00     2.30667e-01    -3.44710e-01
    2.04245e+00     5.84081e-02     4.85748e-02     9.84025e-03     8.78926e-03    -5.72165e+00     2.09910e-01    -3.39209e-01
    2.09591e+00     5.54741e-02     4.72317e-02     8.24782e-03     8.80550e-03    -5.57850e+00     1.90718e-01    -3.34002e-01
    2.15077e+00     5.27980e-02     4.59453e-02     6.85669e-03     8.81925e-03    -5.43801e+00     1.73000e-01    -3.29085e-01
    2.20706e+00     5.03591e-02     4.47151e-02     5.64682e-03     8.83044e-03    -5.30018e+00     1.56666e-01    -3.24452e-01
    2.26483e+00     4.81384e-02     4.35403e-02     4.59984e-03     8.83942e-03    -5.16498e+00     1.41630e-01    -3.20097e-01
    2.32411e+00     4.61183e-02     4.24202e-02     3.69890e-03     8.84639e-03    -5.03240e+00     1.27810e-01    -3.16014e-01
    2.38494e+00     4.42826e-02     4.13538e-02     2.92863e-03     8.85170e-03    -4.90241e+00     1.15130e-01    -3.12195e-01
    2.44736e+00     4.26161e-02     4.03403e-02     2.27502e-03     8.85546e-03    -4.77499e+00     1.03513e-01    -3.08633e-01
    2.51142e+00     4.11051e-02     3.93783e-02     1.72537e-03     8.85796e-03    -4.65013e+00     9.28902e-02    -3.05319e-01
    2.57715e+00     3.97367e-02     3.84665e-02     1.26824e-03     8.85934e-03    -4.52780e+00     8.31933e-02    -3.02244e-01
    2.64461e+00     3.84991e-02     3.76033e-02     8.93392e-04     8.86017e-03    -4.40798e+00     7.43582e-02    -2.99400e-01
    2.71382e+00     3.73814e-02     3.67867e-02     5.91811e-04     8.86059e-03    -4.29063e+00     6.63240e-02    -2.96776e-01
    2.78485e+00     3.63734e-02     3.60144e-02     3.55793e-04     8.86045e-03    -4.17574e+00     5.90327e-02    -2.94363e-01
    2.85774e+00     3.54658e-02     3.52831e-02     1.79238e-04     8.86064e-03    -4.06328e+00     5.24296e-02    -2.92151e-01
    2.93254e+00     3.46500e-02     3.45876e-02     5.86450e-05     8.86140e-03    -3.95322e+00     4.64624e-02    -2.90129e-01
    3.00930e+00     3.39180e-02     3.39140e-02     1.42508e-25     8.86403e-03    -3.84553e+00     4.10817e-02    -2.88286e-01
    3.08806e+00     3.32622e-02     3.32581e-02    -3.07632e-21     8.86847e-03    -3.74019e+00     3.62404e-02    -2.86612e-01
    3.16889e+00     3.26757e-02     3.26715e-02    -8.05670e-21     8.87118e-03    -3.63716e+00     3.18932e-02    -2.85095e-01
    3.25183e+00     3.21521e-02     3.21479e-02    -1.37097e-20     8.87173e-03    -3.53642e+00     2.79979e-02    -2.83725e-01
    3.33694e+00     3.16856e-02     3.16812e-02    -1.95590e-20     8.87077e-03    -3.43793e+00     2.45155e-02    -2.82491e-01
    3.42428e+00     3.12706e-02     3.12662e-02    -2.53410e-20     8.86882e-03    -3.34167e+00     2.14093e-02    -2.81383e-01
    3.51391e+00     3.09024e-02     3.08981e-02    -3.08980e-20     8.86630e-03    -3.24761e+00     1.86457e-02    -2.80391e-01
    3.60588e+00     3.05764e-02     3.05720e-02    -3.61356e-20     8.86348e-03    -3.15570e+00     1.61932e-02    -2.79506e-01
    3.70026e+00     3.02884e-02     3.02841e-02    -4.10001e-20     8.86058e-03    -3.06591e+00     1.40227e-02    -2.78719e-01
    3.79711e+00     3.00348e-02     3.00306e-02    -4.54649e-20     8.85772e-03    -2.97822e+00     1.21073e-02    -2.78021e-01
    3.89649e+00     2.98120e-02     2.98078e-02    -4.95227e-20     8.85500e-03    -2.89258e+00     1.04221e-02    -2.77405e-01
    3.99848e+00     2.96169e-02     2.96128e-02    -5.31789e-20     8.85270e-03    -2.80896e+00     8.94419e-03    -2.76863e-01
    4.10313e+00     2.94465e-02     2.94424e-02    -5.64479e-20     8.85069e-03    -2.72733e+00     7.65226e-03    -2.76387e-01
    4.21053e+00     2.92983e-02     2.92942e-02    -5.93504e-20     8.84907e-03    -2.64764e+00     6.52681e-03    -2.75972e-01
    4.32073e+00     2.91697e-02     2.91657e-02    -6.19106e-20     8.84773e-03    -2.56987e+00     5.54987e-03    -2.75610e-01
    4.43382e+00     2.90586e-02     2.90547e-02    -6.41551e-20     8.84678e-03    -2.49397e+00     4.70496e-03    -2.75297e-01
    4.54987e+00     2.89629e-02     2.89591e-02    -6.61111e-20     8.84610e-03    -2.41992e+00     3.97699e-03    -2.75027e-01
    4.66895e+00     2.88807e-02     2.88771e-02    -6.78062e-20     8.84563e-03    -2.34766e+00     3.35220e-03    -2.74794e-01
    4.79116e+00     2.88106e-02     2.88070e-02    -6.92673e-20     8.84534e-03    -2.27718e+00     2.81806e-03    -2.74595e-01
    4.91656e+00     2.87508e-02     2.87473e-02    -7.05201e-20     8.84517e-03    -2.20843e+00     2.36325e-03    -2.74425e-01
    5.04524e+00     2.87002e-02     2.86968e-02    -7.15887e-20     8.84511e-03    -2.14137e+00     1.97755e-03    -2.74281e-01
    5.17730e+00     2.86574e-02     2.86540e-02    -7.24958e-20     8.84513e-03    -2.07598e+00     1.65177e-03    -2.74159e-01
    5.31281e+00     2.86214e-02     2.86181e-02    -7.32620e-20     8.84514e-03    -2.01221e+00     1.37771e-03    -2.74057e-01
    5.45186e+00     2.85912e-02     2.85880e-02    -7.39063e-20     8.84519e-03    -1.95003e+00     1.14808e-03    -2.73971e-01
    5.59456e+00     2.85660e-02     2.85629e-02    -7.44456e-20     8.84522e-03    -1.88940e+00     9.56429e-04    -2.73899e-01
    5.74099e+00     2.85450e-02     2.85420e-02    -7.48952e-20     8.84523e-03    -1.83029e+00     7.97096e-04    -2.73839e-01
    5.89125e+00     2.85276e-02     2.85247e-02    -7.52683e-20     8.84524e-03    -1.77266e+00     6.65126e-04    -2.73789e-01
    6.04544e+00     2.85133e-02     2.85105e-02    -7.55768e-20     8.84521e-03    -1.71649e+00     5.56218e-04    -2.73748e-01
    6.20368e+00     2.85015e-02     2.84987e-02    -7.58310e-20     8.84517e-03    -1.66173e+00     4.66651e-04    -2.73714e-01
    6.36605e+00     2.84918e-02     2.84891e-02    -7.60396e-20     8.84511e-03    -1.60836e+00     3.93233e-04    -2.73686e-01
    6.53267e+00     2.84838e-02     2.84812e-02    -7.62104e-20     8.84503e-03    -1.55633e+00     3.33236e-04    -2.73664e-01
    6.70365e+00     2.84773e-02     2.84748e-02    -7.63497e-20     8.84495e-03    -1.50562e+00     2.84343e-04    -2.73645e-01
    6.87911e+00     2.84720e-02     2.84696e-02    -7.64631e-20     8.84486e-03    -1.45620e+00     2.44599e-04    -2.73630e-01
    7.05917e+00     2.84677e-02     2.84653e-02    -7.65552e-20     8.84476e-03    -1.40803e+00     2.12365e-04    -2.73618e-01
    7.24393e+00     2.84642e-02     2.84619e-02    -7.66299e-20     8.84467e-03    -1.36109e+00     1.86277e-04    -2.73608e-01
    7.43353e+00     2.84614e-02     2.84591e-02    -7.66904e-20     8.84458e-03    -1.31533e+00     1.65191e-04    -2.73600e-01
    7.62809e+00     2.84591e-02     2.84569e-02    -7.67392e-20     8.84449e-03    -1.27075e+00     1.48168e-04    -2.73593e-01
    7.82775e+00     2.84572e-02     2.84550e-02    -7.67788e-20     8.84442e-03    -1.22729e+00     1.34428e-04    -2.73588e-01
    8.03263e+00     2.84557e-02     2.84536e-02    -7.68108e-20     8.84434e-03    -1.18494e+00     1.23332e-04    -2.73583e-01
    8.24287e+00     2.84544e-02     2.84524e-02    -7.68368e-20     8.84427e-03    -1.14367e+00     1.14355e-04    -2.73580e-01
    8.45862e+00     2.84534e-02     2.84514e-02    -7.68579e-20     8.84421e-03    -1.10345e+00     1.07072e-04    -2.73577e-01
    8.68001e+00     2.84526e-02     2.84506e-02    -7.68752e-20     8.84415e-03    -1.06426e+00     1.01140e-04    -2.73574e-01
    8.90720e+00     2.84519e-02     2.84499e-02    -7.68894e-20     8.84410e-03    -1.02606e+00     9.62785e-05    -2.73572e-01
    9.14033e+00     2.84513e-02     2.84494e-02    -7.69012e-20     8.84405e-03    -9.88842e-01     9.22660e-05    -2.73571e-01
    9.37957e+00     2.84508e-02     2.84490e-02    -7.69110e-20     8.84400e-03    -9.52569e-01     8.89370e-05    -2.73569e-01
    9.62506e+00     2.84503e-02     2.84486e-02    -7.69194e-20     8.84396e-03    -9.17221e-01     8.61288e-05    -2.73568e-01
    9.87699e+00     2.84500e-02     2.84482e-02    -7.69266e-20     8.84391e-03    -8.82774e-01     8.37283e-05    -2.73567e-01
    1.01355e+01     2.84497e-02     2.84480e-02    -7.69328e-20     8.84387e-03    -8.49205e-01     8.16654e-05    -2.73566e-01
    1.04008e+01     2.84494e-02     2.84477e-02    -7.69382e-20     8.84383e-03    -8.16492e-01     7.98729e-05    -2.73565e-01
    1.06730e+01     2.84491e-02     2.84475e-02    -7.69430e-20     8.84380e-03    -7.84614e-01     7.82984e-05    -2.73564e-01
    1.09524e+01     2.84489e-02     2.84473e-02    -7.69473e-20     8.84376e-03    -7.53548e-01     7.69017e-05    -2.73564e-01
    1.12390e+01     2.84487e-02     2.84471e-02    -7.69511e-20     8.84373e-03    -7.23275e-01     7.56518e-05    -2.73563e-01
    1.15332e+01     2.84485e-02     2.84470e-02    -7.69546e-20     8.84369e-03    -6.93773e-01     7.45252e-05    -2.73563e-01
    1.18351e+01     2.84483e-02     2.84468e-02    -7.69578e-20     8.84366e-03    -6.65024e-01     7.35035e-05    -2.73562e-01
    1.21448e+01     2.84481e-02     2.84467e-02    -7.69607e-20     8.84363e-03    -6.37009e-01     7.25717e-05    -2.73562e-01
    1.24627e+01     2.84480e-02     2.84466e-02    -7.69634e-20     8.84360e-03    -6.09708e-01     7.17163e-05    -2.73561e-01
    1.27889e+01     2.84478e-02     2.84464e-02    -7.69659e-20     8.84358e-03    -5.83103e-01     7.09266e-05    -2.73561e-01
    1.31236e+01     2.84477e-02     2.84463e-02    -7.69682e-20     8.84355e-03    -5.57176e-01     7.02109e-05    -2.73560e-01
    1.34671e+01     2.84476e-02     2.84462e-02    -7.69703e-20     8.84353e-03    -5.31911e-01     6.95472e-05    -2.73560e-01
    1.38196e+01     2.84474e-02     2.84461e-02    -7.69723e-20     8.84350e-03    -5.07290e-01     6.89314e-05    -2.73560e-01
    1.41813e+01     2.84473e-02     2.84461e-02    -7.69741e-20     8.84348e-03    -4.83298e-01     6.83592e-05    -2.73559e-01
    1.45525e+01     2.84472e-02     2.84460e-02    -7.69758e-20     8.84346e-03    -4.59917e-01     6.78322e-05    -2.73559e-01
    1.49334e+01     2.84471e-02     2.84459e-02    -7.69774e-20     8.84344e-03    -4.37132e-01     6.73468e-05    -2.73559e-01
    1.53242e+01     2.84470e-02     2.84458e-02    -7.69789e-20     8.84342e-03    -4.14929e-01     6.68953e-05    -2.73558e-01
    1.57253e+01     2.84469e-02     2.84458e-02    -7.69803e-20     8.84341e-03    -3.93292e-01     6.64757e-05    -2.73558e-01
    1.61369e+01     2.84469e-02     2.84457e-02    -7.69816e-20     8.84339e-03    -3.72206e-01     6.60886e-05    -2.73558e-01
    1.65593e+01     2.84468e-02     2.84457e-02    -7.69828e-20     8.84337e-03    -3.51659e-01     6.57286e-05    -2.73558e-01
    1.69927e+01     2.84467e-02     2.84456e-02    -7.69839e-20     8.84336e-03    -3.31636e-01     6.53907e-05    -2.73558e-01
    1.74375e+01     2.84466e-02     2.84456e-02    -7.69850e-20     8.84334e-03    -3.12123e-01     6.50741e-05    -2.73557e-01
    1.78939e+01     2.84466e-02     2.84455e-02    -7.69860e-20     8.84333e-03    -2.93108e-01     6.47834e-05    -2.73557e-01
    1.83622e+01     2.84465e-02     2.84455e-02    -7.69869e-20     8.84331e-03    -2.74578e-01     6.45124e-05    -2.73557e-01
    1.88428e+01     2.84465e-02     2.84454e-02    -7.69878e-20     8.84330e-03    -2.56520e-01     6.42578e-05    -2.73557e-01
    1.93360e+01     2.84464e-02     2.84454e-02    -7.69886e-20     8.84329e-03    -2.38924e-01     6.40187e-05    -2.73557e-01
    1.98421e+01     2.84463e-02     2.84454e-02    -7.69894e-20     8.84328e-03    -2.21776e-01     6.37958e-05    -2.73556e-01
    2.03614e+01     2.84463e-02     2.84453e-02    -7.69902e-20     8.84326e-03    -2.05065e-01     6.35823e-05    -2.73556e-01
    2.08944e+01     2.84462e-02     2.84453e-02    -7.69909e-20     8.84325e-03    -1.88780e-01     6.33793e-05    -2.73556e-01
    2.14413e+01     2.84462e-02     2.84453e-02    -7.69915e-20     8.84324e-03    -1.72911e-01     6.31869e-05    -2.73556e-01
    2.20024e+01     2.84462e-02     2.84452e-02    -7.69922e-20     8.84323e-03    -1.57447e-01     6.29999e-05    -2.73556e-01
    2.25783e+01     2.84461e-02     2.84452e-02    -7.69928e-20     8.84322e-03    -1.42377e-01     6.28172e-05    -2.73556e-01
    2.31693e+01     2.84461e-02     2.84452e-02    -7.69934e-20     8.84322e-03    -1.27692e-01     6.26351e-05    -2.73556e-01
    2.37757e+01     2.84460e-02     2.84451e-02    -7.69940e-20     8.84321e-03    -1.13381e-01     6.24467e-05    -2.73556e-01
    2.43980e+01     2.84460e-02     2.84451e-02    -7.69947e-20     8.84320e-03    -9.94348e-02     6.22385e-05    -2.73555e-01
    2.50366e+01     2.84460e-02     2.84451e-02    -7.69955e-20     8.84319e-03    -8.58446e-02     6.19825e-05    -2.73555e-01
    2.56919e+01     2.84459e-02     2.84450e-02    -7.69966e-20     8.84318e-03    -7.26012e-02     6.16191e-05    -2.73555e-01
    2.63643e+01     2.84458e-02     2.84449e-02    -7.69984e-20     8.84317e-03    -5.96959e-02     6.10114e-05    -2.73555e-01
    2.70544e+01     2.84456e-02     2.84448e-02    -7.70018e-20     8.84317e-03    -4.71203e-02     5.98220e-05    -2.73554e-01
    2.77625e+01     2.84453e-02     2.84444e-02    -7.70093e-20     8.84316e-03    -3.48669e-02     5.72010e-05    -2.73553e-01
    2.84892e+01     2.84445e-02     2.84436e-02    -7.70268e-20     8.84314e-03    -2.29296e-02     5.10472e-05    -2.73551e-01
    2.92348e+01     2.84426e-02     2.84417e-02    -7.70690e-20     8.84309e-03    -1.13056e-02     3.62632e-05    -2.73546e-01
    3.00000e+01     2.84378e-02     2.84370e-02    -7.71723e-20     8.84194e-03     0.00000e+00     0.00000e+00    -2.73532e-01
