# All units in [AU] if not specified
{"name":"Aluminum", "Z":13, "Zstar":3.739079582534025, "A":28,  "μ[AU]": 1.133e-01, "T[AU]": 3.675e-02, "rs[AU]": 3.000e+00 }
	 r[AU]  	 n[AU]  	 nf[AU]  	 nb[AU]     n_ion[AU]    (φ_e+φ_ions)[AU]   φtotal[AU]     δVxc/δρ[Au]  
    9.00000e-03     5.10154e+03     2.57077e+00     5.09896e+03     0.00000e+00    -4.06372e+01     1.40092e+03    -1.71046e+01
    1.80000e-02     1.73434e+03     1.79406e+00     1.73255e+03     0.00000e+00    -4.06372e+01     6.78696e+02    -1.19711e+01
    2.70000e-02     9.07834e+02     1.44573e+00     9.06388e+02     0.00000e+00    -3.97093e+01     4.38883e+02    -9.66789e+00
    3.60000e-02     5.67517e+02     1.23605e+00     5.66281e+02     0.00000e+00    -3.85945e+01     3.19628e+02    -8.28101e+00
    4.50000e-02     3.91205e+02     1.09178e+00     3.90113e+02     0.00000e+00    -3.74712e+01     2.48529e+02    -7.32650e+00
    5.40000e-02     2.86954e+02     9.84523e-01     2.85970e+02     0.00000e+00    -3.63923e+01     2.01460e+02    -6.61672e+00
    6.30000e-02     2.19752e+02     9.00642e-01     2.18852e+02     0.00000e+00    -3.53717e+01     1.68089e+02    -6.06152e+00
    7.20000e-02     1.73708e+02     8.32654e-01     1.72875e+02     0.00000e+00    -3.44105e+01     1.43256e+02    -5.61145e+00
    8.10000e-02     1.40694e+02     7.76065e-01     1.39918e+02     0.00000e+00    -3.35055e+01     1.24099e+02    -5.23676e+00
    9.00000e-02     1.16174e+02     7.27985e-01     1.15446e+02     0.00000e+00    -3.26525e+01     1.08903e+02    -4.91837e+00
    9.90000e-02     9.74442e+01     6.86462e-01     9.67577e+01     0.00000e+00    -3.18470e+01     9.65772e+01    -4.64336e+00
    1.08000e-01     8.28058e+01     6.50120e-01     8.21557e+01     0.00000e+00    -3.10847e+01     8.63968e+01    -4.40264e+00
    1.17000e-01     7.11445e+01     6.17961e-01     7.05265e+01     0.00000e+00    -3.03618e+01     7.78605e+01    -4.18960e+00
    1.26000e-01     6.17035e+01     5.89235e-01     6.11143e+01     0.00000e+00    -2.96748e+01     7.06109e+01    -3.99929e+00
    1.35000e-01     5.39537e+01     5.63372e-01     5.33903e+01     0.00000e+00    -2.90207e+01     6.43867e+01    -3.82792e+00
    1.44000e-01     4.75153e+01     5.39925e-01     4.69754e+01     0.00000e+00    -2.83969e+01     5.89920e+01    -3.67255e+00
    1.53000e-01     4.21101e+01     5.18541e-01     4.15915e+01     0.00000e+00    -2.78008e+01     5.42776e+01    -3.53083e+00
    1.62000e-01     3.75299e+01     4.98934e-01     3.70310e+01     0.00000e+00    -2.72305e+01     5.01275e+01    -3.40089e+00
    1.71000e-01     3.36168e+01     4.80873e-01     3.31359e+01     0.00000e+00    -2.66840e+01     4.64505e+01    -3.28118e+00
    1.80000e-01     3.02487e+01     4.64165e-01     2.97846e+01     0.00000e+00    -2.61596e+01     4.31737e+01    -3.17043e+00
    1.89000e-01     2.73305e+01     4.48652e-01     2.68819e+01     0.00000e+00    -2.56558e+01     4.02384e+01    -3.06760e+00
    1.98000e-01     2.47868e+01     4.34198e-01     2.43526e+01     0.00000e+00    -2.51712e+01     3.75964e+01    -2.97178e+00
    2.07000e-01     2.25573e+01     4.20689e-01     2.21366e+01     0.00000e+00    -2.47046e+01     3.52084e+01    -2.88223e+00
    2.16000e-01     2.05933e+01     4.08029e-01     2.01853e+01     0.00000e+00    -2.42549e+01     3.30414e+01    -2.79830e+00
    2.25000e-01     1.88554e+01     3.96133e-01     1.84593e+01     0.00000e+00    -2.38210e+01     3.10679e+01    -2.71943e+00
    2.34000e-01     1.73109e+01     3.84929e-01     1.69259e+01     0.00000e+00    -2.34020e+01     2.92646e+01    -2.64514e+00
    2.43000e-01     1.59329e+01     3.74353e-01     1.55585e+01     0.00000e+00    -2.29971e+01     2.76120e+01    -2.57503e+00
    2.52000e-01     1.46990e+01     3.64350e-01     1.43346e+01     0.00000e+00    -2.26054e+01     2.60930e+01    -2.50870e+00
    2.61000e-01     1.35904e+01     3.54872e-01     1.32355e+01     0.00000e+00    -2.22263e+01     2.46932e+01    -2.44586e+00
    2.70000e-01     1.25911e+01     3.45874e-01     1.22453e+01     0.00000e+00    -2.18591e+01     2.34001e+01    -2.38620e+00
    2.79000e-01     1.16879e+01     3.37319e-01     1.13506e+01     0.00000e+00    -2.15032e+01     2.22029e+01    -2.32948e+00
    2.88000e-01     1.08691e+01     3.29172e-01     1.05399e+01     0.00000e+00    -2.11580e+01     2.10920e+01    -2.27546e+00
    2.97000e-01     1.01250e+01     3.21404e-01     9.80356e+00     0.00000e+00    -2.08230e+01     2.00592e+01    -2.22396e+00
    3.06000e-01     9.44703e+00     3.13985e-01     9.13305e+00     0.00000e+00    -2.04976e+01     1.90971e+01    -2.17478e+00
    3.15000e-01     8.82798e+00     3.06893e-01     8.52108e+00     0.00000e+00    -2.01815e+01     1.81994e+01    -2.12775e+00
    3.24000e-01     8.26145e+00     3.00104e-01     7.96135e+00     0.00000e+00    -1.98743e+01     1.73603e+01    -2.08275e+00
    3.33000e-01     7.74194e+00     2.93598e-01     7.44834e+00     0.00000e+00    -1.95754e+01     1.65747e+01    -2.03962e+00
    3.42000e-01     7.26460e+00     2.87356e-01     6.97724e+00     0.00000e+00    -1.92846e+01     1.58382e+01    -1.99824e+00
    3.51000e-01     6.82520e+00     2.81363e-01     6.54384e+00     0.00000e+00    -1.90015e+01     1.51466e+01    -1.95851e+00
    3.60000e-01     6.42001e+00     2.75602e-01     6.14441e+00     0.00000e+00    -1.87258e+01     1.44964e+01    -1.92033e+00
    3.69000e-01     6.04575e+00     2.70059e-01     5.77569e+00     0.00000e+00    -1.84572e+01     1.38843e+01    -1.88359e+00
    3.78000e-01     5.69949e+00     2.64722e-01     5.43476e+00     0.00000e+00    -1.81953e+01     1.33073e+01    -1.84822e+00
    3.87000e-01     5.37865e+00     2.59579e-01     5.11907e+00     0.00000e+00    -1.79400e+01     1.27629e+01    -1.81414e+00
    3.96000e-01     5.08093e+00     2.54619e-01     4.82631e+00     0.00000e+00    -1.76909e+01     1.22485e+01    -1.78127e+00
    4.05000e-01     4.80429e+00     2.49831e-01     4.55446e+00     0.00000e+00    -1.74478e+01     1.17621e+01    -1.74955e+00
    4.14000e-01     4.54688e+00     2.45207e-01     4.30168e+00     0.00000e+00    -1.72105e+01     1.13016e+01    -1.71891e+00
    4.23000e-01     4.30707e+00     2.40737e-01     4.06633e+00     0.00000e+00    -1.69787e+01     1.08652e+01    -1.68930e+00
    4.32000e-01     4.08337e+00     2.36414e-01     3.84695e+00     0.00000e+00    -1.67523e+01     1.04514e+01    -1.66067e+00
    4.41000e-01     3.87446e+00     2.32230e-01     3.64222e+00     0.00000e+00    -1.65311e+01     1.00584e+01    -1.63296e+00
    4.50000e-01     3.67913e+00     2.28179e-01     3.45095e+00     0.00000e+00    -1.63149e+01     9.68511e+00    -1.60614e+00
    4.59000e-01     3.49631e+00     2.24254e-01     3.27205e+00     0.00000e+00    -1.61035e+01     9.33009e+00    -1.58015e+00
    4.68000e-01     3.32501e+00     2.20448e-01     3.10456e+00     0.00000e+00    -1.58967e+01     8.99221e+00    -1.55495e+00
    4.77000e-01     3.16435e+00     2.16757e-01     2.94759e+00     0.00000e+00    -1.56944e+01     8.67041e+00    -1.53052e+00
    4.86000e-01     3.01352e+00     2.13174e-01     2.80034e+00     0.00000e+00    -1.54964e+01     8.36369e+00    -1.50681e+00
    4.95000e-01     2.87178e+00     2.09696e-01     2.66208e+00     0.00000e+00    -1.53026e+01     8.07114e+00    -1.48379e+00
    5.04000e-01     2.73846e+00     2.06317e-01     2.53215e+00     0.00000e+00    -1.51128e+01     7.79191e+00    -1.46143e+00
    5.13000e-01     2.61296e+00     2.03033e-01     2.40993e+00     0.00000e+00    -1.49270e+01     7.52522e+00    -1.43971e+00
    5.22000e-01     2.49472e+00     1.99839e-01     2.29487e+00     0.00000e+00    -1.47450e+01     7.27034e+00    -1.41859e+00
    5.31000e-01     2.38321e+00     1.96733e-01     2.18648e+00     0.00000e+00    -1.45666e+01     7.02660e+00    -1.39805e+00
    5.40000e-01     2.27798e+00     1.93710e-01     2.08427e+00     0.00000e+00    -1.43918e+01     6.79337e+00    -1.37806e+00
    5.49000e-01     2.17860e+00     1.90766e-01     1.98783e+00     0.00000e+00    -1.42205e+01     6.57007e+00    -1.35860e+00
    5.58000e-01     2.08467e+00     1.87900e-01     1.89677e+00     0.00000e+00    -1.40524e+01     6.35616e+00    -1.33966e+00
    5.67000e-01     1.99583e+00     1.85107e-01     1.81072e+00     0.00000e+00    -1.38877e+01     6.15113e+00    -1.32121e+00
    5.76000e-01     1.91174e+00     1.82385e-01     1.72935e+00     0.00000e+00    -1.37261e+01     5.95450e+00    -1.30323e+00
    5.85000e-01     1.83209e+00     1.79731e-01     1.65236e+00     0.00000e+00    -1.35675e+01     5.76585e+00    -1.28570e+00
    5.94000e-01     1.75660e+00     1.77142e-01     1.57946e+00     0.00000e+00    -1.34119e+01     5.58475e+00    -1.26861e+00
    6.03000e-01     1.68501e+00     1.74616e-01     1.51039e+00     0.00000e+00    -1.32592e+01     5.41081e+00    -1.25193e+00
    6.12000e-01     1.61707e+00     1.72151e-01     1.44492e+00     0.00000e+00    -1.31093e+01     5.24369e+00    -1.23566e+00
    6.21000e-01     1.55256e+00     1.69744e-01     1.38281e+00     0.00000e+00    -1.29621e+01     5.08303e+00    -1.21978e+00
    6.30000e-01     1.49126e+00     1.67393e-01     1.32387e+00     0.00000e+00    -1.28175e+01     4.92852e+00    -1.20428e+00
    6.39000e-01     1.43299e+00     1.65096e-01     1.26789e+00     0.00000e+00    -1.26755e+01     4.77986e+00    -1.18914e+00
    6.48000e-01     1.37756e+00     1.62852e-01     1.21471e+00     0.00000e+00    -1.25361e+01     4.63678e+00    -1.17434e+00
    6.57000e-01     1.32481e+00     1.60658e-01     1.16415e+00     0.00000e+00    -1.23990e+01     4.49899e+00    -1.15989e+00
    6.66000e-01     1.27458e+00     1.58513e-01     1.11606e+00     0.00000e+00    -1.22644e+01     4.36626e+00    -1.14576e+00
    6.75000e-01     1.22672e+00     1.56415e-01     1.07030e+00     0.00000e+00    -1.21320e+01     4.23836e+00    -1.13194e+00
    6.84000e-01     1.18110e+00     1.54363e-01     1.02673e+00     0.00000e+00    -1.20019e+01     4.11505e+00    -1.11843e+00
    6.93000e-01     1.13759e+00     1.52354e-01     9.85234e-01     0.00000e+00    -1.18740e+01     3.99613e+00    -1.10522e+00
    7.02000e-01     1.09608e+00     1.50389e-01     9.45687e-01     0.00000e+00    -1.17482e+01     3.88141e+00    -1.09228e+00
    7.11000e-01     1.05645e+00     1.48464e-01     9.07983e-01     0.00000e+00    -1.16245e+01     3.77069e+00    -1.07963e+00
    7.20000e-01     1.01860e+00     1.46579e-01     8.72021e-01     0.00000e+00    -1.15029e+01     3.66380e+00    -1.06724e+00
    7.29000e-01     9.82440e-01     1.44733e-01     8.37706e-01     0.00000e+00    -1.13832e+01     3.56058e+00    -1.05511e+00
    7.38000e-01     9.47873e-01     1.42924e-01     8.04948e-01     0.00000e+00    -1.12654e+01     3.46087e+00    -1.04323e+00
    7.47000e-01     9.14817e-01     1.41152e-01     7.73665e-01     0.00000e+00    -1.11495e+01     3.36451e+00    -1.03159e+00
    7.56000e-01     8.83192e-01     1.39415e-01     7.43777e-01     0.00000e+00    -1.10355e+01     3.27137e+00    -1.02019e+00
    7.65000e-01     8.52924e-01     1.37711e-01     7.15212e-01     0.00000e+00    -1.09233e+01     3.18130e+00    -1.00901e+00
    7.74000e-01     8.23943e-01     1.36041e-01     6.87901e-01     0.00000e+00    -1.08128e+01     3.09420e+00    -9.98060e-01
    7.83000e-01     7.96183e-01     1.34403e-01     6.61779e-01     0.00000e+00    -1.07040e+01     3.00992e+00    -9.87324e-01
    7.92000e-01     7.69583e-01     1.32796e-01     6.36786e-01     0.00000e+00    -1.05969e+01     2.92836e+00    -9.76796e-01
    8.01000e-01     7.44083e-01     1.31220e-01     6.12863e-01     0.00000e+00    -1.04914e+01     2.84942e+00    -9.66471e-01
    8.10000e-01     7.19631e-01     1.29672e-01     5.89958e-01     0.00000e+00    -1.03875e+01     2.77297e+00    -9.56344e-01
    8.19000e-01     6.96174e-01     1.28154e-01     5.68020e-01     0.00000e+00    -1.02852e+01     2.69893e+00    -9.46408e-01
    8.28000e-01     6.73664e-01     1.26663e-01     5.47001e-01     0.00000e+00    -1.01844e+01     2.62720e+00    -9.36659e-01
    8.37000e-01     6.52055e-01     1.25199e-01     5.26856e-01     0.00000e+00    -1.00851e+01     2.55770e+00    -9.27091e-01
    8.46000e-01     6.31304e-01     1.23761e-01     5.07543e-01     0.00000e+00    -9.98721e+00     2.49033e+00    -9.17700e-01
    8.55000e-01     6.11370e-01     1.22349e-01     4.89021e-01     0.00000e+00    -9.89077e+00     2.42501e+00    -9.08480e-01
    8.64000e-01     5.92215e-01     1.20961e-01     4.71254e-01     0.00000e+00    -9.79573e+00     2.36168e+00    -8.99427e-01
    8.73000e-01     5.73803e-01     1.19598e-01     4.54204e-01     0.00000e+00    -9.70205e+00     2.30025e+00    -8.90537e-01
    8.82000e-01     5.56098e-01     1.18258e-01     4.37840e-01     0.00000e+00    -9.60970e+00     2.24064e+00    -8.81805e-01
    8.91000e-01     5.39069e-01     1.16941e-01     4.22128e-01     0.00000e+00    -9.51865e+00     2.18281e+00    -8.73228e-01
    9.00000e-01     5.22685e-01     1.15646e-01     4.07038e-01     0.00000e+00    -9.42888e+00     2.12668e+00    -8.64801e-01
    9.09000e-01     5.06917e-01     1.14374e-01     3.92543e-01     0.00000e+00    -9.34036e+00     2.07218e+00    -8.56520e-01
    9.18000e-01     4.91737e-01     1.13122e-01     3.78614e-01     0.00000e+00    -9.25307e+00     2.01927e+00    -8.48382e-01
    9.27000e-01     4.77119e-01     1.11891e-01     3.65227e-01     0.00000e+00    -9.16697e+00     1.96788e+00    -8.40384e-01
    9.36000e-01     4.63038e-01     1.10680e-01     3.52357e-01     0.00000e+00    -9.08205e+00     1.91795e+00    -8.32521e-01
    9.45000e-01     4.49470e-01     1.09488e-01     3.39982e-01     0.00000e+00    -8.99827e+00     1.86945e+00    -8.24791e-01
    9.54000e-01     4.36395e-01     1.08316e-01     3.28078e-01     0.00000e+00    -8.91563e+00     1.82232e+00    -8.17191e-01
    9.63000e-01     4.23789e-01     1.07163e-01     3.16626e-01     0.00000e+00    -8.83408e+00     1.77651e+00    -8.09716e-01
    9.72000e-01     4.11634e-01     1.06027e-01     3.05606e-01     0.00000e+00    -8.75362e+00     1.73198e+00    -8.02365e-01
    9.81000e-01     3.99909e-01     1.04910e-01     2.94999e-01     0.00000e+00    -8.67422e+00     1.68867e+00    -7.95134e-01
    9.90000e-01     3.88598e-01     1.03809e-01     2.84788e-01     0.00000e+00    -8.59586e+00     1.64656e+00    -7.88021e-01
    9.99000e-01     3.77682e-01     1.02726e-01     2.74956e-01     0.00000e+00    -8.51852e+00     1.60561e+00    -7.81022e-01
    1.00800e+00     3.67145e-01     1.01659e-01     2.65486e-01     0.00000e+00    -8.44217e+00     1.56576e+00    -7.74136e-01
    1.01700e+00     3.56972e-01     1.00608e-01     2.56363e-01     0.00000e+00    -8.36681e+00     1.52699e+00    -7.67359e-01
    1.02600e+00     3.47148e-01     9.95736e-02     2.47574e-01     0.00000e+00    -8.29241e+00     1.48927e+00    -7.60690e-01
    1.03500e+00     3.37658e-01     9.85541e-02     2.39103e-01     0.00000e+00    -8.21895e+00     1.45255e+00    -7.54125e-01
    1.04400e+00     3.28489e-01     9.75496e-02     2.30939e-01     0.00000e+00    -8.14642e+00     1.41680e+00    -7.47663e-01
    1.05300e+00     3.19628e-01     9.65599e-02     2.23068e-01     0.00000e+00    -8.07479e+00     1.38200e+00    -7.41301e-01
    1.06200e+00     3.11063e-01     9.55846e-02     2.15479e-01     0.00000e+00    -8.00406e+00     1.34811e+00    -7.35036e-01
    1.07100e+00     3.02783e-01     9.46233e-02     2.08159e-01     0.00000e+00    -7.93419e+00     1.31511e+00    -7.28868e-01
    1.08000e+00     2.94775e-01     9.36759e-02     2.01099e-01     0.00000e+00    -7.86519e+00     1.28296e+00    -7.22794e-01
    1.08900e+00     2.87030e-01     9.27418e-02     1.94288e-01     0.00000e+00    -7.79703e+00     1.25164e+00    -7.16811e-01
    1.09800e+00     2.79538e-01     9.18209e-02     1.87716e-01     0.00000e+00    -7.72969e+00     1.22113e+00    -7.10919e-01
    1.10700e+00     2.72287e-01     9.09129e-02     1.81374e-01     0.00000e+00    -7.66317e+00     1.19139e+00    -7.05114e-01
    1.11600e+00     2.65270e-01     9.00175e-02     1.75252e-01     0.00000e+00    -7.59745e+00     1.16241e+00    -6.99396e-01
    1.12500e+00     2.58478e-01     8.91345e-02     1.69343e-01     0.00000e+00    -7.53250e+00     1.13416e+00    -6.93762e-01
    1.13400e+00     2.51901e-01     8.82635e-02     1.63637e-01     0.00000e+00    -7.46833e+00     1.10663e+00    -6.88211e-01
    1.14300e+00     2.45532e-01     8.74043e-02     1.58128e-01     0.00000e+00    -7.40491e+00     1.07978e+00    -6.82741e-01
    1.15200e+00     2.39364e-01     8.65568e-02     1.52807e-01     0.00000e+00    -7.34224e+00     1.05360e+00    -6.77350e-01
    1.16100e+00     2.33388e-01     8.57205e-02     1.47667e-01     0.00000e+00    -7.28029e+00     1.02806e+00    -6.72038e-01
    1.17000e+00     2.27597e-01     8.48954e-02     1.42702e-01     0.00000e+00    -7.21906e+00     1.00316e+00    -6.66802e-01
    1.17900e+00     2.21986e-01     8.40811e-02     1.37904e-01     0.00000e+00    -7.15854e+00     9.78869e-01    -6.61640e-01
    1.18800e+00     2.16547e-01     8.32775e-02     1.33269e-01     0.00000e+00    -7.09870e+00     9.55170e-01    -6.56552e-01
    1.19700e+00     2.11274e-01     8.24844e-02     1.28789e-01     0.00000e+00    -7.03955e+00     9.32047e-01    -6.51536e-01
    1.20600e+00     2.06161e-01     8.17015e-02     1.24459e-01     0.00000e+00    -6.98106e+00     9.09483e-01    -6.46591e-01
    1.21500e+00     2.01203e-01     8.09286e-02     1.20274e-01     0.00000e+00    -6.92324e+00     8.87463e-01    -6.41715e-01
    1.22400e+00     1.96393e-01     8.01656e-02     1.16227e-01     0.00000e+00    -6.86606e+00     8.65970e-01    -6.36907e-01
    1.23300e+00     1.91727e-01     7.94122e-02     1.12315e-01     0.00000e+00    -6.80951e+00     8.44990e-01    -6.32166e-01
    1.24200e+00     1.87200e-01     7.86683e-02     1.08532e-01     0.00000e+00    -6.75359e+00     8.24509e-01    -6.27490e-01
    1.25100e+00     1.82807e-01     7.79336e-02     1.04873e-01     0.00000e+00    -6.69829e+00     8.04512e-01    -6.22879e-01
    1.26000e+00     1.78543e-01     7.72081e-02     1.01335e-01     0.00000e+00    -6.64359e+00     7.84986e-01    -6.18331e-01
    1.26900e+00     1.74404e-01     7.64915e-02     9.79126e-02     0.00000e+00    -6.58948e+00     7.65919e-01    -6.13845e-01
    1.27800e+00     1.70386e-01     7.57836e-02     9.46019e-02     0.00000e+00    -6.53596e+00     7.47297e-01    -6.09420e-01
    1.28700e+00     1.66483e-01     7.50844e-02     9.13989e-02     0.00000e+00    -6.48301e+00     7.29108e-01    -6.05055e-01
    1.29600e+00     1.62694e-01     7.43935e-02     8.83000e-02     0.00000e+00    -6.43063e+00     7.11341e-01    -6.00748e-01
    1.30500e+00     1.59013e-01     7.37110e-02     8.53015e-02     0.00000e+00    -6.37881e+00     6.93984e-01    -5.96500e-01
    1.31400e+00     1.55437e-01     7.30366e-02     8.23999e-02     0.00000e+00    -6.32754e+00     6.77026e-01    -5.92308e-01
    1.32300e+00     1.51962e-01     7.23702e-02     7.95919e-02     0.00000e+00    -6.27681e+00     6.60456e-01    -5.88172e-01
    1.33200e+00     1.48586e-01     7.17116e-02     7.68742e-02     0.00000e+00    -6.22661e+00     6.44265e-01    -5.84091e-01
    1.34100e+00     1.45305e-01     7.10607e-02     7.42439e-02     0.00000e+00    -6.17693e+00     6.28442e-01    -5.80064e-01
    1.35000e+00     1.42115e-01     7.04174e-02     7.16978e-02     0.00000e+00    -6.12776e+00     6.12978e-01    -5.76090e-01
    1.35900e+00     1.39015e-01     6.97815e-02     6.92332e-02     0.00000e+00    -6.07911e+00     5.97863e-01    -5.72169e-01
    1.36800e+00     1.36000e-01     6.91529e-02     6.68473e-02     0.00000e+00    -6.03095e+00     5.83088e-01    -5.68298e-01
    1.37700e+00     1.33069e-01     6.85315e-02     6.45374e-02     0.00000e+00    -5.98328e+00     5.68644e-01    -5.64479e-01
    1.38600e+00     1.30218e-01     6.79171e-02     6.23011e-02     0.00000e+00    -5.93610e+00     5.54523e-01    -5.60709e-01
    1.39500e+00     1.27446e-01     6.73097e-02     6.01358e-02     0.00000e+00    -5.88939e+00     5.40716e-01    -5.56988e-01
    1.40400e+00     1.24748e-01     6.67090e-02     5.80393e-02     0.00000e+00    -5.84315e+00     5.27216e-01    -5.53315e-01
    1.41300e+00     1.22124e-01     6.61150e-02     5.60092e-02     0.00000e+00    -5.79738e+00     5.14015e-01    -5.49690e-01
    1.42200e+00     1.19571e-01     6.55277e-02     5.40434e-02     0.00000e+00    -5.75206e+00     5.01105e-01    -5.46111e-01
    1.43100e+00     1.17087e-01     6.49468e-02     5.21398e-02     0.00000e+00    -5.70719e+00     4.88479e-01    -5.42579e-01
    1.44000e+00     1.14669e-01     6.43722e-02     5.02964e-02     0.00000e+00    -5.66276e+00     4.76130e-01    -5.39091e-01
    1.44900e+00     1.12315e-01     6.38039e-02     4.85112e-02     0.00000e+00    -5.61876e+00     4.64051e-01    -5.35649e-01
    1.45800e+00     1.10024e-01     6.32418e-02     4.67823e-02     0.00000e+00    -5.57520e+00     4.52235e-01    -5.32250e-01
    1.46700e+00     1.07794e-01     6.26857e-02     4.51079e-02     0.00000e+00    -5.53206e+00     4.40676e-01    -5.28895e-01
    1.47600e+00     1.05622e-01     6.21356e-02     4.34864e-02     0.00000e+00    -5.48933e+00     4.29368e-01    -5.25582e-01
    1.48500e+00     1.03507e-01     6.15914e-02     4.19160e-02     0.00000e+00    -5.44702e+00     4.18304e-01    -5.22311e-01
    1.49400e+00     1.01448e-01     6.10529e-02     4.03950e-02     0.00000e+00    -5.40510e+00     4.07479e-01    -5.19082e-01
    1.50300e+00     9.94422e-02     6.05201e-02     3.89220e-02     0.00000e+00    -5.36359e+00     3.96887e-01    -5.15894e-01
    1.51200e+00     9.74884e-02     5.99929e-02     3.74954e-02     0.00000e+00    -5.32247e+00     3.86522e-01    -5.12746e-01
    1.52100e+00     9.55852e-02     5.94712e-02     3.61138e-02     0.00000e+00    -5.28174e+00     3.76379e-01    -5.09638e-01
    1.53000e+00     9.37308e-02     5.89549e-02     3.47758e-02     0.00000e+00    -5.24139e+00     3.66453e-01    -5.06569e-01
    1.53900e+00     9.19241e-02     5.84439e-02     3.34800e-02     0.00000e+00    -5.20142e+00     3.56738e-01    -5.03539e-01
    1.54800e+00     9.01635e-02     5.79382e-02     3.22251e-02     0.00000e+00    -5.16181e+00     3.47230e-01    -5.00547e-01
    1.55700e+00     8.84477e-02     5.74377e-02     3.10099e-02     0.00000e+00    -5.12258e+00     3.37923e-01    -4.97593e-01
    1.56600e+00     8.67755e-02     5.69423e-02     2.98331e-02     0.00000e+00    -5.08370e+00     3.28814e-01    -4.94676e-01
    1.57500e+00     8.51456e-02     5.64519e-02     2.86936e-02     0.00000e+00    -5.04518e+00     3.19897e-01    -4.91795e-01
    1.58400e+00     8.35568e-02     5.59665e-02     2.75902e-02     0.00000e+00    -5.00701e+00     3.11168e-01    -4.88951e-01
    1.59300e+00     8.20079e-02     5.54859e-02     2.65218e-02     0.00000e+00    -4.96919e+00     3.02623e-01    -4.86142e-01
    1.60200e+00     8.04977e-02     5.50102e-02     2.54875e-02     0.00000e+00    -4.93171e+00     2.94257e-01    -4.83369e-01
    1.61100e+00     7.90253e-02     5.45391e-02     2.44861e-02     0.00000e+00    -4.89457e+00     2.86067e-01    -4.80631e-01
    1.62000e+00     7.75895e-02     5.40728e-02     2.35166e-02     0.00000e+00    -4.85775e+00     2.78049e-01    -4.77927e-01
    1.62900e+00     7.61893e-02     5.36111e-02     2.25782e-02     0.00000e+00    -4.82127e+00     2.70198e-01    -4.75257e-01
    1.63800e+00     7.48238e-02     5.31539e-02     2.16698e-02     0.00000e+00    -4.78511e+00     2.62511e-01    -4.72621e-01
    1.64700e+00     7.34920e-02     5.27012e-02     2.07907e-02     0.00000e+00    -4.74927e+00     2.54985e-01    -4.70018e-01
    1.65600e+00     7.21929e-02     5.22529e-02     1.99399e-02     0.00000e+00    -4.71374e+00     2.47615e-01    -4.67448e-01
    1.66500e+00     7.09256e-02     5.18090e-02     1.91166e-02     0.00000e+00    -4.67852e+00     2.40399e-01    -4.64911e-01
    1.67400e+00     6.96894e-02     5.13693e-02     1.83200e-02     0.00000e+00    -4.64361e+00     2.33333e-01    -4.62405e-01
    1.68300e+00     6.84833e-02     5.09339e-02     1.75493e-02     0.00000e+00    -4.60900e+00     2.26413e-01    -4.59932e-01
    1.69200e+00     6.73066e-02     5.05027e-02     1.68038e-02     0.00000e+00    -4.57469e+00     2.19637e-01    -4.57489e-01
    1.70100e+00     6.61584e-02     5.00757e-02     1.60827e-02     0.00000e+00    -4.54067e+00     2.13001e-01    -4.55078e-01
    1.71000e+00     6.50380e-02     4.96527e-02     1.53853e-02     0.00000e+00    -4.50695e+00     2.06503e-01    -4.52697e-01
    1.71900e+00     6.39447e-02     4.92337e-02     1.47109e-02     0.00000e+00    -4.47351e+00     2.00139e-01    -4.50347e-01
    1.72800e+00     6.28778e-02     4.88187e-02     1.40590e-02     0.00000e+00    -4.44035e+00     1.93906e-01    -4.48027e-01
    1.73700e+00     6.18365e-02     4.84076e-02     1.34288e-02     0.00000e+00    -4.40748e+00     1.87803e-01    -4.45737e-01
    1.74600e+00     6.08202e-02     4.80004e-02     1.28197e-02     0.00000e+00    -4.37488e+00     1.81825e-01    -4.43476e-01
    1.75500e+00     5.98282e-02     4.75971e-02     1.22311e-02     0.00000e+00    -4.34255e+00     1.75971e-01    -4.41244e-01
    1.76400e+00     5.88600e-02     4.71975e-02     1.16624e-02     0.00000e+00    -4.31049e+00     1.70238e-01    -4.39041e-01
    1.77300e+00     5.79148e-02     4.68016e-02     1.11132e-02     0.00000e+00    -4.27869e+00     1.64623e-01    -4.36867e-01
    1.78200e+00     5.69922e-02     4.64095e-02     1.05827e-02     0.00000e+00    -4.24716e+00     1.59124e-01    -4.34721e-01
    1.79100e+00     5.60915e-02     4.60209e-02     1.00706e-02     0.00000e+00    -4.21589e+00     1.53739e-01    -4.32603e-01
    1.80000e+00     5.52122e-02     4.56360e-02     9.57620e-03     0.00000e+00    -4.18487e+00     1.48465e-01    -4.30512e-01
    1.80900e+00     5.43538e-02     4.52546e-02     9.09913e-03     0.00000e+00    -4.15410e+00     1.43300e-01    -4.28450e-01
    1.81800e+00     5.35157e-02     4.48768e-02     8.63888e-03     0.00000e+00    -4.12359e+00     1.38241e-01    -4.26414e-01
    1.82700e+00     5.26974e-02     4.45024e-02     8.19497e-03     0.00000e+00    -4.09331e+00     1.33287e-01    -4.24406e-01
    1.83600e+00     5.18984e-02     4.41314e-02     7.76696e-03     0.00000e+00    -4.06329e+00     1.28436e-01    -4.22424e-01
    1.84500e+00     5.11183e-02     4.37639e-02     7.35441e-03     0.00000e+00    -4.03350e+00     1.23685e-01    -4.20469e-01
    1.85400e+00     5.03566e-02     4.33996e-02     6.95690e-03     0.00000e+00    -4.00395e+00     1.19032e-01    -4.18540e-01
    1.86300e+00     4.96128e-02     4.30388e-02     6.57402e-03     0.00000e+00    -3.97463e+00     1.14476e-01    -4.16638e-01
    1.87200e+00     4.88865e-02     4.26811e-02     6.20537e-03     0.00000e+00    -3.94554e+00     1.10014e-01    -4.14761e-01
    1.88100e+00     4.81774e-02     4.23268e-02     5.85056e-03     0.00000e+00    -3.91668e+00     1.05646e-01    -4.12910e-01
    1.89000e+00     4.74849e-02     4.19756e-02     5.50924e-03     0.00000e+00    -3.88805e+00     1.01368e-01    -4.11084e-01
    1.89900e+00     4.68086e-02     4.16276e-02     5.18103e-03     0.00000e+00    -3.85964e+00     9.71789e-02    -4.09284e-01
    1.90800e+00     4.61483e-02     4.12827e-02     4.86558e-03     0.00000e+00    -3.83145e+00     9.30777e-02    -4.07509e-01
    1.91700e+00     4.55035e-02     4.09409e-02     4.56256e-03     0.00000e+00    -3.80348e+00     8.90622e-02    -4.05758e-01
    1.92600e+00     4.48738e-02     4.06021e-02     4.27164e-03     0.00000e+00    -3.77572e+00     8.51309e-02    -4.04033e-01
    1.93500e+00     4.42590e-02     4.02664e-02     3.99251e-03     0.00000e+00    -3.74818e+00     8.12822e-02    -4.02331e-01
    1.94400e+00     4.36586e-02     3.99337e-02     3.72485e-03     0.00000e+00    -3.72084e+00     7.75144e-02    -4.00655e-01
    1.95300e+00     4.30723e-02     3.96039e-02     3.46837e-03     0.00000e+00    -3.69371e+00     7.38261e-02    -3.99002e-01
    1.96200e+00     4.24998e-02     3.92770e-02     3.22279e-03     0.00000e+00    -3.66679e+00     7.02158e-02    -3.97373e-01
    1.97100e+00     4.19408e-02     3.89530e-02     2.98782e-03     0.00000e+00    -3.64007e+00     6.66820e-02    -3.95768e-01
    1.98000e+00     4.13950e-02     3.86318e-02     2.76320e-03     0.00000e+00    -3.61354e+00     6.32234e-02    -3.94187e-01
    1.98900e+00     4.08621e-02     3.83134e-02     2.54868e-03     0.00000e+00    -3.58722e+00     5.98385e-02    -3.92630e-01
    1.99800e+00     4.03418e-02     3.79977e-02     2.34399e-03     0.00000e+00    -3.56109e+00     5.65260e-02    -3.91095e-01
    2.00700e+00     3.98338e-02     3.76848e-02     2.14892e-03     0.00000e+00    -3.53516e+00     5.32847e-02    -3.89584e-01
    2.01600e+00     3.93378e-02     3.73746e-02     1.96322e-03     0.00000e+00    -3.50941e+00     5.01131e-02    -3.88096e-01
    2.02500e+00     3.88536e-02     3.70669e-02     1.78668e-03     0.00000e+00    -3.48385e+00     4.70101e-02    -3.86631e-01
    2.03400e+00     3.83810e-02     3.67618e-02     1.61909e-03     0.00000e+00    -3.45848e+00     4.39744e-02    -3.85188e-01
    2.04300e+00     3.79196e-02     3.64593e-02     1.46025e-03     0.00000e+00    -3.43330e+00     4.10049e-02    -3.83769e-01
    2.05200e+00     3.74692e-02     3.61592e-02     1.30997e-03     0.00000e+00    -3.40829e+00     3.81003e-02    -3.82371e-01
    2.06100e+00     3.70297e-02     3.58616e-02     1.16808e-03     0.00000e+00    -3.38347e+00     3.52596e-02    -3.80997e-01
    2.07000e+00     3.66007e-02     3.55663e-02     1.03442e-03     0.00000e+00    -3.35882e+00     3.24817e-02    -3.79644e-01
    2.07900e+00     3.61820e-02     3.52732e-02     9.08815e-04     0.00000e+00    -3.33435e+00     2.97653e-02    -3.78313e-01
    2.08800e+00     3.57735e-02     3.49824e-02     7.91148e-04     0.00000e+00    -3.31006e+00     2.71096e-02    -3.77005e-01
    2.09700e+00     3.53749e-02     3.46936e-02     6.81293e-04     0.00000e+00    -3.28593e+00     2.45134e-02    -3.75718e-01
    2.10600e+00     3.49860e-02     3.44069e-02     5.79151e-04     0.00000e+00    -3.26197e+00     2.19757e-02    -3.74453e-01
    2.11500e+00     3.46067e-02     3.41220e-02     4.84644e-04     0.00000e+00    -3.23819e+00     1.94956e-02    -3.73210e-01
    2.12400e+00     3.42366e-02     3.38389e-02     3.97722e-04     0.00000e+00    -3.21457e+00     1.70721e-02    -3.71988e-01
    2.13300e+00     3.38757e-02     3.35573e-02     3.18372e-04     0.00000e+00    -3.19111e+00     1.47043e-02    -3.70788e-01
    2.14200e+00     3.35238e-02     3.32771e-02     2.46634e-04     0.00000e+00    -3.16781e+00     1.23911e-02    -3.69609e-01
    2.15100e+00     3.31806e-02     3.29980e-02     1.82609e-04     0.00000e+00    -3.14468e+00     1.01318e-02    -3.68451e-01
    2.16000e+00     3.28460e-02     3.27195e-02     1.26511e-04     0.00000e+00    -3.12170e+00     7.92546e-03    -3.67314e-01
    2.16900e+00     3.25198e-02     3.24411e-02     7.87187e-05     0.00000e+00    -3.09889e+00     5.77121e-03    -3.66198e-01
    2.17800e+00     3.22019e-02     3.21620e-02     3.99425e-05     0.00000e+00    -3.07622e+00     3.66822e-03    -3.65103e-01
    2.18700e+00     3.18921e-02     3.18804e-02     1.16908e-05     0.00000e+00    -3.05371e+00     1.61566e-03    -3.64029e-01
    2.19600e+00     3.15903e-02     3.15903e-02    -8.41206e-23     0.00000e+00    -3.03135e+00    -3.87244e-04    -3.62976e-01
    2.20500e+00     3.12962e-02     3.12963e-02    -1.25205e-21     0.00000e+00    -3.00914e+00    -2.34129e-03    -3.61943e-01
    2.21400e+00     3.10099e-02     3.10099e-02    -3.06295e-21     0.00000e+00    -2.98708e+00    -4.24723e-03    -3.60930e-01
    2.22300e+00     3.07310e-02     3.07310e-02    -5.28607e-21     0.00000e+00    -2.96517e+00    -6.10582e-03    -3.59938e-01
    2.23200e+00     3.04595e-02     3.04595e-02    -7.81536e-21     0.00000e+00    -2.94340e+00    -7.91777e-03    -3.58967e-01
    2.24100e+00     3.01953e-02     3.01953e-02    -1.05835e-20     0.00000e+00    -2.92178e+00    -9.68381e-03    -3.58015e-01
    2.25000e+00     2.99381e-02     2.99397e-02    -1.35422e-20     0.00000e+00    -2.90029e+00    -1.14046e-02    -3.57084e-01
    2.25900e+00     2.96880e-02     2.96880e-02    -1.66542e-20     0.00000e+00    -2.87895e+00    -1.30809e-02    -3.56172e-01
    2.26800e+00     2.94447e-02     2.94447e-02    -1.98894e-20     0.00000e+00    -2.85775e+00    -1.47132e-02    -3.55281e-01
    2.27700e+00     2.92081e-02     2.92082e-02    -2.32228e-20     0.00000e+00    -2.83668e+00    -1.63024e-02    -3.54409e-01
    2.28600e+00     2.89782e-02     2.89783e-02    -2.66334e-20     0.00000e+00    -2.81575e+00    -1.78489e-02    -3.53557e-01
    2.29500e+00     2.87548e-02     2.87548e-02    -3.01029e-20     0.00000e+00    -2.79495e+00    -1.93534e-02    -3.52725e-01
    2.30400e+00     2.85377e-02     2.85378e-02    -3.36153e-20     0.00000e+00    -2.77429e+00    -2.08165e-02    -3.51913e-01
    2.31300e+00     2.83270e-02     2.83270e-02    -3.71566e-20     0.00000e+00    -2.75376e+00    -2.22389e-02    -3.51119e-01
    2.32200e+00     2.81224e-02     2.81225e-02    -4.07143e-20     0.00000e+00    -2.73335e+00    -2.36210e-02    -3.50346e-01
    2.33100e+00     2.79240e-02     2.79240e-02    -4.42772e-20     0.00000e+00    -2.71308e+00    -2.49634e-02    -3.49591e-01
    2.34000e+00     2.77315e-02     2.77315e-02    -4.78351e-20     0.00000e+00    -2.69293e+00    -2.62667e-02    -3.48856e-01
    2.34900e+00     2.75449e-02     2.75449e-02    -5.13790e-20     0.00000e+00    -2.67291e+00    -2.75314e-02    -3.48140e-01
    2.35800e+00     2.73641e-02     2.73641e-02    -5.49006e-20     0.00000e+00    -2.65302e+00    -2.87581e-02    -3.47443e-01
    2.36700e+00     2.71889e-02     2.71890e-02    -5.83923e-20     0.00000e+00    -2.63324e+00    -2.99472e-02    -3.46765e-01
    2.37600e+00     2.70194e-02     2.70195e-02    -6.18474e-20     0.00000e+00    -2.61359e+00    -3.10992e-02    -3.46105e-01
    2.38500e+00     2.68555e-02     2.68555e-02    -6.52594e-20     0.00000e+00    -2.59406e+00    -3.22147e-02    -3.45465e-01
    2.39400e+00     2.66970e-02     2.66970e-02    -6.86227e-20     0.00000e+00    -2.57465e+00    -3.32941e-02    -3.44843e-01
    2.40300e+00     2.65438e-02     2.65438e-02    -7.19320e-20     0.00000e+00    -2.55535e+00    -3.43378e-02    -3.44240e-01
    2.41200e+00     2.63959e-02     2.63959e-02    -7.51823e-20     0.00000e+00    -2.53618e+00    -3.53463e-02    -3.43656e-01
    2.42100e+00     2.62532e-02     2.62533e-02    -7.83693e-20     0.00000e+00    -2.51711e+00    -3.63201e-02    -3.43089e-01
    2.43000e+00     2.61157e-02     2.61157e-02    -8.14890e-20     0.00000e+00    -2.49816e+00    -3.72596e-02    -3.42542e-01
    2.43900e+00     2.59832e-02     2.59832e-02    -8.45374e-20     0.00000e+00    -2.47933e+00    -3.81652e-02    -3.42012e-01
    2.44800e+00     2.58557e-02     2.58558e-02    -8.75111e-20     0.00000e+00    -2.46061e+00    -3.90373e-02    -3.41501e-01
    2.45700e+00     2.57331e-02     2.57332e-02    -9.04070e-20     0.00000e+00    -2.44199e+00    -3.98764e-02    -3.41008e-01
    2.46600e+00     2.56154e-02     2.56155e-02    -9.32222e-20     0.00000e+00    -2.42349e+00    -4.06827e-02    -3.40533e-01
    2.47500e+00     2.55025e-02     2.55025e-02    -9.59540e-20     0.00000e+00    -2.40509e+00    -4.14567e-02    -3.40075e-01
    2.48400e+00     2.53943e-02     2.53943e-02    -9.86000e-20     0.00000e+00    -2.38680e+00    -4.21987e-02    -3.39636e-01
    2.49300e+00     2.52908e-02     2.52908e-02    -1.01158e-19     0.00000e+00    -2.36862e+00    -4.29092e-02    -3.39214e-01
    2.50200e+00     2.51918e-02     2.51919e-02    -1.03626e-19     0.00000e+00    -2.35054e+00    -4.35884e-02    -3.38810e-01
    2.51100e+00     2.50974e-02     2.50975e-02    -1.06001e-19     0.00000e+00    -2.33257e+00    -4.42368e-02    -3.38424e-01
    2.52000e+00     2.50076e-02     2.50076e-02    -1.08284e-19     0.00000e+00    -2.31470e+00    -4.48545e-02    -3.38055e-01
    2.52900e+00     2.49221e-02     2.49221e-02    -1.10471e-19     0.00000e+00    -2.29692e+00    -4.54421e-02    -3.37703e-01
    2.53800e+00     2.48411e-02     2.48411e-02    -1.12561e-19     0.00000e+00    -2.27925e+00    -4.59997e-02    -3.37369e-01
    2.54700e+00     2.47643e-02     2.47643e-02    -1.14554e-19     0.00000e+00    -2.26168e+00    -4.65277e-02    -3.37052e-01
    2.55600e+00     2.46919e-02     2.46921e-02    -1.16448e-19     0.00000e+00    -2.24421e+00    -4.70264e-02    -3.36752e-01
    2.56500e+00     2.46237e-02     2.46238e-02    -1.18242e-19     0.00000e+00    -2.22683e+00    -4.74960e-02    -3.36469e-01
    2.57400e+00     2.45597e-02     2.45598e-02    -1.19936e-19     0.00000e+00    -2.20955e+00    -4.79370e-02    -3.36203e-01
    2.58300e+00     2.44999e-02     2.44999e-02    -1.21529e-19     0.00000e+00    -2.19237e+00    -4.83495e-02    -3.35953e-01
    2.59200e+00     2.44442e-02     2.44442e-02    -1.23020e-19     0.00000e+00    -2.17528e+00    -4.87338e-02    -3.35721e-01
    2.60100e+00     2.43925e-02     2.43925e-02    -1.24408e-19     0.00000e+00    -2.15828e+00    -4.90901e-02    -3.35505e-01
    2.61000e+00     2.43448e-02     2.43449e-02    -1.25694e-19     0.00000e+00    -2.14137e+00    -4.94188e-02    -3.35306e-01
    2.61900e+00     2.43012e-02     2.43012e-02    -1.26877e-19     0.00000e+00    -2.12456e+00    -4.97201e-02    -3.35123e-01
    2.62800e+00     2.42615e-02     2.42615e-02    -1.27957e-19     0.00000e+00    -2.10783e+00    -4.99942e-02    -3.34956e-01
    2.63700e+00     2.42257e-02     2.42257e-02    -1.28933e-19     0.00000e+00    -2.09120e+00    -5.02413e-02    -3.34806e-01
    2.64600e+00     2.41938e-02     2.41938e-02    -1.29806e-19     0.00000e+00    -2.07465e+00    -5.04617e-02    -3.34672e-01
    2.65500e+00     2.41657e-02     2.41657e-02    -1.30576e-19     0.00000e+00    -2.05819e+00    -5.06556e-02    -3.34554e-01
    2.66400e+00     2.41414e-02     2.41415e-02    -1.31243e-19     0.00000e+00    -2.04181e+00    -5.08231e-02    -3.34452e-01
    2.67300e+00     2.41209e-02     2.41210e-02    -1.31807e-19     0.00000e+00    -2.02553e+00    -5.09646e-02    -3.34365e-01
    2.68200e+00     2.41042e-02     2.41043e-02    -1.32269e-19     0.00000e+00    -2.00932e+00    -5.10802e-02    -3.34295e-01
    2.69100e+00     2.40912e-02     2.40912e-02    -1.32628e-19     0.00000e+00    -1.99320e+00    -5.11701e-02    -3.34240e-01
    2.70000e+00     2.40819e-02     2.40819e-02    -1.32886e-19     0.00000e+00    -1.97716e+00    -5.12345e-02    -3.34201e-01
    2.70900e+00     2.40762e-02     2.40763e-02    -1.33042e-19     0.00000e+00    -1.96120e+00    -5.12736e-02    -3.34177e-01
    2.71800e+00     2.40742e-02     2.40742e-02    -1.33098e-19     0.00000e+00    -1.94533e+00    -5.12875e-02    -3.34168e-01
    2.72700e+00     2.40758e-02     2.40759e-02    -1.33053e-19     0.00000e+00    -1.92953e+00    -5.12764e-02    -3.34175e-01
    2.73600e+00     2.40810e-02     2.40811e-02    -1.32909e-19     0.00000e+00    -1.91381e+00    -5.12405e-02    -3.34197e-01
    2.74500e+00     2.40898e-02     2.40898e-02    -1.32667e-19     0.00000e+00    -1.89817e+00    -5.11799e-02    -3.34234e-01
    2.75400e+00     2.41021e-02     2.41021e-02    -1.32327e-19     0.00000e+00    -1.88261e+00    -5.10949e-02    -3.34286e-01
    2.76300e+00     2.41179e-02     2.41180e-02    -1.31890e-19     0.00000e+00    -1.86713e+00    -5.09854e-02    -3.34353e-01
    2.77200e+00     2.41373e-02     2.41373e-02    -1.31357e-19     0.00000e+00    -1.85172e+00    -5.08517e-02    -3.34434e-01
    2.78100e+00     2.41601e-02     2.41602e-02    -1.30729e-19     0.00000e+00    -1.83638e+00    -5.06939e-02    -3.34530e-01
    2.79000e+00     2.41865e-02     2.41865e-02    -1.30006e-19     0.00000e+00    -1.82112e+00    -5.05122e-02    -3.34641e-01
    2.79900e+00     2.42162e-02     2.42163e-02    -1.29191e-19     0.00000e+00    -1.80593e+00    -5.03066e-02    -3.34766e-01
    2.80800e+00     2.42494e-02     2.42495e-02    -1.28285e-19     0.00000e+00    -1.79082e+00    -5.00772e-02    -3.34906e-01
    2.81700e+00     2.42861e-02     2.42863e-02    -1.27287e-19     0.00000e+00    -1.77577e+00    -4.98243e-02    -3.35060e-01
    2.82600e+00     2.43261e-02     2.43262e-02    -1.26200e-19     0.00000e+00    -1.76080e+00    -4.95479e-02    -3.35227e-01
    2.83500e+00     2.43696e-02     2.43696e-02    -1.25025e-19     0.00000e+00    -1.74590e+00    -4.92480e-02    -3.35409e-01
    2.84400e+00     2.44164e-02     2.44165e-02    -1.23764e-19     0.00000e+00    -1.73106e+00    -4.89249e-02    -3.35605e-01
    2.85300e+00     2.44667e-02     2.44667e-02    -1.22417e-19     0.00000e+00    -1.71630e+00    -4.85785e-02    -3.35815e-01
    2.86200e+00     2.45203e-02     2.45203e-02    -1.20986e-19     0.00000e+00    -1.70160e+00    -4.82091e-02    -3.36038e-01
    2.87100e+00     2.45772e-02     2.45772e-02    -1.19473e-19     0.00000e+00    -1.68697e+00    -4.78166e-02    -3.36275e-01
    2.88000e+00     2.46375e-02     2.46375e-02    -1.17879e-19     0.00000e+00    -1.67240e+00    -4.74011e-02    -3.36526e-01
    2.88900e+00     2.47012e-02     2.47012e-02    -1.16206e-19     0.00000e+00    -1.65790e+00    -4.69628e-02    -3.36790e-01
    2.89800e+00     2.47681e-02     2.47680e-02    -1.14455e-19     0.00000e+00    -1.64347e+00    -4.65016e-02    -3.37067e-01
    2.90700e+00     2.48384e-02     2.48385e-02    -1.12629e-19     0.00000e+00    -1.62909e+00    -4.60177e-02    -3.37358e-01
    2.91600e+00     2.49121e-02     2.49121e-02    -1.10729e-19     0.00000e+00    -1.61478e+00    -4.55111e-02    -3.37662e-01
    2.92500e+00     2.49890e-02     2.49891e-02    -1.08756e-19     0.00000e+00    -1.60054e+00    -4.49819e-02    -3.37979e-01
    2.93400e+00     2.50693e-02     2.50694e-02    -1.06714e-19     0.00000e+00    -1.58635e+00    -4.44300e-02    -3.38308e-01
    2.94300e+00     2.51529e-02     2.51529e-02    -1.04603e-19     0.00000e+00    -1.57223e+00    -4.38557e-02    -3.38651e-01
    2.95200e+00     2.52398e-02     2.52399e-02    -1.02425e-19     0.00000e+00    -1.55816e+00    -4.32588e-02    -3.39006e-01
    2.96100e+00     2.53301e-02     2.53301e-02    -1.00184e-19     0.00000e+00    -1.54416e+00    -4.26395e-02    -3.39374e-01
    2.97000e+00     2.54236e-02     2.54236e-02    -9.78809e-20     0.00000e+00    -1.53021e+00    -4.19978e-02    -3.39755e-01
    2.97900e+00     2.55204e-02     2.55205e-02    -9.55180e-20     0.00000e+00    -1.51633e+00    -4.13337e-02    -3.40148e-01
    2.98800e+00     2.56206e-02     2.56207e-02    -9.30974e-20     0.00000e+00    -1.50249e+00    -4.06471e-02    -3.40554e-01
    2.99700e+00     2.57241e-02     2.57242e-02    -9.06218e-20     0.00000e+00    -1.48872e+00    -3.99382e-02    -3.40971e-01
    3.00600e+00     2.58309e-02     2.58309e-02    -8.80947e-20     8.84194e-03    -1.47500e+00    -3.92072e-02    -3.41401e-01
    3.01500e+00     2.59360e-02     2.59361e-02    -8.56330e-20     8.84194e-03    -1.46137e+00    -3.84878e-02    -3.41823e-01
    3.02400e+00     2.60396e-02     2.60396e-02    -8.32355e-20     8.84194e-03    -1.44783e+00    -3.77799e-02    -3.42238e-01
    3.03300e+00     2.61415e-02     2.61415e-02    -8.09008e-20     8.84194e-03    -1.43438e+00    -3.70835e-02    -3.42645e-01
    3.04200e+00     2.62418e-02     2.62418e-02    -7.86275e-20     8.84194e-03    -1.42101e+00    -3.63984e-02    -3.43044e-01
    3.05100e+00     2.63405e-02     2.63405e-02    -7.64135e-20     8.84194e-03    -1.40773e+00    -3.57243e-02    -3.43436e-01
    3.06000e+00     2.64377e-02     2.64378e-02    -7.42574e-20     8.84194e-03    -1.39454e+00    -3.50610e-02    -3.43821e-01
    3.06900e+00     2.65334e-02     2.65335e-02    -7.21578e-20     8.84194e-03    -1.38143e+00    -3.44084e-02    -3.44199e-01
    3.07800e+00     2.66276e-02     2.66277e-02    -7.01130e-20     8.84194e-03    -1.36840e+00    -3.37663e-02    -3.44571e-01
    3.08700e+00     2.67204e-02     2.67204e-02    -6.81220e-20     8.84194e-03    -1.35545e+00    -3.31346e-02    -3.44935e-01
    3.09600e+00     2.68117e-02     2.68117e-02    -6.61829e-20     8.84194e-03    -1.34259e+00    -3.25130e-02    -3.45293e-01
    3.10500e+00     2.69015e-02     2.69016e-02    -6.42949e-20     8.84194e-03    -1.32981e+00    -3.19015e-02    -3.45645e-01
    3.11400e+00     2.69900e-02     2.69900e-02    -6.24562e-20     8.84194e-03    -1.31711e+00    -3.12998e-02    -3.45990e-01
    3.12300e+00     2.70770e-02     2.70771e-02    -6.06658e-20     8.84194e-03    -1.30448e+00    -3.07079e-02    -3.46330e-01
    3.13200e+00     2.71627e-02     2.71627e-02    -5.89224e-20     8.84194e-03    -1.29194e+00    -3.01255e-02    -3.46663e-01
    3.14100e+00     2.72471e-02     2.72471e-02    -5.72246e-20     8.84194e-03    -1.27947e+00    -2.95524e-02    -3.46990e-01
    3.15000e+00     2.73301e-02     2.73301e-02    -5.55717e-20     8.84194e-03    -1.26708e+00    -2.89887e-02    -3.47311e-01
    3.15900e+00     2.74118e-02     2.74118e-02    -5.39622e-20     8.84194e-03    -1.25477e+00    -2.84340e-02    -3.47627e-01
    3.16800e+00     2.74922e-02     2.74923e-02    -5.23950e-20     8.84194e-03    -1.24253e+00    -2.78883e-02    -3.47937e-01
    3.17700e+00     2.75714e-02     2.75714e-02    -5.08691e-20     8.84194e-03    -1.23037e+00    -2.73514e-02    -3.48242e-01
    3.18600e+00     2.76493e-02     2.76494e-02    -4.93835e-20     8.84194e-03    -1.21829e+00    -2.68232e-02    -3.48541e-01
    3.19500e+00     2.77260e-02     2.77261e-02    -4.79370e-20     8.84194e-03    -1.20627e+00    -2.63035e-02    -3.48835e-01
    3.20400e+00     2.78015e-02     2.78016e-02    -4.65288e-20     8.84194e-03    -1.19433e+00    -2.57923e-02    -3.49124e-01
    3.21300e+00     2.78758e-02     2.78758e-02    -4.51577e-20     8.84194e-03    -1.18246e+00    -2.52893e-02    -3.49408e-01
    3.22200e+00     2.79489e-02     2.79490e-02    -4.38230e-20     8.84194e-03    -1.17067e+00    -2.47945e-02    -3.49686e-01
    3.23100e+00     2.80209e-02     2.80209e-02    -4.25237e-20     8.84194e-03    -1.15894e+00    -2.43076e-02    -3.49960e-01
    3.24000e+00     2.80917e-02     2.80919e-02    -4.12588e-20     8.84194e-03    -1.14729e+00    -2.38287e-02    -3.50229e-01
    3.24900e+00     2.81614e-02     2.81615e-02    -4.00276e-20     8.84194e-03    -1.13570e+00    -2.33576e-02    -3.50493e-01
    3.25800e+00     2.82300e-02     2.82300e-02    -3.88291e-20     8.84194e-03    -1.12418e+00    -2.28941e-02    -3.50753e-01
    3.26700e+00     2.82975e-02     2.82974e-02    -3.76626e-20     8.84194e-03    -1.11274e+00    -2.24381e-02    -3.51008e-01
    3.27600e+00     2.83639e-02     2.83639e-02    -3.65271e-20     8.84194e-03    -1.10135e+00    -2.19896e-02    -3.51259e-01
    3.28500e+00     2.84293e-02     2.84293e-02    -3.54220e-20     8.84194e-03    -1.09004e+00    -2.15484e-02    -3.51505e-01
    3.29400e+00     2.84936e-02     2.84936e-02    -3.43465e-20     8.84194e-03    -1.07879e+00    -2.11143e-02    -3.51747e-01
    3.30300e+00     2.85569e-02     2.85571e-02    -3.32998e-20     8.84194e-03    -1.06761e+00    -2.06873e-02    -3.51984e-01
    3.31200e+00     2.86192e-02     2.86192e-02    -3.22812e-20     8.84194e-03    -1.05650e+00    -2.02673e-02    -3.52218e-01
    3.32100e+00     2.86805e-02     2.86805e-02    -3.12899e-20     8.84194e-03    -1.04545e+00    -1.98542e-02    -3.52447e-01
    3.33000e+00     2.87408e-02     2.87408e-02    -3.03254e-20     8.84194e-03    -1.03446e+00    -1.94478e-02    -3.52673e-01
    3.33900e+00     2.88001e-02     2.88001e-02    -2.93869e-20     8.84194e-03    -1.02354e+00    -1.90481e-02    -3.52894e-01
    3.34800e+00     2.88585e-02     2.88585e-02    -2.84738e-20     8.84194e-03    -1.01268e+00    -1.86549e-02    -3.53112e-01
    3.35700e+00     2.89159e-02     2.89159e-02    -2.75855e-20     8.84194e-03    -1.00188e+00    -1.82682e-02    -3.53326e-01
    3.36600e+00     2.89724e-02     2.89724e-02    -2.67214e-20     8.84194e-03    -9.91150e-01    -1.78878e-02    -3.53536e-01
    3.37500e+00     2.90280e-02     2.90280e-02    -2.58807e-20     8.84194e-03    -9.80477e-01    -1.75137e-02    -3.53742e-01
    3.38400e+00     2.90827e-02     2.90827e-02    -2.50629e-20     8.84194e-03    -9.69864e-01    -1.71458e-02    -3.53945e-01
    3.39300e+00     2.91365e-02     2.91365e-02    -2.42674e-20     8.84194e-03    -9.59313e-01    -1.67839e-02    -3.54144e-01
    3.40200e+00     2.91894e-02     2.91895e-02    -2.34938e-20     8.84194e-03    -9.48821e-01    -1.64280e-02    -3.54340e-01
    3.41100e+00     2.92415e-02     2.92415e-02    -2.27415e-20     8.84194e-03    -9.38388e-01    -1.60780e-02    -3.54533e-01
    3.42000e+00     2.92927e-02     2.92928e-02    -2.20098e-20     8.84194e-03    -9.28014e-01    -1.57338e-02    -3.54722e-01
    3.42900e+00     2.93431e-02     2.93431e-02    -2.12983e-20     8.84194e-03    -9.17699e-01    -1.53953e-02    -3.54907e-01
    3.43800e+00     2.93927e-02     2.93927e-02    -2.06065e-20     8.84194e-03    -9.07442e-01    -1.50624e-02    -3.55090e-01
    3.44700e+00     2.94414e-02     2.94414e-02    -1.99340e-20     8.84194e-03    -8.97242e-01    -1.47351e-02    -3.55269e-01
    3.45600e+00     2.94894e-02     2.94894e-02    -1.92801e-20     8.84194e-03    -8.87098e-01    -1.44132e-02    -3.55445e-01
    3.46500e+00     2.95365e-02     2.95366e-02    -1.86444e-20     8.84194e-03    -8.77012e-01    -1.40967e-02    -3.55618e-01
    3.47400e+00     2.95829e-02     2.95829e-02    -1.80267e-20     8.84194e-03    -8.66981e-01    -1.37856e-02    -3.55788e-01
    3.48300e+00     2.96285e-02     2.96286e-02    -1.74262e-20     8.84194e-03    -8.57005e-01    -1.34796e-02    -3.55955e-01
    3.49200e+00     2.96734e-02     2.96734e-02    -1.68426e-20     8.84194e-03    -8.47085e-01    -1.31788e-02    -3.56119e-01
    3.50100e+00     2.97175e-02     2.97178e-02    -1.62756e-20     8.84194e-03    -8.37219e-01    -1.28830e-02    -3.56280e-01
    3.51000e+00     2.97609e-02     2.97609e-02    -1.57246e-20     8.84194e-03    -8.27407e-01    -1.25923e-02    -3.56438e-01
    3.51900e+00     2.98035e-02     2.98036e-02    -1.51892e-20     8.84194e-03    -8.17649e-01    -1.23065e-02    -3.56594e-01
    3.52800e+00     2.98454e-02     2.98455e-02    -1.46693e-20     8.84194e-03    -8.07944e-01    -1.20255e-02    -3.56747e-01
    3.53700e+00     2.98867e-02     2.98867e-02    -1.41641e-20     8.84194e-03    -7.98292e-01    -1.17493e-02    -3.56897e-01
    3.54600e+00     2.99272e-02     2.99272e-02    -1.36735e-20     8.84194e-03    -7.88692e-01    -1.14778e-02    -3.57044e-01
    3.55500e+00     2.99671e-02     2.99675e-02    -1.31970e-20     8.84194e-03    -7.79143e-01    -1.12110e-02    -3.57189e-01
    3.56400e+00     3.00062e-02     3.00062e-02    -1.27344e-20     8.84194e-03    -7.69647e-01    -1.09487e-02    -3.57331e-01
    3.57300e+00     3.00447e-02     3.00447e-02    -1.22852e-20     8.84194e-03    -7.60201e-01    -1.06909e-02    -3.57471e-01
    3.58200e+00     3.00826e-02     3.00826e-02    -1.18491e-20     8.84194e-03    -7.50806e-01    -1.04376e-02    -3.57608e-01
    3.59100e+00     3.01198e-02     3.01198e-02    -1.14259e-20     8.84194e-03    -7.41461e-01    -1.01887e-02    -3.57742e-01
    3.60000e+00     3.01564e-02     3.01564e-02    -1.10150e-20     8.84194e-03    -7.32166e-01    -9.94409e-03    -3.57875e-01
    3.60900e+00     3.01923e-02     3.01923e-02    -1.06163e-20     8.84194e-03    -7.22921e-01    -9.70371e-03    -3.58004e-01
    3.61800e+00     3.02276e-02     3.02276e-02    -1.02294e-20     8.84194e-03    -7.13724e-01    -9.46751e-03    -3.58132e-01
    3.62700e+00     3.02623e-02     3.02623e-02    -9.85405e-21     8.84194e-03    -7.04576e-01    -9.23542e-03    -3.58257e-01
    3.63600e+00     3.02964e-02     3.02965e-02    -9.48982e-21     8.84194e-03    -6.95476e-01    -9.00738e-03    -3.58380e-01
    3.64500e+00     3.03300e-02     3.03300e-02    -9.13664e-21     8.84194e-03    -6.86424e-01    -8.78333e-03    -3.58501e-01
    3.65400e+00     3.03629e-02     3.03629e-02    -8.79399e-21     8.84194e-03    -6.77419e-01    -8.56323e-03    -3.58619e-01
    3.66300e+00     3.03953e-02     3.03953e-02    -8.46187e-21     8.84194e-03    -6.68462e-01    -8.34701e-03    -3.58736e-01
    3.67200e+00     3.04271e-02     3.04271e-02    -8.13976e-21     8.84194e-03    -6.59551e-01    -8.13462e-03    -3.58850e-01
    3.68100e+00     3.04583e-02     3.04583e-02    -7.82760e-21     8.84194e-03    -6.50686e-01    -7.92601e-03    -3.58962e-01
    3.69000e+00     3.04890e-02     3.04890e-02    -7.52500e-21     8.84194e-03    -6.41867e-01    -7.72112e-03    -3.59072e-01
    3.69900e+00     3.05191e-02     3.05191e-02    -7.23179e-21     8.84194e-03    -6.33094e-01    -7.51990e-03    -3.59180e-01
    3.70800e+00     3.05487e-02     3.05487e-02    -6.94772e-21     8.84194e-03    -6.24367e-01    -7.32230e-03    -3.59287e-01
    3.71700e+00     3.05778e-02     3.05778e-02    -6.67249e-21     8.84194e-03    -6.15684e-01    -7.12827e-03    -3.59391e-01
    3.72600e+00     3.06063e-02     3.06063e-02    -6.40604e-21     8.84194e-03    -6.07045e-01    -6.93777e-03    -3.59493e-01
    3.73500e+00     3.06343e-02     3.06343e-02    -6.14794e-21     8.84194e-03    -5.98451e-01    -6.75074e-03    -3.59593e-01
    3.74400e+00     3.06618e-02     3.06619e-02    -5.89813e-21     8.84194e-03    -5.89900e-01    -6.56713e-03    -3.59691e-01
    3.75300e+00     3.06889e-02     3.06889e-02    -5.65634e-21     8.84194e-03    -5.81394e-01    -6.38690e-03    -3.59788e-01
    3.76200e+00     3.07154e-02     3.07154e-02    -5.42228e-21     8.84194e-03    -5.72930e-01    -6.21001e-03    -3.59883e-01
    3.77100e+00     3.07414e-02     3.07423e-02    -5.19596e-21     8.84194e-03    -5.64509e-01    -6.03640e-03    -3.59976e-01
    3.78000e+00     3.07670e-02     3.07670e-02    -4.97698e-21     8.84194e-03    -5.56131e-01    -5.86604e-03    -3.60067e-01
    3.78900e+00     3.07920e-02     3.07919e-02    -4.76522e-21     8.84194e-03    -5.47794e-01    -5.69888e-03    -3.60156e-01
    3.79800e+00     3.08166e-02     3.08166e-02    -4.56055e-21     8.84194e-03    -5.39500e-01    -5.53488e-03    -3.60244e-01
    3.80700e+00     3.08408e-02     3.08408e-02    -4.36267e-21     8.84194e-03    -5.31247e-01    -5.37400e-03    -3.60330e-01
    3.81600e+00     3.08644e-02     3.08644e-02    -4.17147e-21     8.84194e-03    -5.23036e-01    -5.21619e-03    -3.60414e-01
    3.82500e+00     3.08877e-02     3.08877e-02    -3.98682e-21     8.84194e-03    -5.14865e-01    -5.06142e-03    -3.60496e-01
    3.83400e+00     3.09104e-02     3.09104e-02    -3.80845e-21     8.84194e-03    -5.06735e-01    -4.90965e-03    -3.60577e-01
    3.84300e+00     3.09328e-02     3.09328e-02    -3.63623e-21     8.84194e-03    -4.98646e-01    -4.76083e-03    -3.60657e-01
    3.85200e+00     3.09547e-02     3.09547e-02    -3.47006e-21     8.84194e-03    -4.90596e-01    -4.61493e-03    -3.60735e-01
    3.86100e+00     3.09761e-02     3.09761e-02    -3.30970e-21     8.84194e-03    -4.82586e-01    -4.47191e-03    -3.60811e-01
    3.87000e+00     3.09972e-02     3.09972e-02    -3.15498e-21     8.84194e-03    -4.74616e-01    -4.33174e-03    -3.60885e-01
    3.87900e+00     3.10178e-02     3.10178e-02    -3.00586e-21     8.84194e-03    -4.66685e-01    -4.19437e-03    -3.60959e-01
    3.88800e+00     3.10380e-02     3.10381e-02    -2.86211e-21     8.84194e-03    -4.58792e-01    -4.05978e-03    -3.61030e-01
    3.89700e+00     3.10578e-02     3.10578e-02    -2.72355e-21     8.84194e-03    -4.50938e-01    -3.92793e-03    -3.61100e-01
    3.90600e+00     3.10772e-02     3.10772e-02    -2.59011e-21     8.84194e-03    -4.43123e-01    -3.79878e-03    -3.61169e-01
    3.91500e+00     3.10962e-02     3.10962e-02    -2.46166e-21     8.84194e-03    -4.35345e-01    -3.67230e-03    -3.61236e-01
    3.92400e+00     3.11148e-02     3.11148e-02    -2.33800e-21     8.84194e-03    -4.27606e-01    -3.54846e-03    -3.61302e-01
    3.93300e+00     3.11330e-02     3.11330e-02    -2.21901e-21     8.84194e-03    -4.19903e-01    -3.42722e-03    -3.61367e-01
    3.94200e+00     3.11509e-02     3.11509e-02    -2.10460e-21     8.84194e-03    -4.12238e-01    -3.30855e-03    -3.61430e-01
    3.95100e+00     3.11683e-02     3.11683e-02    -1.99465e-21     8.84194e-03    -4.04610e-01    -3.19243e-03    -3.61491e-01
    3.96000e+00     3.11854e-02     3.11854e-02    -1.88899e-21     8.84194e-03    -3.97018e-01    -3.07882e-03    -3.61552e-01
    3.96900e+00     3.12021e-02     3.12021e-02    -1.78749e-21     8.84194e-03    -3.89463e-01    -2.96769e-03    -3.61611e-01
    3.97800e+00     3.12184e-02     3.12184e-02    -1.69007e-21     8.84194e-03    -3.81944e-01    -2.85901e-03    -3.61668e-01
    3.98700e+00     3.12344e-02     3.12360e-02    -1.59665e-21     8.84194e-03    -3.74461e-01    -2.75275e-03    -3.61725e-01
    3.99600e+00     3.12500e-02     3.12500e-02    -1.50705e-21     8.84194e-03    -3.67013e-01    -2.64889e-03    -3.61780e-01
    4.00500e+00     3.12653e-02     3.12653e-02    -1.42117e-21     8.84194e-03    -3.59601e-01    -2.54739e-03    -3.61834e-01
    4.01400e+00     3.12802e-02     3.12802e-02    -1.33889e-21     8.84194e-03    -3.52224e-01    -2.44823e-03    -3.61886e-01
    4.02300e+00     3.12947e-02     3.12947e-02    -1.26016e-21     8.84194e-03    -3.44882e-01    -2.35139e-03    -3.61937e-01
    4.03200e+00     3.13089e-02     3.13090e-02    -1.18486e-21     8.84194e-03    -3.37574e-01    -2.25683e-03    -3.61988e-01
    4.04100e+00     3.13228e-02     3.13228e-02    -1.11286e-21     8.84194e-03    -3.30301e-01    -2.16453e-03    -3.62036e-01
    4.05000e+00     3.13364e-02     3.13364e-02    -1.04406e-21     8.84194e-03    -3.23062e-01    -2.07446e-03    -3.62084e-01
    4.05900e+00     3.13496e-02     3.13495e-02    -9.78375e-22     8.84194e-03    -3.15857e-01    -1.98660e-03    -3.62131e-01
    4.06800e+00     3.13625e-02     3.13625e-02    -9.15718e-22     8.84194e-03    -3.08686e-01    -1.90093e-03    -3.62176e-01
    4.07700e+00     3.13750e-02     3.13750e-02    -8.56014e-22     8.84194e-03    -3.01548e-01    -1.81743e-03    -3.62220e-01
    4.08600e+00     3.13873e-02     3.13873e-02    -7.99140e-22     8.84194e-03    -2.94443e-01    -1.73605e-03    -3.62263e-01
    4.09500e+00     3.13992e-02     3.13993e-02    -7.45008e-22     8.84194e-03    -2.87371e-01    -1.65680e-03    -3.62305e-01
    4.10400e+00     3.14108e-02     3.14108e-02    -6.93533e-22     8.84194e-03    -2.80332e-01    -1.57964e-03    -3.62346e-01
    4.11300e+00     3.14221e-02     3.14221e-02    -6.44629e-22     8.84194e-03    -2.73326e-01    -1.50454e-03    -3.62386e-01
    4.12200e+00     3.14331e-02     3.14331e-02    -5.98224e-22     8.84194e-03    -2.66351e-01    -1.43150e-03    -3.62424e-01
    4.13100e+00     3.14438e-02     3.14437e-02    -5.54253e-22     8.84194e-03    -2.59409e-01    -1.36048e-03    -3.62462e-01
    4.14000e+00     3.14542e-02     3.14540e-02    -5.12607e-22     8.84194e-03    -2.52499e-01    -1.29147e-03    -3.62498e-01
    4.14900e+00     3.14642e-02     3.14643e-02    -4.73210e-22     8.84194e-03    -2.45621e-01    -1.22445e-03    -3.62534e-01
    4.15800e+00     3.14740e-02     3.14744e-02    -4.35985e-22     8.84194e-03    -2.38774e-01    -1.15940e-03    -3.62568e-01
    4.16700e+00     3.14835e-02     3.14835e-02    -4.00857e-22     8.84194e-03    -2.31958e-01    -1.09629e-03    -3.62602e-01
    4.17600e+00     3.14927e-02     3.14927e-02    -3.67752e-22     8.84194e-03    -2.25173e-01    -1.03511e-03    -3.62634e-01
    4.18500e+00     3.15017e-02     3.15016e-02    -3.36600e-22     8.84194e-03    -2.18419e-01    -9.75840e-04    -3.62665e-01
    4.19400e+00     3.15103e-02     3.15103e-02    -3.07349e-22     8.84194e-03    -2.11696e-01    -9.18461e-04    -3.62695e-01
    4.20300e+00     3.15187e-02     3.15187e-02    -2.79911e-22     8.84194e-03    -2.05003e-01    -8.62955e-04    -3.62725e-01
    4.21200e+00     3.15267e-02     3.15265e-02    -2.54215e-22     8.84194e-03    -1.98340e-01    -8.09306e-04    -3.62753e-01
    4.22100e+00     3.15345e-02     3.15346e-02    -2.30193e-22     8.84194e-03    -1.91708e-01    -7.57494e-04    -3.62780e-01
    4.23000e+00     3.15421e-02     3.15421e-02    -2.07781e-22     8.84194e-03    -1.85105e-01    -7.07504e-04    -3.62807e-01
    4.23900e+00     3.15493e-02     3.15493e-02    -1.86914e-22     8.84194e-03    -1.78531e-01    -6.59320e-04    -3.62832e-01
    4.24800e+00     3.15563e-02     3.15563e-02    -1.67529e-22     8.84194e-03    -1.71988e-01    -6.12924e-04    -3.62857e-01
    4.25700e+00     3.15630e-02     3.15631e-02    -1.49564e-22     8.84194e-03    -1.65473e-01    -5.68301e-04    -3.62880e-01
    4.26600e+00     3.15695e-02     3.15696e-02    -1.32958e-22     8.84194e-03    -1.58988e-01    -5.25436e-04    -3.62903e-01
    4.27500e+00     3.15757e-02     3.15756e-02    -1.17651e-22     8.84194e-03    -1.52531e-01    -4.84314e-04    -3.62925e-01
    4.28400e+00     3.15816e-02     3.15816e-02    -1.03594e-22     8.84194e-03    -1.46103e-01    -4.44919e-04    -3.62945e-01
    4.29300e+00     3.15873e-02     3.15872e-02    -9.07183e-23     8.84194e-03    -1.39704e-01    -4.07236e-04    -3.62965e-01
    4.30200e+00     3.15927e-02     3.15927e-02    -7.89658e-23     8.84194e-03    -1.33333e-01    -3.71253e-04    -3.62984e-01
    4.31100e+00     3.15978e-02     3.15979e-02    -6.82807e-23     8.84194e-03    -1.26990e-01    -3.36953e-04    -3.63002e-01
    4.32000e+00     3.16028e-02     3.16027e-02    -5.86082e-23     8.84194e-03    -1.20675e-01    -3.04325e-04    -3.63019e-01
    4.32900e+00     3.16074e-02     3.16074e-02    -4.98941e-23     8.84194e-03    -1.14387e-01    -2.73355e-04    -3.63036e-01
    4.33800e+00     3.16118e-02     3.16119e-02    -4.20850e-23     8.84194e-03    -1.08128e-01    -2.44029e-04    -3.63051e-01
    4.34700e+00     3.16160e-02     3.16160e-02    -3.51288e-23     8.84194e-03    -1.01896e-01    -2.16335e-04    -3.63066e-01
    4.35600e+00     3.16199e-02     3.16199e-02    -2.89738e-23     8.84194e-03    -9.56907e-02    -1.90262e-04    -3.63080e-01
    4.36500e+00     3.16236e-02     3.16236e-02    -2.35695e-23     8.84194e-03    -8.95129e-02    -1.65798e-04    -3.63092e-01
    4.37400e+00     3.16271e-02     3.16271e-02    -1.88661e-23     8.84194e-03    -8.33620e-02    -1.42932e-04    -3.63104e-01
    4.38300e+00     3.16303e-02     3.16303e-02    -1.48145e-23     8.84194e-03    -7.72378e-02    -1.21656e-04    -3.63116e-01
    4.39200e+00     3.16332e-02     3.16332e-02    -1.13666e-23     8.84194e-03    -7.11402e-02    -1.01959e-04    -3.63126e-01
    4.40100e+00     3.16360e-02     3.16360e-02    -8.47483e-24     8.84194e-03    -6.50691e-02    -8.38353e-05    -3.63136e-01
    4.41000e+00     3.16385e-02     3.16383e-02    -6.09254e-24     8.84194e-03    -5.90242e-02    -6.72780e-05    -3.63144e-01
    4.41900e+00     3.16407e-02     3.16407e-02    -4.17358e-24     8.84194e-03    -5.30054e-02    -5.22817e-05    -3.63152e-01
    4.42800e+00     3.16427e-02     3.16427e-02    -2.67280e-24     8.84194e-03    -4.70126e-02    -3.88444e-05    -3.63159e-01
    4.43700e+00     3.16445e-02     3.16445e-02    -1.54570e-24     8.84194e-03    -4.10457e-02    -2.69638e-05    -3.63166e-01
    4.44600e+00     3.16461e-02     3.16461e-02    -7.48972e-25     8.84194e-03    -3.51044e-02    -1.66355e-05    -3.63171e-01
    4.45500e+00     3.16474e-02     3.16474e-02    -2.43101e-25     8.84194e-03    -2.91886e-02    -7.85848e-06    -3.63176e-01
    4.46400e+00     3.16485e-02     3.16485e-02    -5.53138e-27     8.84194e-03    -2.32981e-02    -6.31776e-07    -3.63180e-01
    4.47300e+00     3.16494e-02     3.16494e-02     2.03362e-09     8.84194e-03    -1.74329e-02     5.03271e-06    -3.63182e-01
    4.48200e+00     3.16500e-02     3.16500e-02     4.95437e-09     8.84194e-03    -1.15929e-02     9.11245e-06    -3.63185e-01
    4.49100e+00     3.16503e-02     3.16504e-02     7.09601e-09     8.84194e-03    -5.77778e-03     1.15787e-05    -3.63186e-01
    4.50000e+00     3.16486e-02     3.16486e-02     0.00000e+00     8.84194e-03     0.00000e+00     0.00000e+00    -3.63180e-01
