# All units in Hartree [AU] if not specified
# Convergence: Err(φ)=-inf, Err(n_e)=9.598e-09, Err(IET)=9.987e-13, Q_net=1.670e-06
# {"name":"Al", "Z":13, "Zstar":3.3960780940863033, "A":26.981539,  "μ[AU]": 3.5636855537e-01, "Te[AU]": 3.675e-02, "Ti[AU]": 3.675e-02, "rs[AU]": 2.990e+00 }
   r[AU]           n[AU]           nf[AU]          nb[AU]          n_ion[AU]       φtot[AU]        δVxc/δρ[Au]     U_ei[AU]        U_ii[AU]        g_ii            
   1.000000e-03    1.413595e+05    5.851084e+00    1.413537e+05    0.000000e+00    1.294702e+04   -3.865974e+01    1.645578e+01    5.156398e+03    0.000000e+00
   1.027128e-03    1.357822e+05    5.840290e+00    1.357764e+05    0.000000e+00    1.260368e+04   -3.814654e+01    1.643749e+01    5.138900e+03    0.000000e+00
   1.054991e-03    1.304245e+05    5.763031e+00    1.304187e+05    0.000000e+00    1.226940e+04   -3.764012e+01    1.630556e+01    5.120928e+03    0.000000e+00
   1.083610e-03    1.252776e+05    5.627596e+00    1.252720e+05    0.000000e+00    1.194396e+04   -3.714040e+01    1.607485e+01    5.102467e+03    0.000000e+00
   1.113006e-03    1.203335e+05    5.580353e+00    1.203279e+05    0.000000e+00    1.162711e+04   -3.664730e+01    1.599320e+01    5.083506e+03    0.000000e+00
   1.143199e-03    1.155840e+05    5.533669e+00    1.155785e+05    0.000000e+00    1.131863e+04   -3.616072e+01    1.591346e+01    5.064031e+03    0.000000e+00
   1.174211e-03    1.110215e+05    5.434283e+00    1.110161e+05    0.000000e+00    1.101831e+04   -3.568057e+01    1.574139e+01    5.044027e+03    0.000000e+00
   1.206065e-03    1.066387e+05    5.321670e+00    1.066334e+05    0.000000e+00    1.072591e+04   -3.520677e+01    1.554597e+01    5.023481e+03    0.000000e+00
   1.238782e-03    1.024285e+05    5.300570e+00    1.024232e+05    0.000000e+00    1.044124e+04   -3.473925e+01    1.550904e+01    5.002377e+03    0.000000e+00
   1.272387e-03    9.838411e+04    5.231660e+00    9.837888e+04    0.000000e+00    1.016409e+04   -3.427790e+01    1.538797e+01    4.980701e+03    0.000000e+00
   1.306904e-03    9.449894e+04    5.120877e+00    9.449382e+04    0.000000e+00    9.894254e+03   -3.382264e+01    1.519324e+01    4.958437e+03    0.000000e+00
   1.342357e-03    9.076683e+04    5.065395e+00    9.076176e+04    0.000000e+00    9.631551e+03   -3.337341e+01    1.509489e+01    4.935569e+03    0.000000e+00
   1.378772e-03    8.718171e+04    5.022284e+00    8.717669e+04    0.000000e+00    9.375788e+03   -3.293011e+01    1.501876e+01    4.912080e+03    0.000000e+00
   1.416175e-03    8.373777e+04    4.941350e+00    8.373282e+04    0.000000e+00    9.126781e+03   -3.249267e+01    1.487403e+01    4.887954e+03    0.000000e+00
   1.454592e-03    8.042943e+04    4.829743e+00    8.042460e+04    0.000000e+00    8.884353e+03   -3.206101e+01    1.467440e+01    4.863174e+03    0.000000e+00
   1.494051e-03    7.725150e+04    4.808482e+00    7.724669e+04    0.000000e+00    8.648328e+03   -3.163506e+01    1.463592e+01    4.837722e+03    0.000000e+00
   1.534581e-03    7.419872e+04    4.752708e+00    7.419396e+04    0.000000e+00    8.418539e+03   -3.121473e+01    1.453520e+01    4.811579e+03    0.000000e+00
   1.576211e-03    7.126616e+04    4.666877e+00    7.126149e+04    0.000000e+00    8.194820e+03   -3.079994e+01    1.437963e+01    4.784727e+03    0.000000e+00
   1.618969e-03    6.844913e+04    4.591768e+00    6.844454e+04    0.000000e+00    7.977012e+03   -3.039064e+01    1.424271e+01    4.757146e+03    0.000000e+00
   1.662888e-03    6.574312e+04    4.557407e+00    6.573856e+04    0.000000e+00    7.764958e+03   -2.998674e+01    1.417994e+01    4.728817e+03    0.000000e+00
   1.707998e-03    6.314370e+04    4.495602e+00    6.313920e+04    0.000000e+00    7.558505e+03   -2.958818e+01    1.406582e+01    4.699720e+03    0.000000e+00
   1.754332e-03    6.064666e+04    4.409899e+00    6.064225e+04    0.000000e+00    7.357508e+03   -2.919486e+01    1.390817e+01    4.669834e+03    0.000000e+00
   1.801923e-03    5.824804e+04    4.357510e+00    5.824369e+04    0.000000e+00    7.161820e+03   -2.880675e+01    1.381038e+01    4.639136e+03    0.000000e+00
   1.850804e-03    5.594395e+04    4.316010e+00    5.593963e+04    0.000000e+00    6.971302e+03   -2.842375e+01    1.373358e+01    4.607606e+03    0.000000e+00
   1.901012e-03    5.373063e+04    4.252823e+00    5.372637e+04    0.000000e+00    6.785818e+03   -2.804581e+01    1.361546e+01    4.575221e+03    0.000000e+00
   1.952582e-03    5.160450e+04    4.170720e+00    5.160033e+04    0.000000e+00    6.605235e+03   -2.767284e+01    1.346131e+01    4.541957e+03    0.000000e+00
   2.005551e-03    4.956221e+04    4.130326e+00    4.955808e+04    0.000000e+00    6.429422e+03   -2.730481e+01    1.338500e+01    4.507791e+03    0.000000e+00
   2.059956e-03    4.760041e+04    4.086160e+00    4.759632e+04    0.000000e+00    6.258255e+03   -2.694162e+01    1.330088e+01    4.472698e+03    0.000000e+00
   2.115838e-03    4.571591e+04    4.024684e+00    4.571188e+04    0.000000e+00    6.091610e+03   -2.658322e+01    1.318454e+01    4.436653e+03    0.000000e+00
   2.173235e-03    4.390567e+04    3.948393e+00    4.390172e+04    0.000000e+00    5.929368e+03   -2.622953e+01    1.303834e+01    4.399630e+03    0.000000e+00
   2.232190e-03    4.216683e+04    3.912157e+00    4.216292e+04    0.000000e+00    5.771413e+03   -2.588052e+01    1.296907e+01    4.361602e+03    0.000000e+00
   2.292744e-03    4.049653e+04    3.868237e+00    4.049266e+04    0.000000e+00    5.617632e+03   -2.553610e+01    1.288424e+01    4.322544e+03    0.000000e+00
   2.354940e-03    3.889206e+04    3.810546e+00    3.888825e+04    0.000000e+00    5.467914e+03   -2.519621e+01    1.277272e+01    4.282425e+03    0.000000e+00
   2.418824e-03    3.735085e+04    3.741195e+00    3.734710e+04    0.000000e+00    5.322153e+03   -2.486080e+01    1.263762e+01    4.241218e+03    0.000000e+00
   2.484440e-03    3.587043e+04    3.703557e+00    3.586672e+04    0.000000e+00    5.180243e+03   -2.452981e+01    1.256419e+01    4.198894e+03    0.000000e+00
   2.551837e-03    3.444838e+04    3.661856e+00    3.444472e+04    0.000000e+00    5.042083e+03   -2.420318e+01    1.248267e+01    4.155421e+03    0.000000e+00
   2.621062e-03    3.308240e+04    3.609194e+00    3.307879e+04    0.000000e+00    4.907573e+03   -2.388084e+01    1.237847e+01    4.110769e+03    0.000000e+00
   2.692165e-03    3.177029e+04    3.547241e+00    3.176674e+04    0.000000e+00    4.776619e+03   -2.356274e+01    1.225645e+01    4.064906e+03    0.000000e+00
   2.765197e-03    3.050994e+04    3.504400e+00    3.050644e+04    0.000000e+00    4.649125e+03   -2.324883e+01    1.217079e+01    4.017798e+03    0.000000e+00
   2.840210e-03    2.929931e+04    3.466007e+00    2.929585e+04    0.000000e+00    4.525000e+03   -2.293905e+01    1.209466e+01    3.969413e+03    0.000000e+00
   2.917258e-03    2.813643e+04    3.418896e+00    2.813301e+04    0.000000e+00    4.404156e+03   -2.263333e+01    1.200024e+01    3.919715e+03    0.000000e+00
   2.996396e-03    2.701942e+04    3.364374e+00    2.701606e+04    0.000000e+00    4.286506e+03   -2.233164e+01    1.189060e+01    3.868669e+03    0.000000e+00
   3.077681e-03    2.594649e+04    3.313805e+00    2.594317e+04    0.000000e+00    4.171965e+03   -2.203391e+01    1.178831e+01    3.816238e+03    0.000000e+00
   3.161170e-03    2.491590e+04    3.279326e+00    2.491262e+04    0.000000e+00    4.060451e+03   -2.174009e+01    1.171813e+01    3.762384e+03    0.000000e+00
   3.246925e-03    2.392598e+04    3.237893e+00    2.392275e+04    0.000000e+00    3.951885e+03   -2.145013e+01    1.163407e+01    3.707070e+03    0.000000e+00
   3.335006e-03    2.297513e+04    3.190562e+00    2.297193e+04    0.000000e+00    3.846188e+03   -2.116398e+01    1.153670e+01    3.650256e+03    0.000000e+00
   3.425477e-03    2.206179e+04    3.138332e+00    2.205865e+04    0.000000e+00    3.743285e+03   -2.088158e+01    1.142984e+01    3.591900e+03    0.000000e+00
   3.518402e-03    2.118453e+04    3.100309e+00    2.118143e+04    0.000000e+00    3.643102e+03   -2.060289e+01    1.135094e+01    3.531961e+03    0.000000e+00
   3.613847e-03    2.034190e+04    3.064356e+00    2.033883e+04    0.000000e+00    3.545568e+03   -2.032785e+01    1.127666e+01    3.470396e+03    0.000000e+00
   3.711882e-03    1.953253e+04    3.023668e+00    1.952951e+04    0.000000e+00    3.450612e+03   -2.005642e+01    1.119198e+01    3.407161e+03    0.000000e+00
   3.812576e-03    1.875512e+04    2.979014e+00    1.875214e+04    0.000000e+00    3.358166e+03   -1.978855e+01    1.109852e+01    3.342210e+03    0.000000e+00
   3.916002e-03    1.800841e+04    2.931212e+00    1.800548e+04    0.000000e+00    3.268164e+03   -1.952419e+01    1.099821e+01    3.275498e+03    0.000000e+00
   4.022233e-03    1.729120e+04    2.896545e+00    1.728831e+04    0.000000e+00    3.180541e+03   -1.926330e+01    1.092481e+01    3.206976e+03    0.000000e+00
   4.131346e-03    1.660233e+04    2.861835e+00    1.659947e+04    0.000000e+00    3.095236e+03   -1.900582e+01    1.085164e+01    3.136595e+03    0.000000e+00
   4.243420e-03    1.594067e+04    2.823905e+00    1.593784e+04    0.000000e+00    3.012186e+03   -1.875171e+01    1.077064e+01    3.064304e+03    0.000000e+00
   4.358533e-03    1.530514e+04    2.783400e+00    1.530236e+04    0.000000e+00    2.931331e+03   -1.850093e+01    1.068444e+01    2.990053e+03    0.000000e+00
   4.476769e-03    1.469473e+04    2.740833e+00    1.469199e+04    0.000000e+00    2.852615e+03   -1.825343e+01    1.059286e+01    2.913787e+03    0.000000e+00
   4.598213e-03    1.410845e+04    2.703351e+00    1.410575e+04    0.000000e+00    2.775981e+03   -1.800916e+01    1.051227e+01    2.835453e+03    0.000000e+00
   4.722951e-03    1.354536e+04    2.671250e+00    1.354268e+04    0.000000e+00    2.701373e+03   -1.776810e+01    1.044279e+01    2.754993e+03    0.000000e+00
   4.851073e-03    1.300452e+04    2.636988e+00    1.300188e+04    0.000000e+00    2.628738e+03   -1.753018e+01    1.036812e+01    2.672351e+03    0.000000e+00
   4.982671e-03    1.248506e+04    2.601017e+00    1.248246e+04    0.000000e+00    2.558024e+03   -1.729537e+01    1.028994e+01    2.587467e+03    0.000000e+00
   5.117839e-03    1.198615e+04    2.563719e+00    1.198358e+04    0.000000e+00    2.489181e+03   -1.706363e+01    1.020775e+01    2.500280e+03    0.000000e+00
   5.256673e-03    1.150697e+04    2.525438e+00    1.150444e+04    0.000000e+00    2.422159e+03   -1.683491e+01    1.012393e+01    2.410728e+03    0.000000e+00
   5.399273e-03    1.104675e+04    2.490547e+00    1.104426e+04    0.000000e+00    2.356910e+03   -1.660917e+01    1.004639e+01    2.318747e+03    0.000000e+00
   5.545742e-03    1.060474e+04    2.460065e+00    1.060228e+04    0.000000e+00    2.293386e+03   -1.638639e+01    9.979030e+00    2.224271e+03    0.000000e+00
   5.696185e-03    1.018022e+04    2.428440e+00    1.017780e+04    0.000000e+00    2.231544e+03   -1.616650e+01    9.908448e+00    2.127231e+03    0.000000e+00
   5.850708e-03    9.772510e+03    2.395952e+00    9.770114e+03    0.000000e+00    2.171338e+03   -1.594949e+01    9.835667e+00    2.027559e+03    0.000000e+00
   6.009423e-03    9.380937e+03    2.362852e+00    9.378574e+03    0.000000e+00    2.112724e+03   -1.573530e+01    9.761393e+00    1.937744e+03    0.000000e+00
   6.172444e-03    9.004868e+03    2.329348e+00    9.002539e+03    0.000000e+00    2.055662e+03   -1.552389e+01    9.685477e+00    1.902689e+03    0.000000e+00
   6.339887e-03    8.643693e+03    2.295662e+00    8.641398e+03    0.000000e+00    2.000110e+03   -1.531524e+01    9.609355e+00    1.866683e+03    0.000000e+00
   6.511873e-03    8.296826e+03    2.262053e+00    8.294564e+03    0.000000e+00    1.946029e+03   -1.510931e+01    9.532402e+00    1.829701e+03    0.000000e+00
   6.688524e-03    7.963706e+03    2.233641e+00    7.961473e+03    0.000000e+00    1.893378e+03   -1.490605e+01    9.467753e+00    1.791715e+03    0.000000e+00
   6.869967e-03    7.643788e+03    2.204801e+00    7.641584e+03    0.000000e+00    1.842122e+03   -1.470544e+01    9.401264e+00    1.752699e+03    0.000000e+00
   7.056332e-03    7.336551e+03    2.175701e+00    7.334376e+03    0.000000e+00    1.792222e+03   -1.450744e+01    9.334279e+00    1.712624e+03    0.000000e+00
   7.247753e-03    7.041496e+03    2.146470e+00    7.039349e+03    0.000000e+00    1.743644e+03   -1.431200e+01    9.266551e+00    1.671462e+03    0.000000e+00
   7.444367e-03    6.758141e+03    2.117232e+00    6.756024e+03    0.000000e+00    1.696351e+03   -1.411910e+01    9.198421e+00    1.629184e+03    0.000000e+00
   7.646314e-03    6.486027e+03    2.088102e+00    6.483939e+03    0.000000e+00    1.650312e+03   -1.392870e+01    9.130526e+00    1.585759e+03    0.000000e+00
   7.853740e-03    6.224709e+03    2.059142e+00    6.222650e+03    0.000000e+00    1.605491e+03   -1.374078e+01    9.062261e+00    1.541155e+03    0.000000e+00
   8.066792e-03    5.973763e+03    2.030432e+00    5.971733e+03    0.000000e+00    1.561858e+03   -1.355528e+01    8.994914e+00    1.495342e+03    0.000000e+00
   8.285624e-03    5.732780e+03    2.002024e+00    5.730778e+03    0.000000e+00    1.519380e+03   -1.337219e+01    8.927314e+00    1.448286e+03    0.000000e+00
   8.510393e-03    5.501366e+03    1.973987e+00    5.499392e+03    0.000000e+00    1.478028e+03   -1.319147e+01    8.860989e+00    1.399953e+03    0.000000e+00
   8.741259e-03    5.279144e+03    1.946330e+00    5.277198e+03    0.000000e+00    1.437772e+03   -1.301309e+01    8.794730e+00    1.350310e+03    0.000000e+00
   8.978388e-03    5.065752e+03    1.919108e+00    5.063833e+03    0.000000e+00    1.398582e+03   -1.283702e+01    8.729602e+00    1.300186e+03    0.000000e+00
   9.221949e-03    4.860842e+03    1.892747e+00    4.858950e+03    0.000000e+00    1.360431e+03   -1.266322e+01    8.666031e+00    1.273995e+03    0.000000e+00
   9.472118e-03    4.664080e+03    1.867227e+00    4.662213e+03    0.000000e+00    1.323292e+03   -1.249166e+01    8.604261e+00    1.247093e+03    0.000000e+00
   9.729073e-03    4.475143e+03    1.841904e+00    4.473301e+03    0.000000e+00    1.287137e+03   -1.232233e+01    8.542840e+00    1.219461e+03    0.000000e+00
   9.992999e-03    4.293722e+03    1.816794e+00    4.291905e+03    0.000000e+00    1.251940e+03   -1.215517e+01    8.481336e+00    1.191080e+03    0.000000e+00
   1.026408e-02    4.119522e+03    1.791930e+00    4.117730e+03    0.000000e+00    1.217677e+03   -1.199017e+01    8.420669e+00    1.161929e+03    0.000000e+00
   1.054252e-02    3.952256e+03    1.767297e+00    3.950489e+03    0.000000e+00    1.184323e+03   -1.182730e+01    8.359712e+00    1.131987e+03    0.000000e+00
   1.082852e-02    3.791652e+03    1.742920e+00    3.789909e+03    0.000000e+00    1.151854e+03   -1.166652e+01    8.299784e+00    1.101232e+03    0.000000e+00
   1.112227e-02    3.637447e+03    1.718777e+00    3.635728e+03    0.000000e+00    1.120246e+03   -1.150782e+01    8.239665e+00    1.069644e+03    0.000000e+00
   1.142399e-02    3.489387e+03    1.694883e+00    3.487692e+03    0.000000e+00    1.089477e+03   -1.135115e+01    8.180239e+00    1.037198e+03    0.000000e+00
   1.173389e-02    3.347230e+03    1.671213e+00    3.345559e+03    0.000000e+00    1.059524e+03   -1.119650e+01    8.120915e+00    1.003872e+03    0.000000e+00
   1.205220e-02    3.210745e+03    1.648370e+00    3.209096e+03    0.000000e+00    1.030367e+03   -1.104384e+01    8.063449e+00    9.735891e+02    0.000000e+00
   1.237915e-02    3.079706e+03    1.626027e+00    3.078080e+03    0.000000e+00    1.001984e+03   -1.089313e+01    8.007107e+00    9.524895e+02    0.000000e+00
   1.271496e-02    2.953898e+03    1.603950e+00    2.952294e+03    0.000000e+00    9.743549e+02   -1.074436e+01    7.950903e+00    9.308175e+02    0.000000e+00
   1.305989e-02    2.833114e+03    1.582113e+00    2.831532e+03    0.000000e+00    9.474597e+02   -1.059749e+01    7.895517e+00    9.085576e+02    0.000000e+00
   1.341417e-02    2.717157e+03    1.560483e+00    2.715596e+03    0.000000e+00    9.212790e+02   -1.045251e+01    7.839878e+00    8.856938e+02    0.000000e+00
   1.377807e-02    2.605835e+03    1.539026e+00    2.604296e+03    0.000000e+00    8.957942e+02   -1.030938e+01    7.785054e+00    8.622098e+02    0.000000e+00
   1.415183e-02    2.498965e+03    1.517715e+00    2.497447e+03    0.000000e+00    8.709869e+02   -1.016808e+01    7.729897e+00    8.380887e+02    0.000000e+00
   1.453574e-02    2.396371e+03    1.496511e+00    2.394874e+03    0.000000e+00    8.468392e+02   -1.002859e+01    7.675083e+00    8.133133e+02    0.000000e+00
   1.493005e-02    2.297884e+03    1.475386e+00    2.296408e+03    0.000000e+00    8.233337e+02   -9.890878e+00    7.620046e+00    7.878658e+02    0.000000e+00
   1.533507e-02    2.203341e+03    1.454304e+00    2.201887e+03    0.000000e+00    8.004537e+02   -9.754924e+00    7.564938e+00    7.699953e+02    0.000000e+00
   1.575107e-02    2.112588e+03    1.433457e+00    2.111154e+03    0.000000e+00    7.781825e+02   -9.620704e+00    7.510233e+00    7.520923e+02    0.000000e+00
   1.617836e-02    2.025474e+03    1.414204e+00    2.024060e+03    0.000000e+00    7.565041e+02   -9.488196e+00    7.459329e+00    7.337036e+02    0.000000e+00
   1.661724e-02    1.941856e+03    1.394889e+00    1.940461e+03    0.000000e+00    7.354030e+02   -9.357375e+00    7.408335e+00    7.148160e+02    0.000000e+00
   1.706802e-02    1.861594e+03    1.375474e+00    1.860218e+03    0.000000e+00    7.148640e+02   -9.228218e+00    7.356412e+00    6.954161e+02    0.000000e+00
   1.753104e-02    1.784555e+03    1.355926e+00    1.783199e+03    0.000000e+00    6.948723e+02   -9.100701e+00    7.304467e+00    6.754899e+02    0.000000e+00
   1.800661e-02    1.710613e+03    1.336214e+00    1.709277e+03    0.000000e+00    6.754134e+02   -8.974804e+00    7.251303e+00    6.558337e+02    0.000000e+00
   1.849509e-02    1.639645e+03    1.317812e+00    1.638327e+03    0.000000e+00    6.564734e+02   -8.850507e+00    7.201944e+00    6.408131e+02    0.000000e+00
   1.899681e-02    1.571533e+03    1.299753e+00    1.570234e+03    0.000000e+00    6.380386e+02   -8.727786e+00    7.152913e+00    6.253851e+02    0.000000e+00
   1.951215e-02    1.506164e+03    1.281394e+00    1.504883e+03    0.000000e+00    6.200958e+02   -8.606620e+00    7.103094e+00    6.095385e+02    0.000000e+00
   2.004146e-02    1.443429e+03    1.262711e+00    1.442166e+03    0.000000e+00    6.026319e+02   -8.486986e+00    7.052019e+00    5.932621e+02    0.000000e+00
   2.058514e-02    1.383224e+03    1.245161e+00    1.381979e+03    0.000000e+00    5.856344e+02   -8.368868e+00    7.003871e+00    5.765441e+02    0.000000e+00
   2.114356e-02    1.325449e+03    1.227922e+00    1.324221e+03    0.000000e+00    5.690910e+02   -8.252242e+00    6.956420e+00    5.610067e+02    0.000000e+00
   2.171714e-02    1.270006e+03    1.210221e+00    1.268796e+03    0.000000e+00    5.529898e+02   -8.137088e+00    6.907315e+00    5.477735e+02    0.000000e+00
   2.230627e-02    1.216805e+03    1.192824e+00    1.215612e+03    0.000000e+00    5.373192e+02   -8.023388e+00    6.859083e+00    5.341814e+02    0.000000e+00
   2.291138e-02    1.165756e+03    1.176379e+00    1.164579e+03    0.000000e+00    5.220679e+02   -7.911122e+00    6.812941e+00    5.202205e+02    0.000000e+00
   2.353291e-02    1.116773e+03    1.159338e+00    1.115613e+03    0.000000e+00    5.072247e+02   -7.800268e+00    6.765373e+00    5.058809e+02    0.000000e+00
   2.417130e-02    1.069774e+03    1.142798e+00    1.068632e+03    0.000000e+00    4.927791e+02   -7.690811e+00    6.718506e+00    4.924345e+02    0.000000e+00
   2.482701e-02    1.024682e+03    1.126773e+00    1.023555e+03    0.000000e+00    4.787206e+02   -7.582730e+00    6.673412e+00    4.806631e+02    0.000000e+00
   2.550051e-02    9.814188e+02    1.110032e+00    9.803088e+02    0.000000e+00    4.650390e+02   -7.476005e+00    6.625631e+00    4.685724e+02    0.000000e+00
   2.619227e-02    9.399143e+02    1.094737e+00    9.388196e+02    0.000000e+00    4.517244e+02   -7.370623e+00    6.582121e+00    4.561537e+02    0.000000e+00
   2.690280e-02    9.000965e+02    1.078745e+00    8.990177e+02    0.000000e+00    4.387672e+02   -7.266560e+00    6.536148e+00    4.433981e+02    0.000000e+00
   2.763261e-02    8.618996e+02    1.063449e+00    8.608362e+02    0.000000e+00    4.261580e+02   -7.163802e+00    6.492147e+00    4.328825e+02    0.000000e+00
   2.838221e-02    8.252585e+02    1.048031e+00    8.242104e+02    0.000000e+00    4.138877e+02   -7.062329e+00    6.447489e+00    4.221116e+02    0.000000e+00
   2.915215e-02    7.901117e+02    1.033001e+00    7.890787e+02    0.000000e+00    4.019473e+02   -6.962127e+00    6.403785e+00    4.110485e+02    0.000000e+00
   2.994298e-02    7.563995e+02    1.017969e+00    7.553815e+02    0.000000e+00    3.903283e+02   -6.863176e+00    6.359912e+00    3.997945e+02    0.000000e+00
   3.075526e-02    7.240651e+02    1.003380e+00    7.230617e+02    0.000000e+00    3.790221e+02   -6.765461e+00    6.317028e+00    3.902401e+02    0.000000e+00
   3.158957e-02    6.930530e+02    9.885417e-01    6.920645e+02    0.000000e+00    3.680207e+02   -6.668964e+00    6.273385e+00    3.804265e+02    0.000000e+00
   3.244652e-02    6.633116e+02    9.744950e-01    6.623371e+02    0.000000e+00    3.573159e+02   -6.573671e+00    6.231647e+00    3.703467e+02    0.000000e+00
   3.332671e-02    6.347890e+02    9.599987e-01    6.338290e+02    0.000000e+00    3.469001e+02   -6.479563e+00    6.188675e+00    3.608447e+02    0.000000e+00
   3.423079e-02    6.074377e+02    9.462019e-01    6.064915e+02    0.000000e+00    3.367656e+02   -6.386628e+00    6.147245e+00    3.519778e+02    0.000000e+00
   3.515938e-02    5.812104e+02    9.324128e-01    5.802780e+02    0.000000e+00    3.269051e+02   -6.294847e+00    6.106042e+00    3.428703e+02    0.000000e+00
   3.611317e-02    5.560620e+02    9.184343e-01    5.551435e+02    0.000000e+00    3.173115e+02   -6.204204e+00    6.063645e+00    3.338644e+02    0.000000e+00
   3.709283e-02    5.319503e+02    9.051974e-01    5.310451e+02    0.000000e+00    3.079776e+02   -6.114689e+00    6.023758e+00    3.257292e+02    0.000000e+00
   3.809907e-02    5.088332e+02    8.919471e-01    5.079412e+02    0.000000e+00    2.988968e+02   -6.026283e+00    5.983222e+00    3.173733e+02    0.000000e+00
   3.913260e-02    4.866709e+02    8.786582e-01    4.857922e+02    0.000000e+00    2.900624e+02   -5.938971e+00    5.942761e+00    3.090994e+02    0.000000e+00
   4.019417e-02    4.654254e+02    8.655075e-01    4.645598e+02    0.000000e+00    2.814679e+02   -5.852739e+00    5.902185e+00    3.015382e+02    0.000000e+00
   4.128454e-02    4.450603e+02    8.528734e-01    4.442075e+02    0.000000e+00    2.731070e+02   -5.767576e+00    5.863316e+00    2.937719e+02    0.000000e+00
   4.240449e-02    4.255401e+02    8.402744e-01    4.246998e+02    0.000000e+00    2.649738e+02   -5.683465e+00    5.824112e+00    2.863082e+02    0.000000e+00
   4.355482e-02    4.068308e+02    8.277571e-01    4.060030e+02    0.000000e+00    2.570621e+02   -5.600391e+00    5.785193e+00    2.792022e+02    0.000000e+00
   4.473635e-02    3.889000e+02    8.153570e-01    3.880846e+02    0.000000e+00    2.493663e+02   -5.518343e+00    5.746272e+00    2.719035e+02    0.000000e+00
   4.594994e-02    3.717165e+02    8.030986e-01    3.709134e+02    0.000000e+00    2.418806e+02   -5.437306e+00    5.707760e+00    2.652502e+02    0.000000e+00
   4.719645e-02    3.552503e+02    7.909991e-01    3.544593e+02    0.000000e+00    2.345996e+02   -5.357267e+00    5.669437e+00    2.585075e+02    0.000000e+00
   4.847677e-02    3.394727e+02    7.790676e-01    3.386936e+02    0.000000e+00    2.275179e+02   -5.278214e+00    5.631565e+00    2.519835e+02    0.000000e+00
   4.979183e-02    3.243559e+02    7.673080e-01    3.235886e+02    0.000000e+00    2.206304e+02   -5.200134e+00    5.593972e+00    2.457018e+02    0.000000e+00
   5.114255e-02    3.098733e+02    7.557162e-01    3.091176e+02    0.000000e+00    2.139319e+02   -5.123013e+00    5.556796e+00    2.394135e+02    0.000000e+00
   5.252993e-02    2.959995e+02    7.442847e-01    2.952553e+02    0.000000e+00    2.074175e+02   -5.046840e+00    5.519910e+00    2.335176e+02    0.000000e+00
   5.395493e-02    2.827099e+02    7.330031e-01    2.819769e+02    0.000000e+00    2.010824e+02   -4.971602e+00    5.483353e+00    2.275209e+02    0.000000e+00
   5.541860e-02    2.699810e+02    7.218553e-01    2.692591e+02    0.000000e+00    1.949220e+02   -4.897288e+00    5.447039e+00    2.219507e+02    0.000000e+00
   5.692197e-02    2.577900e+02    7.108239e-01    2.570792e+02    0.000000e+00    1.889316e+02   -4.823884e+00    5.410925e+00    2.162709e+02    0.000000e+00
   5.846612e-02    2.461153e+02    6.998896e-01    2.454154e+02    0.000000e+00    1.831069e+02   -4.751380e+00    5.374957e+00    2.109771e+02    0.000000e+00
   6.005216e-02    2.349359e+02    6.890311e-01    2.342469e+02    0.000000e+00    1.774434e+02   -4.679764e+00    5.339028e+00    2.056205e+02    0.000000e+00
   6.168123e-02    2.242320e+02    6.784059e-01    2.235536e+02    0.000000e+00    1.719371e+02   -4.609026e+00    5.303670e+00    2.005626e+02    0.000000e+00
   6.335449e-02    2.139843e+02    6.679723e-01    2.133163e+02    0.000000e+00    1.665838e+02   -4.539153e+00    5.268759e+00    1.955246e+02    0.000000e+00
   6.507314e-02    2.041740e+02    6.575562e-01    2.035165e+02    0.000000e+00    1.613795e+02   -4.470135e+00    5.233741e+00    1.906687e+02    0.000000e+00
   6.683841e-02    1.947836e+02    6.472502e-01    1.941364e+02    0.000000e+00    1.563203e+02   -4.401960e+00    5.198909e+00    1.859378e+02    0.000000e+00
   6.865157e-02    1.857962e+02    6.372074e-01    1.851590e+02    0.000000e+00    1.514025e+02   -4.334620e+00    5.164777e+00    1.812555e+02    0.000000e+00
   7.051392e-02    1.771949e+02    6.271058e-01    1.765678e+02    0.000000e+00    1.466223e+02   -4.268102e+00    5.130287e+00    1.768165e+02    0.000000e+00
   7.242679e-02    1.689646e+02    6.173186e-01    1.683472e+02    0.000000e+00    1.419762e+02   -4.202398e+00    5.096655e+00    1.724078e+02    0.000000e+00
   7.439155e-02    1.610896e+02    6.074791e-01    1.604821e+02    0.000000e+00    1.374607e+02   -4.137495e+00    5.062715e+00    1.681195e+02    0.000000e+00
   7.640961e-02    1.535558e+02    5.979241e-01    1.529579e+02    0.000000e+00    1.330724e+02   -4.073387e+00    5.029508e+00    1.639893e+02    0.000000e+00
   7.848241e-02    1.463490e+02    5.883298e-01    1.457607e+02    0.000000e+00    1.288079e+02   -4.010060e+00    4.996073e+00    1.599172e+02    0.000000e+00
   8.061145e-02    1.394560e+02    5.789825e-01    1.388770e+02    0.000000e+00    1.246641e+02   -3.947508e+00    4.963209e+00    1.559363e+02    0.000000e+00
   8.279823e-02    1.328639e+02    5.697110e-01    1.322941e+02    0.000000e+00    1.206378e+02   -3.885720e+00    4.930560e+00    1.521188e+02    0.000000e+00
   8.504435e-02    1.265601e+02    5.604920e-01    1.259997e+02    0.000000e+00    1.167259e+02   -3.824686e+00    4.897763e+00    1.483700e+02    0.000000e+00
   8.735139e-02    1.205331e+02    5.514284e-01    1.199817e+02    0.000000e+00    1.129254e+02   -3.764398e+00    4.865518e+00    1.446991e+02    0.000000e+00
   8.972102e-02    1.147714e+02    5.425204e-01    1.142289e+02    0.000000e+00    1.092335e+02   -3.704848e+00    4.833427e+00    1.411122e+02    0.000000e+00
   9.215493e-02    1.092640e+02    5.336966e-01    1.087303e+02    0.000000e+00    1.056473e+02   -3.646025e+00    4.801705e+00    1.376595e+02    0.000000e+00
   9.465486e-02    1.040004e+02    5.249727e-01    1.034754e+02    0.000000e+00    1.021641e+02   -3.587922e+00    4.769879e+00    1.342835e+02    0.000000e+00
   9.722262e-02    9.897047e+01    5.163495e-01    9.845412e+01    0.000000e+00    9.878112e+01   -3.530529e+00    4.738552e+00    1.309856e+02    0.000000e+00
   9.986002e-02    9.416462e+01    5.078378e-01    9.365678e+01    0.000000e+00    9.549582e+01   -3.473840e+00    4.707160e+00    1.277672e+02    0.000000e+00
   1.025690e-01    8.957351e+01    4.994298e-01    8.907408e+01    0.000000e+00    9.230563e+01   -3.417844e+00    4.676220e+00    1.246285e+02    0.000000e+00
   1.053514e-01    8.518820e+01    4.911214e-01    8.469708e+01    0.000000e+00    8.920806e+01   -3.362536e+00    4.645255e+00    1.215688e+02    0.000000e+00
   1.082093e-01    8.100012e+01    4.829047e-01    8.051721e+01    0.000000e+00    8.620070e+01   -3.307905e+00    4.614599e+00    1.185868e+02    0.000000e+00
   1.111448e-01    7.700101e+01    4.747699e-01    7.652624e+01    0.000000e+00    8.328120e+01   -3.253945e+00    4.583961e+00    1.156808e+02    0.000000e+00
   1.141599e-01    7.318307e+01    4.668141e-01    7.271625e+01    0.000000e+00    8.044725e+01   -3.200649e+00    4.553842e+00    1.128486e+02    0.000000e+00
   1.172568e-01    6.953858e+01    4.589233e-01    6.907965e+01    0.000000e+00    7.769663e+01   -3.148009e+00    4.523798e+00    1.100880e+02    0.000000e+00
   1.204376e-01    6.606024e+01    4.510805e-01    6.560916e+01    0.000000e+00    7.502714e+01   -3.096016e+00    4.493674e+00    1.073964e+02    0.000000e+00
   1.237048e-01    6.274119e+01    4.434177e-01    6.229777e+01    0.000000e+00    7.243667e+01   -3.044666e+00    4.464173e+00    1.047713e+02    0.000000e+00
   1.270606e-01    5.957454e+01    4.357828e-01    5.913876e+01    0.000000e+00    6.992315e+01   -2.993948e+00    4.434393e+00    1.022099e+02    0.000000e+00
   1.305075e-01    5.655398e+01    4.282974e-01    5.612568e+01    0.000000e+00    6.748455e+01   -2.943859e+00    4.405255e+00    9.970982e+01    0.000000e+00
   1.340478e-01    5.367319e+01    4.208506e-01    5.325234e+01    0.000000e+00    6.511892e+01   -2.894389e+00    4.375853e+00    9.726831e+01    0.000000e+00
   1.376842e-01    5.092633e+01    4.135438e-01    5.051279e+01    0.000000e+00    6.282433e+01   -2.845534e+00    4.346977e+00    9.488654e+01    0.000000e+00
   1.414192e-01    4.830764e+01    4.063184e-01    4.790132e+01    0.000000e+00    6.059892e+01   -2.797286e+00    4.318118e+00    9.257299e+01    0.000000e+00
   1.452556e-01    4.581162e+01    3.991692e-01    4.541245e+01    0.000000e+00    5.844087e+01   -2.749639e+00    4.289391e+00    9.031063e+01    0.000000e+00
   1.491960e-01    4.343303e+01    3.921069e-01    4.304092e+01    0.000000e+00    5.634841e+01   -2.702586e+00    4.260857e+00    8.809701e+01    0.000000e+00
   1.532433e-01    4.116682e+01    3.851373e-01    4.078168e+01    0.000000e+00    5.431979e+01   -2.656122e+00    4.232359e+00    8.594440e+01    0.000000e+00
   1.574004e-01    3.900815e+01    3.782623e-01    3.862989e+01    0.000000e+00    5.235334e+01   -2.610239e+00    4.204246e+00    8.384196e+01    0.000000e+00
   1.616703e-01    3.695236e+01    3.714805e-01    3.658088e+01    0.000000e+00    5.044742e+01   -2.564934e+00    4.176121e+00    8.178441e+01    0.000000e+00
   1.660560e-01    3.499499e+01    3.647877e-01    3.463021e+01    0.000000e+00    4.860040e+01   -2.520199e+00    4.148303e+00    7.978456e+01    0.000000e+00
   1.705607e-01    3.313175e+01    3.581772e-01    3.277357e+01    0.000000e+00    4.681075e+01   -2.476029e+00    4.120548e+00    7.782332e+01    0.000000e+00
   1.751876e-01    3.135851e+01    3.516413e-01    3.100687e+01    0.000000e+00    4.507692e+01   -2.432417e+00    4.092860e+00    7.591705e+01    0.000000e+00
   1.799400e-01    2.967134e+01    3.451828e-01    2.932615e+01    0.000000e+00    4.339743e+01   -2.389360e+00    4.065401e+00    7.404975e+01    0.000000e+00
   1.848214e-01    2.806647e+01    3.388341e-01    2.772764e+01    0.000000e+00    4.177084e+01   -2.346851e+00    4.038023e+00    7.222822e+01    0.000000e+00
   1.898351e-01    2.654022e+01    3.325349e-01    2.620769e+01    0.000000e+00    4.019572e+01   -2.304885e+00    4.010825e+00    7.045049e+01    0.000000e+00
   1.949849e-01    2.508917e+01    3.263511e-01    2.476282e+01    0.000000e+00    3.867069e+01   -2.263457e+00    3.983803e+00    6.871130e+01    0.000000e+00
   2.002743e-01    2.370992e+01    3.202242e-01    2.338970e+01    0.000000e+00    3.719442e+01   -2.222562e+00    3.956783e+00    6.701170e+01    0.000000e+00
   2.057073e-01    2.239928e+01    3.141810e-01    2.208510e+01    0.000000e+00    3.576559e+01   -2.182194e+00    3.930015e+00    6.535490e+01    0.000000e+00
   2.112876e-01    2.115419e+01    3.082281e-01    2.084596e+01    0.000000e+00    3.438291e+01   -2.142350e+00    3.903275e+00    6.373486e+01    0.000000e+00
   2.170193e-01    1.997168e+01    3.023478e-01    1.966933e+01    0.000000e+00    3.304514e+01   -2.103024e+00    3.876753e+00    6.215120e+01    0.000000e+00
   2.229065e-01    1.884892e+01    2.965434e-01    1.855237e+01    0.000000e+00    3.175106e+01   -2.064211e+00    3.850303e+00    6.060323e+01    0.000000e+00
   2.289534e-01    1.778320e+01    2.908156e-01    1.749238e+01    0.000000e+00    3.049947e+01   -2.025906e+00    3.823861e+00    5.909009e+01    0.000000e+00
   2.351644e-01    1.677192e+01    2.851627e-01    1.648675e+01    0.000000e+00    2.928923e+01   -1.988107e+00    3.797711e+00    5.761074e+01    0.000000e+00
   2.415438e-01    1.581257e+01    2.795815e-01    1.553299e+01    0.000000e+00    2.811918e+01   -1.950806e+00    3.771530e+00    5.616409e+01    0.000000e+00
   2.480963e-01    1.490279e+01    2.740847e-01    1.462871e+01    0.000000e+00    2.698823e+01   -1.914002e+00    3.745483e+00    5.474896e+01    0.000000e+00
   2.548265e-01    1.404027e+01    2.686620e-01    1.377161e+01    0.000000e+00    2.589530e+01   -1.877689e+00    3.719631e+00    5.336701e+01    0.000000e+00
   2.617393e-01    1.322281e+01    2.633024e-01    1.295951e+01    0.000000e+00    2.483934e+01   -1.841862e+00    3.693723e+00    5.201484e+01    0.000000e+00
   2.688397e-01    1.244831e+01    2.580298e-01    1.219028e+01    0.000000e+00    2.381931e+01   -1.806519e+00    3.668016e+00    5.069075e+01    0.000000e+00
   2.761326e-01    1.171475e+01    2.528216e-01    1.146193e+01    0.000000e+00    2.283421e+01   -1.771654e+00    3.642405e+00    4.939706e+01    0.000000e+00
   2.836234e-01    1.102020e+01    2.476807e-01    1.077252e+01    0.000000e+00    2.188306e+01   -1.737264e+00    3.616764e+00    4.813003e+01    0.000000e+00
   2.913174e-01    1.036281e+01    2.426203e-01    1.012019e+01    0.000000e+00    2.096492e+01   -1.703345e+00    3.591316e+00    4.689117e+01    0.000000e+00
   2.992202e-01    9.740805e+00    2.376284e-01    9.503177e+00    0.000000e+00    2.007883e+01   -1.669892e+00    3.565958e+00    4.567746e+01    0.000000e+00
   3.073373e-01    9.152487e+00    2.327047e-01    8.919782e+00    0.000000e+00    1.922389e+01   -1.636903e+00    3.540581e+00    4.449065e+01    0.000000e+00
   3.156746e-01    8.596229e+00    2.278486e-01    8.368381e+00    0.000000e+00    1.839921e+01   -1.604373e+00    3.515326e+00    4.332872e+01    0.000000e+00
   3.242380e-01    8.070484e+00    2.230659e-01    7.847418e+00    0.000000e+00    1.760392e+01   -1.572299e+00    3.490190e+00    4.219089e+01    0.000000e+00
   3.330338e-01    7.573758e+00    2.183517e-01    7.355406e+00    0.000000e+00    1.683717e+01   -1.540677e+00    3.465043e+00    4.107678e+01    0.000000e+00
   3.420682e-01    7.104619e+00    2.136991e-01    6.890920e+00    0.000000e+00    1.609814e+01   -1.509503e+00    3.439945e+00    3.998586e+01    0.000000e+00
   3.513477e-01    6.661718e+00    2.091209e-01    6.452597e+00    0.000000e+00    1.538600e+01   -1.478775e+00    3.415006e+00    3.891750e+01    0.000000e+00
   3.608789e-01    6.243738e+00    2.046028e-01    6.039136e+00    0.000000e+00    1.469998e+01   -1.448487e+00    3.390022e+00    3.787100e+01    0.000000e+00
   3.706686e-01    5.849444e+00    2.001551e-01    5.649289e+00    0.000000e+00    1.403931e+01   -1.418637e+00    3.365052e+00    3.684563e+01    0.000000e+00
   3.807239e-01    5.477638e+00    1.957730e-01    5.281865e+00    0.000000e+00    1.340322e+01   -1.389222e+00    3.340264e+00    3.584197e+01    0.000000e+00
   3.910520e-01    5.127181e+00    1.914549e-01    4.935726e+00    0.000000e+00    1.279098e+01   -1.360238e+00    3.315451e+00    3.485820e+01    0.000000e+00
   4.016603e-01    4.796984e+00    1.872008e-01    4.609783e+00    0.000000e+00    1.220188e+01   -1.331682e+00    3.290618e+00    3.389453e+01    0.000000e+00
   4.125564e-01    4.486008e+00    1.830099e-01    4.302998e+00    0.000000e+00    1.163521e+01   -1.303549e+00    3.265848e+00    3.294990e+01    0.000000e+00
   4.237480e-01    4.193260e+00    1.788834e-01    4.014376e+00    0.000000e+00    1.109029e+01   -1.275838e+00    3.241153e+00    3.202487e+01    0.000000e+00
   4.352432e-01    3.917793e+00    1.748216e-01    3.742971e+00    0.000000e+00    1.056645e+01   -1.248545e+00    3.216441e+00    3.111817e+01    0.000000e+00
   4.470503e-01    3.658695e+00    1.708184e-01    3.487877e+00    0.000000e+00    1.006304e+01   -1.221666e+00    3.191684e+00    3.022957e+01    0.000000e+00
   4.591777e-01    3.415112e+00    1.668815e-01    3.248230e+00    0.000000e+00    9.579420e+00   -1.195199e+00    3.167024e+00    2.935873e+01    0.000000e+00
   4.716340e-01    3.186211e+00    1.630040e-01    3.023207e+00    0.000000e+00    9.114968e+00   -1.169140e+00    3.142375e+00    2.850523e+01    0.000000e+00
   4.844283e-01    2.971209e+00    1.591869e-01    2.812022e+00    0.000000e+00    8.669079e+00   -1.143485e+00    3.117687e+00    2.766862e+01    0.000000e+00
   4.975696e-01    2.769357e+00    1.554306e-01    2.613926e+00    0.000000e+00    8.241160e+00   -1.118232e+00    3.092965e+00    2.684913e+01    0.000000e+00
   5.110675e-01    2.579940e+00    1.517346e-01    2.428205e+00    0.000000e+00    7.830634e+00   -1.093378e+00    3.068267e+00    2.604562e+01    0.000000e+00
   5.249315e-01    2.402277e+00    1.480979e-01    2.254179e+00    0.000000e+00    7.436935e+00   -1.068919e+00    3.043596e+00    2.525846e+01    0.000000e+00
   5.391716e-01    2.235718e+00    1.445191e-01    2.091199e+00    0.000000e+00    7.059515e+00   -1.044852e+00    3.018870e+00    2.448689e+01    0.000000e+00
   5.537980e-01    2.079650e+00    1.410000e-01    1.938650e+00    0.000000e+00    6.697836e+00   -1.021174e+00    2.994102e+00    2.373079e+01    0.000000e+00
   5.688211e-01    1.933481e+00    1.375375e-01    1.795943e+00    0.000000e+00    6.351375e+00   -9.978816e-01    2.969274e+00    2.298996e+01    0.000000e+00
   5.842519e-01    1.796656e+00    1.341338e-01    1.662522e+00    0.000000e+00    6.019621e+00   -9.749721e-01    2.944470e+00    2.226412e+01    0.000000e+00
   6.001012e-01    1.668640e+00    1.307862e-01    1.537854e+00    0.000000e+00    5.702077e+00   -9.524419e-01    2.919630e+00    2.155296e+01    0.000000e+00
   6.163804e-01    1.548929e+00    1.274948e-01    1.421434e+00    0.000000e+00    5.398258e+00   -9.302880e-01    2.894721e+00    2.085627e+01    0.000000e+00
   6.331013e-01    1.437044e+00    1.242593e-01    1.312784e+00    0.000000e+00    5.107691e+00   -9.085071e-01    2.869741e+00    2.017398e+01    0.000000e+00
   6.502758e-01    1.332527e+00    1.210788e-01    1.211448e+00    0.000000e+00    4.829914e+00   -8.870959e-01    2.844685e+00    1.950576e+01    0.000000e+00
   6.679162e-01    1.234945e+00    1.179527e-01    1.116992e+00    0.000000e+00    4.564479e+00   -8.660513e-01    2.819548e+00    1.885142e+01    0.000000e+00
   6.860351e-01    1.143890e+00    1.148820e-01    1.029008e+00    0.000000e+00    4.310948e+00   -8.453703e-01    2.794405e+00    1.821083e+01    0.000000e+00
   7.046455e-01    1.058969e+00    1.118638e-01    9.471050e-01    0.000000e+00    4.068896e+00   -8.250492e-01    2.769165e+00    1.758379e+01    0.000000e+00
   7.237608e-01    9.798139e-01    1.088991e-01    8.709147e-01    0.000000e+00    3.837907e+00   -8.050849e-01    2.743829e+00    1.697011e+01    0.000000e+00
   7.433947e-01    9.060747e-01    1.059873e-01    8.000875e-01    0.000000e+00    3.617578e+00   -7.854743e-01    2.718391e+00    1.636981e+01    0.000000e+00
   7.635611e-01    8.374192e-01    1.031271e-01    7.342920e-01    0.000000e+00    3.407516e+00   -7.662138e-01    2.692844e+00    1.578257e+01    0.000000e+00
   7.842746e-01    7.735333e-01    1.003182e-01    6.732151e-01    0.000000e+00    3.207339e+00   -7.473001e-01    2.667182e+00    1.520832e+01    0.000000e+00
   8.055501e-01    7.141207e-01    9.756059e-02    6.165601e-01    0.000000e+00    3.016675e+00   -7.287300e-01    2.641404e+00    1.464695e+01    0.000000e+00
   8.274027e-01    6.589473e-01    9.485553e-02    5.640917e-01    0.000000e+00    2.835164e+00   -7.106741e-01    2.615513e+00    1.409831e+01   9.881313e-323
   8.498481e-01    6.077247e-01    9.220140e-02    5.155233e-01    0.000000e+00    2.662453e+00   -6.930580e-01    2.589525e+00    1.356231e+01   1.612996e-318
   8.729023e-01    5.601758e-01    8.959698e-02    4.705788e-01    0.000000e+00    2.498204e+00   -6.757820e-01    2.563408e+00    1.303883e+01  -1.362021e-314
   8.965820e-01    5.160636e-01    8.704145e-02    4.290222e-01    0.000000e+00    2.342083e+00   -6.588432e-01    2.537145e+00    1.252782e+01  -9.460312e-310
   9.209041e-01    4.751648e-01    8.453407e-02    3.906307e-01    0.000000e+00    2.193771e+00   -6.422385e-01    2.510727e+00    1.202911e+01  -4.962448e-306
   9.458859e-01    4.372687e-01    8.207437e-02    3.551944e-01    0.000000e+00    2.052956e+00   -6.259650e-01    2.484150e+00    1.154271e+01   5.076710e-300
   9.715455e-01    4.021770e-01    7.966172e-02    3.225153e-01    0.000000e+00    1.919335e+00   -6.100198e-01    2.457405e+00    1.106839e+01   1.146166e-295
   9.979011e-01    3.697026e-01    7.729555e-02    2.924070e-01    0.000000e+00    1.792616e+00   -5.944002e-01    2.430487e+00    1.060618e+01  -3.651519e-290
   1.024972e+00    3.396699e-01    7.497562e-02    2.646943e-01    0.000000e+00    1.672514e+00   -5.791036e-01    2.403389e+00    1.015593e+01   4.609465e-285
   1.052777e+00    3.119128e-01    7.270069e-02    2.392121e-01    0.000000e+00    1.558753e+00   -5.641268e-01    2.376100e+00    9.717565e+00   4.486373e-280
   1.081336e+00    2.862762e-01    7.047070e-02    2.158055e-01    0.000000e+00    1.451068e+00   -5.494674e-01    2.348617e+00    9.291042e+00  -4.078412e-274
   1.110670e+00    2.626135e-01    6.828484e-02    1.943287e-01    0.000000e+00    1.349201e+00   -5.351228e-01    2.320930e+00    8.876228e+00  -1.856563e-268
   1.140800e+00    2.407875e-01    6.614247e-02    1.746450e-01    0.000000e+00    1.252902e+00   -5.210904e-01    2.293032e+00    8.473054e+00  -1.073462e-262
   1.171747e+00    2.206693e-01    6.404299e-02    1.566263e-01    0.000000e+00    1.161930e+00   -5.073679e-01    2.264914e+00    8.081422e+00  -3.447858e-257
   1.203533e+00    2.021382e-01    6.198581e-02    1.401524e-01    0.000000e+00    1.076052e+00   -4.939528e-01    2.236568e+00    7.701289e+00   1.079058e-250
   1.236182e+00    1.850810e-01    5.997036e-02    1.251107e-01    0.000000e+00    9.950433e-01   -4.808432e-01    2.207988e+00    7.332522e+00  -1.870630e-244
   1.269717e+00    1.693920e-01    5.799614e-02    1.113958e-01    0.000000e+00    9.186866e-01   -4.680371e-01    2.179165e+00    6.975043e+00   4.396063e-238
   1.304161e+00    1.549714e-01    5.606226e-02    9.890918e-02    0.000000e+00    8.467726e-01   -4.555324e-01    2.150091e+00    6.628753e+00   9.698135e-232
   1.339540e+00    1.417273e-01    5.416853e-02    8.755874e-02    0.000000e+00    7.790994e-01   -4.433279e-01    2.120784e+00    6.293560e+00  -3.423666e-226
   1.375878e+00    1.295725e-01    5.231404e-02    7.725843e-02    0.000000e+00    7.154726e-01   -4.314220e-01    2.091219e+00    5.969378e+00   4.620254e-218
   1.413202e+00    1.184263e-01    5.049834e-02    6.792800e-02    0.000000e+00    6.557054e-01   -4.198138e-01    2.061383e+00    5.656086e+00   1.251278e-210
   1.451539e+00    1.082136e-01    4.872099e-02    5.949261e-02    0.000000e+00    5.996177e-01   -4.085025e-01    2.031269e+00    5.353568e+00  -2.951133e-203
   1.490916e+00    9.886387e-02    4.698136e-02    5.188251e-02    0.000000e+00    5.470369e-01   -3.974878e-01    2.000868e+00    5.061716e+00   9.290943e-196
   1.531360e+00    9.031175e-02    4.527898e-02    4.503277e-02    0.000000e+00    4.977970e-01   -3.867698e-01    1.970174e+00    4.780405e+00   2.525594e-188
   1.572902e+00    8.249639e-02    4.361339e-02    3.888300e-02    0.000000e+00    4.517391e-01   -3.763490e-01    1.939204e+00    4.509519e+00   5.698523e-181
   1.615571e+00    7.536125e-02    4.198419e-02    3.337707e-02    0.000000e+00    4.087108e-01   -3.662266e-01    1.907961e+00    4.248938e+00   5.994325e-172
   1.659398e+00    6.885384e-02    4.039102e-02    2.846282e-02    0.000000e+00    3.685664e-01   -3.564044e-01    1.876410e+00    3.998500e+00   2.036387e-164
   1.704413e+00    6.292551e-02    3.883362e-02    2.409189e-02    0.000000e+00    3.311666e-01   -3.468850e-01    1.844545e+00    3.758085e+00   4.005524e-156
   1.750650e+00    5.753119e-02    3.731178e-02    2.021940e-02    0.000000e+00    2.963786e-01   -3.376717e-01    1.812396e+00    3.527549e+00  -4.858521e-146
   1.798141e+00    5.262908e-02    3.582532e-02    1.680376e-02    0.000000e+00    2.640758e-01   -3.287687e-01    1.779964e+00    3.306721e+00  -5.493033e-137
   1.846920e+00    4.818076e-02    3.437429e-02    1.380647e-02    0.000000e+00    2.341380e-01   -3.201815e-01    1.747212e+00    3.095453e+00  -1.051730e-127
   1.897022e+00    4.415065e-02    3.295873e-02    1.119191e-02    0.000000e+00    2.064510e-01   -3.119165e-01    1.714176e+00    2.893579e+00   4.780292e-118
   1.948484e+00    4.050611e-02    3.157896e-02    8.927144e-03    0.000000e+00    1.809069e-01   -3.039816e-01    1.680866e+00    2.700928e+00  -2.983463e-108
   2.001341e+00    3.721710e-02    3.023537e-02    6.981732e-03    0.000000e+00    1.574038e-01   -2.963860e-01    1.647244e+00    2.517321e+00   -3.805331e-98
   2.055633e+00    3.425613e-02    2.892853e-02    5.327596e-03    0.000000e+00    1.358459e-01   -2.891406e-01    1.613391e+00    2.342578e+00   -1.055783e-87
   2.111397e+00    3.159806e-02    2.765920e-02    3.938867e-03    0.000000e+00    1.161436e-01   -2.822578e-01    1.579249e+00    2.176503e+00    2.028064e-77
   2.168674e+00    2.922009e-02    2.642830e-02    2.791794e-03    0.000000e+00    9.821318e-02   -2.757522e-01    1.544881e+00    2.018908e+00   -3.579665e-66
   2.227505e+00    2.710150e-02    2.523681e-02    1.864688e-03    0.000000e+00    8.197749e-02   -2.696396e-01    1.510266e+00    1.869581e+00    1.060061e-55
   2.287931e+00    2.522363e-02    2.408561e-02    1.138016e-03    0.000000e+00    6.736552e-02   -2.639383e-01    1.475453e+00    1.728322e+00   -1.522183e-43
   2.349997e+00    2.356984e-02    2.297506e-02    5.947813e-04    0.000000e+00    5.431279e-02   -2.586681e-01    1.440417e+00    1.594909e+00   -5.093408e-32
   2.413747e+00    2.212536e-02    2.190344e-02    2.219182e-04    0.000000e+00    4.276155e-02   -2.538507e-01    1.405199e+00    1.469124e+00   -2.431263e-19
   2.479226e+00    2.087728e-02    2.085938e-02    1.789869e-05    0.000000e+00    3.266101e-02   -2.495090e-01    1.369665e+00    1.350735e+00    9.069149e-12
   2.546481e+00    1.981450e-02    1.981450e-02   -4.900112e-21    0.000000e+00    2.396776e-02   -2.456673e-01    1.333642e+00    1.239511e+00    1.648975e-10
   2.615561e+00    1.892775e-02    1.892775e-02   -1.509669e-20    0.000000e+00    1.664616e-02   -2.423507e-01    1.298419e+00    1.135210e+00    2.068017e-09
   2.686515e+00    1.820956e-02    1.820956e-02   -2.496877e-20    0.000000e+00    1.066898e-02   -2.395844e-01    1.264131e+00    1.037590e+00    2.126017e-08
   2.759393e+00    1.765436e-02    1.765436e-02   -3.211432e-20    0.000000e+00    6.018017e-03   -2.373933e-01    1.230744e+00    9.464006e-01    1.820620e-07
   2.834249e+00    1.725845e-02    1.725845e-02   -3.503257e-20    0.000000e+00    2.685045e-03   -2.358014e-01    1.198236e+00    8.613935e-01    1.308800e-06
   2.911135e+00    1.702025e-02    1.702025e-02   -3.317356e-20    0.000000e+00    6.730395e-04   -2.348313e-01    1.166590e+00    7.823163e-01    7.955588e-06
   2.990107e+00    1.694070e-02    1.694070e-02   -2.728463e-20    0.000000e+00    0.000000e+00   -2.345052e-01    1.135778e+00    7.089121e-01    4.118886e-05
