# All units in Hartree [AU] if not specified
# Convergence: Err(φ)=-inf, Err(n_e)=9.347e-09, Err(IET)=9.988e-13, Q_net=2.769e-07
# {"name":"Al", "Z":13, "Zstar":3.361152656786435, "A":26.981539,  "μ[AU]": 3.2965220396e-01, "Te[AU]": 1.102e-01, "Ti[AU]": 3.675e-02, "rs[AU]": 2.990e+00 }
   r[AU]           n[AU]           nf[AU]          nb[AU]          n_ion[AU]       φtot[AU]        δVxc/δρ[Au]     U_ei[AU]        U_ii[AU]        g_ii            
   1.000000e-03    1.413595e+05    5.495740e+00    1.413540e+05    0.000000e+00    1.294704e+04   -3.865974e+01    1.580524e+01    5.051702e+03    0.000000e+00
   1.027128e-03    1.357821e+05    5.389199e+00    1.357767e+05    0.000000e+00    1.260370e+04   -3.814653e+01    1.562014e+01    5.034562e+03    0.000000e+00
   1.054991e-03    1.304243e+05    5.274543e+00    1.304191e+05    0.000000e+00    1.226943e+04   -3.764011e+01    1.542043e+01    5.016957e+03    0.000000e+00
   1.083610e-03    1.252776e+05    5.262944e+00    1.252723e+05    0.000000e+00    1.194398e+04   -3.714040e+01    1.539998e+01    4.998875e+03    0.000000e+00
   1.113006e-03    1.203334e+05    5.190921e+00    1.203282e+05    0.000000e+00    1.162713e+04   -3.664730e+01    1.527387e+01    4.980302e+03    0.000000e+00
   1.143199e-03    1.155839e+05    5.066035e+00    1.155788e+05    0.000000e+00    1.131866e+04   -3.616071e+01    1.505297e+01    4.961225e+03    0.000000e+00
   1.174211e-03    1.110215e+05    5.028108e+00    1.110164e+05    0.000000e+00    1.101833e+04   -3.568057e+01    1.498610e+01    4.941630e+03    0.000000e+00
   1.206065e-03    1.066387e+05    4.985364e+00    1.066337e+05    0.000000e+00    1.072593e+04   -3.520677e+01    1.491011e+01    4.921504e+03    0.000000e+00
   1.238782e-03    1.024284e+05    4.894570e+00    1.024235e+05    0.000000e+00    1.044126e+04   -3.473924e+01    1.474764e+01    4.900832e+03    0.000000e+00
   1.272387e-03    9.838400e+04    4.793090e+00    9.837920e+04    0.000000e+00    1.016411e+04   -3.427788e+01    1.456507e+01    4.879600e+03    0.000000e+00
   1.306904e-03    9.449891e+04    4.774859e+00    9.449414e+04    0.000000e+00    9.894276e+03   -3.382264e+01    1.453186e+01    4.857791e+03    0.000000e+00
   1.342357e-03    9.076679e+04    4.713013e+00    9.076208e+04    0.000000e+00    9.631573e+03   -3.337340e+01    1.442061e+01    4.835391e+03    0.000000e+00
   1.378772e-03    8.718162e+04    4.613245e+00    8.717700e+04    0.000000e+00    9.375810e+03   -3.293010e+01    1.423864e+01    4.812382e+03    0.000000e+00
   1.416175e-03    8.373769e+04    4.561311e+00    8.373313e+04    0.000000e+00    9.126803e+03   -3.249266e+01    1.414410e+01    4.788750e+03    0.000000e+00
   1.454592e-03    8.042943e+04    4.523961e+00    8.042491e+04    0.000000e+00    8.884374e+03   -3.206101e+01    1.407543e+01    4.764477e+03    0.000000e+00
   1.494051e-03    7.725145e+04    4.452068e+00    7.724699e+04    0.000000e+00    8.648350e+03   -3.163505e+01    1.394298e+01    4.739545e+03    0.000000e+00
   1.534581e-03    7.419861e+04    4.350264e+00    7.419426e+04    0.000000e+00    8.418561e+03   -3.121471e+01    1.375385e+01    4.713937e+03    0.000000e+00
   1.576211e-03    7.126611e+04    4.329538e+00    7.126178e+04    0.000000e+00    8.194842e+03   -3.079994e+01    1.371556e+01    4.687634e+03    0.000000e+00
   1.618969e-03    6.844911e+04    4.281418e+00    6.844483e+04    0.000000e+00    7.977033e+03   -3.039063e+01    1.362612e+01    4.660618e+03    0.000000e+00
   1.662888e-03    6.574305e+04    4.205905e+00    6.573885e+04    0.000000e+00    7.764979e+03   -2.998673e+01    1.348406e+01    4.632869e+03    0.000000e+00
   1.707998e-03    6.314361e+04    4.131604e+00    6.313948e+04    0.000000e+00    7.558527e+03   -2.958816e+01    1.334443e+01    4.604367e+03    0.000000e+00
   1.754332e-03    6.064663e+04    4.103524e+00    6.064253e+04    0.000000e+00    7.357529e+03   -2.919486e+01    1.329099e+01    4.575092e+03    0.000000e+00
   1.801923e-03    5.824801e+04    4.050409e+00    5.824396e+04    0.000000e+00    7.161842e+03   -2.880674e+01    1.319036e+01    4.545023e+03    0.000000e+00
   1.850804e-03    5.594388e+04    3.975686e+00    5.593990e+04    0.000000e+00    6.971324e+03   -2.842374e+01    1.304754e+01    4.514138e+03    0.000000e+00
   1.901012e-03    5.373056e+04    3.920339e+00    5.372664e+04    0.000000e+00    6.785840e+03   -2.804580e+01    1.294169e+01    4.482415e+03    0.000000e+00
   1.952582e-03    5.160448e+04    3.886302e+00    5.160060e+04    0.000000e+00    6.605256e+03   -2.767284e+01    1.287621e+01    4.449831e+03    0.000000e+00
   2.005551e-03    4.956217e+04    3.832378e+00    4.955834e+04    0.000000e+00    6.429444e+03   -2.730480e+01    1.277159e+01    4.416364e+03    0.000000e+00
   2.059956e-03    4.760034e+04    3.761298e+00    4.759657e+04    0.000000e+00    6.258276e+03   -2.694161e+01    1.263400e+01    4.381989e+03    0.000000e+00
   2.115838e-03    4.571585e+04    3.715540e+00    4.571213e+04    0.000000e+00    6.091632e+03   -2.658320e+01    1.254429e+01    4.346681e+03    0.000000e+00
   2.173235e-03    4.390565e+04    3.679323e+00    4.390197e+04    0.000000e+00    5.929390e+03   -2.622953e+01    1.247382e+01    4.310416e+03    0.000000e+00
   2.232190e-03    4.216679e+04    3.627256e+00    4.216316e+04    0.000000e+00    5.771435e+03   -2.588051e+01    1.237127e+01    4.273166e+03    0.000000e+00
   2.292744e-03    4.049646e+04    3.561685e+00    4.049290e+04    0.000000e+00    5.617654e+03   -2.553609e+01    1.224197e+01    4.234907e+03    0.000000e+00
   2.354940e-03    3.889201e+04    3.518634e+00    3.888849e+04    0.000000e+00    5.467936e+03   -2.519620e+01    1.215632e+01    4.195609e+03    0.000000e+00
   2.418824e-03    3.735082e+04    3.482801e+00    3.734734e+04    0.000000e+00    5.322174e+03   -2.486080e+01    1.208484e+01    4.155245e+03    0.000000e+00
   2.484440e-03    3.587039e+04    3.434419e+00    3.586696e+04    0.000000e+00    5.180264e+03   -2.452980e+01    1.198840e+01    4.113786e+03    0.000000e+00
   2.551837e-03    3.444832e+04    3.375252e+00    3.444495e+04    0.000000e+00    5.042104e+03   -2.420316e+01    1.186922e+01    4.071203e+03    0.000000e+00
   2.621062e-03    3.308235e+04    3.330002e+00    3.307902e+04    0.000000e+00    4.907595e+03   -2.388083e+01    1.177813e+01    4.027465e+03    0.000000e+00
   2.692165e-03    3.177026e+04    3.296231e+00    3.176696e+04    0.000000e+00    4.776640e+03   -2.356273e+01    1.170932e+01    3.982539e+03    0.000000e+00
   2.765197e-03    3.050991e+04    3.252431e+00    3.050666e+04    0.000000e+00    4.649146e+03   -2.324882e+01    1.162052e+01    3.936396e+03    0.000000e+00
   2.840210e-03    2.929926e+04    3.200101e+00    2.929606e+04    0.000000e+00    4.525022e+03   -2.293903e+01    1.151335e+01    3.889000e+03    0.000000e+00
   2.917258e-03    2.813638e+04    3.149290e+00    2.813323e+04    0.000000e+00    4.404178e+03   -2.263332e+01    1.140922e+01    3.840319e+03    0.000000e+00
   2.996396e-03    2.701939e+04    3.118562e+00    2.701627e+04    0.000000e+00    4.286527e+03   -2.233163e+01    1.134580e+01    3.790317e+03    0.000000e+00
   3.077681e-03    2.594646e+04    3.079795e+00    2.594338e+04    0.000000e+00    4.171986e+03   -2.203390e+01    1.126526e+01    3.738959e+03    0.000000e+00
   3.161170e-03    2.491586e+04    3.034206e+00    2.491283e+04    0.000000e+00    4.060473e+03   -2.174008e+01    1.117086e+01    3.686207e+03    0.000000e+00
   3.246925e-03    2.392593e+04    2.982902e+00    2.392295e+04    0.000000e+00    3.951906e+03   -2.145012e+01    1.106337e+01    3.632025e+03    0.000000e+00
   3.335006e-03    2.297508e+04    2.948458e+00    2.297213e+04    0.000000e+00    3.846210e+03   -2.116396e+01    1.099140e+01    3.576372e+03    0.000000e+00
   3.425477e-03    2.206177e+04    2.914743e+00    2.205885e+04    0.000000e+00    3.743307e+03   -2.088157e+01    1.092012e+01    3.519210e+03    0.000000e+00
   3.518402e-03    2.118450e+04    2.875578e+00    2.118162e+04    0.000000e+00    3.643124e+03   -2.060288e+01    1.083748e+01    3.460497e+03    0.000000e+00
   3.613847e-03    2.034185e+04    2.831831e+00    2.033902e+04    0.000000e+00    3.545589e+03   -2.032784e+01    1.074449e+01    3.400192e+03    0.000000e+00
   3.711882e-03    1.953248e+04    2.784495e+00    1.952970e+04    0.000000e+00    3.450633e+03   -2.005641e+01    1.064354e+01    3.338251e+03    0.000000e+00
   3.812576e-03    1.875508e+04    2.755627e+00    1.875233e+04    0.000000e+00    3.358187e+03   -1.978854e+01    1.058165e+01    3.274629e+03    0.000000e+00
   3.916002e-03    1.800838e+04    2.722314e+00    1.800566e+04    0.000000e+00    3.268185e+03   -1.952418e+01    1.050963e+01    3.209281e+03    0.000000e+00
   4.022233e-03    1.729117e+04    2.685336e+00    1.728849e+04    0.000000e+00    3.180563e+03   -1.926329e+01    1.043014e+01    3.142161e+03    0.000000e+00
   4.131346e-03    1.660229e+04    2.645308e+00    1.659964e+04    0.000000e+00    3.095257e+03   -1.900581e+01    1.034284e+01    3.073220e+03    0.000000e+00
   4.243420e-03    1.594062e+04    2.602857e+00    1.593802e+04    0.000000e+00    3.012207e+03   -1.875170e+01    1.025071e+01    3.002408e+03    0.000000e+00
   4.358533e-03    1.530511e+04    2.572730e+00    1.530253e+04    0.000000e+00    2.931353e+03   -1.850092e+01    1.018447e+01    2.929676e+03    0.000000e+00
   4.476769e-03    1.469471e+04    2.541638e+00    1.469217e+04    0.000000e+00    2.852637e+03   -1.825342e+01    1.011626e+01    2.854971e+03    0.000000e+00
   4.598213e-03    1.410843e+04    2.508060e+00    1.410592e+04    0.000000e+00    2.776002e+03   -1.800915e+01    1.004220e+01    2.778239e+03    0.000000e+00
   4.722951e-03    1.354532e+04    2.472478e+00    1.354285e+04    0.000000e+00    2.701394e+03   -1.776808e+01    9.963160e+00    2.699425e+03    0.000000e+00
   4.851073e-03    1.300448e+04    2.435346e+00    1.300205e+04    0.000000e+00    2.628760e+03   -1.753016e+01    9.880677e+00    2.618474e+03    0.000000e+00
   4.982671e-03    1.248502e+04    2.399170e+00    1.248262e+04    0.000000e+00    2.558046e+03   -1.729535e+01    9.799495e+00    2.535326e+03    0.000000e+00
   5.117839e-03    1.198612e+04    2.371055e+00    1.198375e+04    0.000000e+00    2.489203e+03   -1.706361e+01    9.736604e+00    2.449923e+03    0.000000e+00
   5.256673e-03    1.150694e+04    2.341234e+00    1.150460e+04    0.000000e+00    2.422180e+03   -1.683489e+01    9.669057e+00    2.362203e+03    0.000000e+00
   5.399273e-03    1.104672e+04    2.310089e+00    1.104441e+04    0.000000e+00    2.356931e+03   -1.660916e+01    9.598766e+00    2.272104e+03    0.000000e+00
   5.545742e-03    1.060471e+04    2.277933e+00    1.060243e+04    0.000000e+00    2.293408e+03   -1.638637e+01    9.525549e+00    2.179560e+03    0.000000e+00
   5.696185e-03    1.018019e+04    2.245059e+00    1.017795e+04    0.000000e+00    2.231565e+03   -1.616649e+01    9.450481e+00    2.084506e+03    0.000000e+00
   5.850708e-03    9.772476e+03    2.211696e+00    9.770264e+03    0.000000e+00    2.171359e+03   -1.594947e+01    9.373938e+00    1.986873e+03    0.000000e+00
   6.009423e-03    9.380904e+03    2.181706e+00    9.378722e+03    0.000000e+00    2.112746e+03   -1.573528e+01    9.304708e+00    1.898895e+03    0.000000e+00
   6.172444e-03    9.004839e+03    2.154542e+00    9.002685e+03    0.000000e+00    2.055684e+03   -1.552388e+01    9.242016e+00    1.864557e+03    0.000000e+00
   6.339887e-03    8.643668e+03    2.126691e+00    8.641542e+03    0.000000e+00    2.000132e+03   -1.531523e+01    9.176893e+00    1.829287e+03    0.000000e+00
   6.511873e-03    8.296804e+03    2.098366e+00    8.294706e+03    0.000000e+00    1.946050e+03   -1.510930e+01    9.111198e+00    1.793061e+03    0.000000e+00
   6.688524e-03    7.963683e+03    2.069729e+00    7.961613e+03    0.000000e+00    1.893400e+03   -1.490604e+01    9.043884e+00    1.755852e+03    0.000000e+00
   6.869967e-03    7.643763e+03    2.040954e+00    7.641722e+03    0.000000e+00    1.842143e+03   -1.470543e+01    8.976324e+00    1.717634e+03    0.000000e+00
   7.056332e-03    7.336524e+03    2.012160e+00    7.334512e+03    0.000000e+00    1.792244e+03   -1.450742e+01    8.908202e+00    1.678379e+03    0.000000e+00
   7.247753e-03    7.041467e+03    1.983459e+00    7.039484e+03    0.000000e+00    1.743665e+03   -1.431198e+01    8.840058e+00    1.638059e+03    0.000000e+00
   7.444367e-03    6.758112e+03    1.954977e+00    6.756157e+03    0.000000e+00    1.696373e+03   -1.411908e+01    8.772185e+00    1.596645e+03    0.000000e+00
   7.646314e-03    6.485998e+03    1.928214e+00    6.484070e+03    0.000000e+00    1.650333e+03   -1.392868e+01    8.707926e+00    1.554108e+03    0.000000e+00
   7.853740e-03    6.224683e+03    1.903116e+00    6.222779e+03    0.000000e+00    1.605513e+03   -1.374076e+01    8.647753e+00    1.510417e+03    0.000000e+00
   8.066792e-03    5.973738e+03    1.877982e+00    5.971860e+03    0.000000e+00    1.561879e+03   -1.355526e+01    8.586677e+00    1.465540e+03    0.000000e+00
   8.285624e-03    5.732756e+03    1.852899e+00    5.730903e+03    0.000000e+00    1.519402e+03   -1.337217e+01    8.526198e+00    1.419446e+03    0.000000e+00
   8.510393e-03    5.501344e+03    1.827923e+00    5.499516e+03    0.000000e+00    1.478050e+03   -1.319146e+01    8.465181e+00    1.372102e+03    0.000000e+00
   8.741259e-03    5.279123e+03    1.803120e+00    5.277320e+03    0.000000e+00    1.437793e+03   -1.301307e+01    8.404641e+00    1.323474e+03    0.000000e+00
   8.978388e-03    5.065732e+03    1.778526e+00    5.063954e+03    0.000000e+00    1.398604e+03   -1.283700e+01    8.344206e+00    1.274375e+03    0.000000e+00
   9.221949e-03    4.860823e+03    1.754178e+00    4.859068e+03    0.000000e+00    1.360453e+03   -1.266320e+01    8.284072e+00    1.248719e+03    0.000000e+00
   9.472118e-03    4.664060e+03    1.730104e+00    4.662330e+03    0.000000e+00    1.323313e+03   -1.249165e+01    8.224555e+00    1.222367e+03    0.000000e+00
   9.729073e-03    4.475123e+03    1.706317e+00    4.473416e+03    0.000000e+00    1.287158e+03   -1.232231e+01    8.165120e+00    1.195300e+03    0.000000e+00
   9.992999e-03    4.293702e+03    1.682837e+00    4.292019e+03    0.000000e+00    1.251962e+03   -1.215515e+01    8.106716e+00    1.167499e+03    0.000000e+00
   1.026408e-02    4.119502e+03    1.659666e+00    4.117842e+03    0.000000e+00    1.217699e+03   -1.199015e+01    8.048256e+00    1.138943e+03    0.000000e+00
   1.054252e-02    3.952237e+03    1.636807e+00    3.950600e+03    0.000000e+00    1.184345e+03   -1.182728e+01    7.990931e+00    1.109613e+03    0.000000e+00
   1.082852e-02    3.791633e+03    1.614246e+00    3.790019e+03    0.000000e+00    1.151875e+03   -1.166650e+01    7.933657e+00    1.079487e+03    0.000000e+00
   1.112227e-02    3.637428e+03    1.591986e+00    3.635836e+03    0.000000e+00    1.120267e+03   -1.150780e+01    7.877183e+00    1.048544e+03    0.000000e+00
   1.142399e-02    3.489368e+03    1.570002e+00    3.487798e+03    0.000000e+00    1.089498e+03   -1.135113e+01    7.821021e+00    1.016762e+03    0.000000e+00
   1.173389e-02    3.347212e+03    1.548292e+00    3.345664e+03    0.000000e+00    1.059546e+03   -1.119648e+01    7.765303e+00    9.841172e+02    0.000000e+00
   1.205220e-02    3.210727e+03    1.526829e+00    3.209200e+03    0.000000e+00    1.030389e+03   -1.104381e+01    7.710129e+00    9.544527e+02    0.000000e+00
   1.237915e-02    3.079687e+03    1.505593e+00    3.078182e+03    0.000000e+00    1.002006e+03   -1.089311e+01    7.655001e+00    9.337839e+02    0.000000e+00
   1.271496e-02    2.953879e+03    1.508744e+00    2.952370e+03    0.000000e+00    9.743764e+02   -1.074434e+01    7.663051e+00    9.125545e+02    0.000000e+00
   1.305989e-02    2.833095e+03    1.487564e+00    2.831608e+03    0.000000e+00    9.474812e+02   -1.059747e+01    7.608363e+00    8.907491e+02    0.000000e+00
   1.341417e-02    2.717137e+03    1.466544e+00    2.715671e+03    0.000000e+00    9.213006e+02   -1.045248e+01    7.553290e+00    8.683522e+02    0.000000e+00
   1.377807e-02    2.605815e+03    1.445667e+00    2.604369e+03    0.000000e+00    8.958158e+02   -1.030935e+01    7.498850e+00    8.453478e+02    0.000000e+00
   1.415183e-02    2.498945e+03    1.425721e+00    2.497519e+03    0.000000e+00    8.710084e+02   -1.016805e+01    7.446232e+00    8.217193e+02    0.000000e+00
   1.453574e-02    2.396352e+03    1.406486e+00    2.394945e+03    0.000000e+00    8.468607e+02   -1.002856e+01    7.395504e+00    7.974498e+02    0.000000e+00
   1.493005e-02    2.297866e+03    1.387326e+00    2.296479e+03    0.000000e+00    8.233553e+02   -9.890853e+00    7.344663e+00    7.725220e+02    0.000000e+00
   1.533507e-02    2.203324e+03    1.368207e+00    2.201956e+03    0.000000e+00    8.004752e+02   -9.754900e+00    7.293640e+00    7.550161e+02    0.000000e+00
   1.575107e-02    2.112572e+03    1.349097e+00    2.111223e+03    0.000000e+00    7.782040e+02   -9.620680e+00    7.242616e+00    7.374783e+02    0.000000e+00
   1.617836e-02    2.025458e+03    1.329965e+00    2.024128e+03    0.000000e+00    7.565257e+02   -9.488170e+00    7.190990e+00    7.194647e+02    0.000000e+00
   1.661724e-02    1.941838e+03    1.310777e+00    1.940527e+03    0.000000e+00    7.354246e+02   -9.357347e+00    7.139397e+00    7.009625e+02    0.000000e+00
   1.706802e-02    1.861576e+03    1.292474e+00    1.860284e+03    0.000000e+00    7.148856e+02   -9.228189e+00    7.089459e+00    6.819584e+02    0.000000e+00
   1.753104e-02    1.784539e+03    1.274958e+00    1.783264e+03    0.000000e+00    6.948938e+02   -9.100674e+00    7.042046e+00    6.624387e+02    0.000000e+00
   1.800661e-02    1.710597e+03    1.257269e+00    1.709340e+03    0.000000e+00    6.754350e+02   -8.974778e+00    6.993480e+00    6.431834e+02    0.000000e+00
   1.849509e-02    1.639629e+03    1.239375e+00    1.638390e+03    0.000000e+00    6.564950e+02   -8.850479e+00    6.944474e+00    6.284689e+02    0.000000e+00
   1.899681e-02    1.571517e+03    1.221250e+00    1.570295e+03    0.000000e+00    6.380602e+02   -8.727756e+00    6.894356e+00    6.133553e+02    0.000000e+00
   1.951215e-02    1.506148e+03    1.204582e+00    1.504944e+03    0.000000e+00    6.201173e+02   -8.606590e+00    6.848209e+00    5.978316e+02    0.000000e+00
   2.004146e-02    1.443414e+03    1.187926e+00    1.442226e+03    0.000000e+00    6.026534e+02   -8.486958e+00    6.801848e+00    5.818868e+02    0.000000e+00
   2.058514e-02    1.383209e+03    1.170906e+00    1.382038e+03    0.000000e+00    5.856559e+02   -8.368838e+00    6.754190e+00    5.655095e+02    0.000000e+00
   2.114356e-02    1.325433e+03    1.153822e+00    1.324279e+03    0.000000e+00    5.691125e+02   -8.252210e+00    6.706296e+00    5.502885e+02    0.000000e+00
   2.171714e-02    1.269992e+03    1.138139e+00    1.268854e+03    0.000000e+00    5.530113e+02   -8.137058e+00    6.661885e+00    5.373247e+02    0.000000e+00
   2.230627e-02    1.216791e+03    1.121958e+00    1.215669e+03    0.000000e+00    5.373407e+02   -8.023357e+00    6.616219e+00    5.240091e+02    0.000000e+00
   2.291138e-02    1.165741e+03    1.105376e+00    1.164635e+03    0.000000e+00    5.220894e+02   -7.911088e+00    6.568780e+00    5.103324e+02    0.000000e+00
   2.353291e-02    1.116759e+03    1.090325e+00    1.115668e+03    0.000000e+00    5.072463e+02   -7.800236e+00    6.525983e+00    4.962846e+02    0.000000e+00
   2.417130e-02    1.069760e+03    1.074655e+00    1.068686e+03    0.000000e+00    4.928007e+02   -7.690778e+00    6.480780e+00    4.831116e+02    0.000000e+00
   2.482701e-02    1.024668e+03    1.059115e+00    1.023609e+03    0.000000e+00    4.787422e+02   -7.582696e+00    6.436147e+00    4.715794e+02    0.000000e+00
   2.550051e-02    9.814059e+02    1.044331e+00    9.803616e+02    0.000000e+00    4.650605e+02   -7.475973e+00    6.393180e+00    4.597344e+02    0.000000e+00
   2.619227e-02    9.399004e+02    1.028817e+00    9.388716e+02    0.000000e+00    4.517459e+02   -7.370587e+00    6.348133e+00    4.475680e+02    0.000000e+00
   2.690280e-02    9.000836e+02    1.014587e+00    8.990690e+02    0.000000e+00    4.387887e+02   -7.266525e+00    6.306464e+00    4.350716e+02    0.000000e+00
   2.763261e-02    8.618864e+02    9.996984e-01    8.608867e+02    0.000000e+00    4.261795e+02   -7.163766e+00    6.262767e+00    4.247692e+02    0.000000e+00
   2.838221e-02    8.252458e+02    9.855750e-01    8.242602e+02    0.000000e+00    4.139092e+02   -7.062294e+00    6.221105e+00    4.142168e+02    0.000000e+00
   2.915215e-02    7.900989e+02    9.711387e-01    7.891278e+02    0.000000e+00    4.019688e+02   -6.962090e+00    6.178277e+00    4.033781e+02    0.000000e+00
   2.994298e-02    7.563872e+02    9.573343e-01    7.554298e+02    0.000000e+00    3.903498e+02   -6.863139e+00    6.137247e+00    3.923524e+02    0.000000e+00
   3.075526e-02    7.240525e+02    9.431720e-01    7.231093e+02    0.000000e+00    3.790436e+02   -6.765422e+00    6.094785e+00    3.829914e+02    0.000000e+00
   3.158957e-02    6.930412e+02    9.298188e-01    6.921114e+02    0.000000e+00    3.680422e+02   -6.668927e+00    6.054786e+00    3.733765e+02    0.000000e+00
   3.244652e-02    6.632993e+02    9.159464e-01    6.623833e+02    0.000000e+00    3.573374e+02   -6.573631e+00    6.012753e+00    3.635008e+02    0.000000e+00
   3.332671e-02    6.347775e+02    9.029165e-01    6.338746e+02    0.000000e+00    3.469216e+02   -6.479525e+00    5.973413e+00    3.541911e+02    0.000000e+00
   3.423079e-02    6.074261e+02    8.897040e-01    6.065364e+02    0.000000e+00    3.367871e+02   -6.386588e+00    5.932943e+00    3.455033e+02    0.000000e+00
   3.515938e-02    5.811987e+02    8.764740e-01    5.803222e+02    0.000000e+00    3.269266e+02   -6.294805e+00    5.892683e+00    3.365798e+02    0.000000e+00
   3.611317e-02    5.560510e+02    8.639036e-01    5.551871e+02    0.000000e+00    3.173330e+02   -6.204164e+00    5.853836e+00    3.277558e+02    0.000000e+00
   3.709283e-02    5.319392e+02    8.511719e-01    5.310880e+02    0.000000e+00    3.079991e+02   -6.114647e+00    5.814705e+00    3.197846e+02    0.000000e+00
   3.809907e-02    5.088219e+02    8.383765e-01    5.079835e+02    0.000000e+00    2.989183e+02   -6.026239e+00    5.774840e+00    3.115972e+02    0.000000e+00
   3.913260e-02    4.866601e+02    8.262372e-01    4.858339e+02    0.000000e+00    2.900839e+02   -5.938928e+00    5.737141e+00    3.034900e+02    0.000000e+00
   4.019417e-02    4.654150e+02    8.141067e-01    4.646009e+02    0.000000e+00    2.814894e+02   -5.852697e+00    5.699030e+00    2.960809e+02    0.000000e+00
   4.128454e-02    4.450499e+02    8.020033e-01    4.442479e+02    0.000000e+00    2.731285e+02   -5.767532e+00    5.661041e+00    2.884708e+02    0.000000e+00
   4.240449e-02    4.255296e+02    7.899771e-01    4.247396e+02    0.000000e+00    2.649953e+02   -5.683419e+00    5.622933e+00    2.811571e+02    0.000000e+00
   4.355482e-02    4.068203e+02    7.780892e-01    4.060422e+02    0.000000e+00    2.570836e+02   -5.600344e+00    5.585235e+00    2.741937e+02    0.000000e+00
   4.473635e-02    3.888898e+02    7.665933e-01    3.881232e+02    0.000000e+00    2.493878e+02   -5.518296e+00    5.548477e+00    2.670414e+02    0.000000e+00
   4.594994e-02    3.717066e+02    7.551852e-01    3.709514e+02    0.000000e+00    2.419021e+02   -5.437259e+00    5.511920e+00    2.605214e+02    0.000000e+00
   4.719645e-02    3.552407e+02    7.438849e-01    3.544968e+02    0.000000e+00    2.346211e+02   -5.357220e+00    5.475472e+00    2.539135e+02    0.000000e+00
   4.847677e-02    3.394632e+02    7.327059e-01    3.387305e+02    0.000000e+00    2.275394e+02   -5.278166e+00    5.439276e+00    2.475200e+02    0.000000e+00
   4.979183e-02    3.243465e+02    7.216550e-01    3.236249e+02    0.000000e+00    2.206519e+02   -5.200085e+00    5.403307e+00    2.413636e+02    0.000000e+00
   5.114255e-02    3.098641e+02    7.107326e-01    3.091534e+02    0.000000e+00    2.139534e+02   -5.122963e+00    5.367578e+00    2.352007e+02    0.000000e+00
   5.252993e-02    2.959904e+02    6.999351e-01    2.952905e+02    0.000000e+00    2.074390e+02   -5.046789e+00    5.332102e+00    2.294223e+02    0.000000e+00
   5.395493e-02    2.827009e+02    6.892546e-01    2.820116e+02    0.000000e+00    2.011039e+02   -4.971550e+00    5.296787e+00    2.235449e+02    0.000000e+00
   5.541860e-02    2.699719e+02    6.786797e-01    2.692932e+02    0.000000e+00    1.949434e+02   -4.897234e+00    5.261658e+00    2.180852e+02    0.000000e+00
   5.692197e-02    2.577811e+02    6.682870e-01    2.571128e+02    0.000000e+00    1.889531e+02   -4.823830e+00    5.226916e+00    2.125180e+02    0.000000e+00
   5.846612e-02    2.461066e+02    6.581180e-01    2.454485e+02    0.000000e+00    1.831283e+02   -4.751325e+00    5.192796e+00    2.073289e+02    0.000000e+00
   6.005216e-02    2.349275e+02    6.480284e-01    2.342794e+02    0.000000e+00    1.774649e+02   -4.679709e+00    5.158717e+00    2.020783e+02    0.000000e+00
   6.168123e-02    2.242236e+02    6.379953e-01    2.235856e+02    0.000000e+00    1.719585e+02   -4.608969e+00    5.124717e+00    1.971201e+02    0.000000e+00
   6.335449e-02    2.139758e+02    6.279953e-01    2.133478e+02    0.000000e+00    1.666052e+02   -4.539095e+00    5.090604e+00    1.921813e+02    0.000000e+00
   6.507314e-02    2.041659e+02    6.183597e-01    2.035475e+02    0.000000e+00    1.614009e+02   -4.470076e+00    5.057600e+00    1.874208e+02    0.000000e+00
   6.683841e-02    1.947756e+02    6.087202e-01    1.941669e+02    0.000000e+00    1.563417e+02   -4.401901e+00    5.024375e+00    1.827826e+02    0.000000e+00
   6.865157e-02    1.857881e+02    5.991236e-01    1.851890e+02    0.000000e+00    1.514239e+02   -4.334559e+00    4.991161e+00    1.781920e+02    0.000000e+00
   7.051392e-02    1.771872e+02    5.898106e-01    1.765974e+02    0.000000e+00    1.466437e+02   -4.268041e+00    4.958729e+00    1.738397e+02    0.000000e+00
   7.242679e-02    1.689567e+02    5.804137e-01    1.683763e+02    0.000000e+00    1.419976e+02   -4.202335e+00    4.925849e+00    1.695169e+02    0.000000e+00
   7.439155e-02    1.610821e+02    5.713481e-01    1.605107e+02    0.000000e+00    1.374821e+02   -4.137432e+00    4.893955e+00    1.653119e+02    0.000000e+00
   7.640961e-02    1.535482e+02    5.622045e-01    1.529860e+02    0.000000e+00    1.330938e+02   -4.073321e+00    4.861597e+00    1.612617e+02    0.000000e+00
   7.848241e-02    1.463417e+02    5.533288e-01    1.457884e+02    0.000000e+00    1.288293e+02   -4.009995e+00    4.830053e+00    1.572684e+02    0.000000e+00
   8.061145e-02    1.394488e+02    5.444828e-01    1.389043e+02    0.000000e+00    1.246855e+02   -3.947441e+00    4.798379e+00    1.533642e+02    0.000000e+00
   8.279823e-02    1.328566e+02    5.356877e-01    1.323209e+02    0.000000e+00    1.206592e+02   -3.885651e+00    4.766806e+00    1.496201e+02    0.000000e+00
   8.504435e-02    1.265531e+02    5.271333e-01    1.260260e+02    0.000000e+00    1.167472e+02   -3.824617e+00    4.735800e+00    1.459431e+02    0.000000e+00
   8.735139e-02    1.205262e+02    5.186313e-01    1.200076e+02    0.000000e+00    1.129468e+02   -3.764328e+00    4.704960e+00    1.423424e+02    0.000000e+00
   8.972102e-02    1.147646e+02    5.102073e-01    1.142544e+02    0.000000e+00    1.092549e+02   -3.704776e+00    4.674054e+00    1.388238e+02    0.000000e+00
   9.215493e-02    1.092572e+02    5.018787e-01    1.087553e+02    0.000000e+00    1.056687e+02   -3.645952e+00    4.643531e+00    1.354366e+02    0.000000e+00
   9.465486e-02    1.039937e+02    4.936568e-01    1.035000e+02    0.000000e+00    1.021854e+02   -3.587847e+00    4.612977e+00    1.321244e+02    0.000000e+00
   9.722262e-02    9.896386e+01    4.851878e-01    9.847867e+01    0.000000e+00    9.880246e+01   -3.530453e+00    4.581632e+00    1.288886e+02    0.000000e+00
   9.986002e-02    9.415811e+01    4.773584e-01    9.368075e+01    0.000000e+00    9.551715e+01   -3.473762e+00    4.552185e+00    1.257306e+02    0.000000e+00
   1.025690e-01    8.956712e+01    4.694295e-01    8.909769e+01    0.000000e+00    9.232694e+01   -3.417765e+00    4.522450e+00    1.226505e+02    0.000000e+00
   1.053514e-01    8.518193e+01    4.615784e-01    8.472035e+01    0.000000e+00    8.922937e+01   -3.362455e+00    4.492636e+00    1.196478e+02    0.000000e+00
   1.082093e-01    8.099397e+01    4.541820e-01    8.053979e+01    0.000000e+00    8.622200e+01   -3.307823e+00    4.464484e+00    1.167210e+02    0.000000e+00
   1.111448e-01    7.699499e+01    4.463091e-01    7.654869e+01    0.000000e+00    8.330249e+01   -3.253862e+00    4.434290e+00    1.138686e+02    0.000000e+00
   1.141599e-01    7.317707e+01    4.388201e-01    7.273825e+01    0.000000e+00    8.046853e+01   -3.200564e+00    4.405395e+00    1.110884e+02    0.000000e+00
   1.172568e-01    6.953267e+01    4.315309e-01    6.910114e+01    0.000000e+00    7.771789e+01   -3.147922e+00    4.377098e+00    1.083782e+02    0.000000e+00
   1.204376e-01    6.605448e+01    4.240582e-01    6.563042e+01    0.000000e+00    7.504840e+01   -3.095928e+00    4.347860e+00    1.057354e+02    0.000000e+00
   1.237048e-01    6.273543e+01    4.168607e-01    6.231857e+01    0.000000e+00    7.245791e+01   -3.044575e+00    4.319625e+00    1.031577e+02    0.000000e+00
   1.270606e-01    5.956894e+01    4.098176e-01    5.915913e+01    0.000000e+00    6.994438e+01   -2.993857e+00    4.291614e+00    1.006424e+02    0.000000e+00
   1.305075e-01    5.654840e+01    4.026086e-01    5.614580e+01    0.000000e+00    6.750577e+01   -2.943765e+00    4.263035e+00    9.818689e+01    0.000000e+00
   1.340478e-01    5.366776e+01    3.957303e-01    5.327203e+01    0.000000e+00    6.514012e+01   -2.894294e+00    4.235346e+00    9.578871e+01    0.000000e+00
   1.376842e-01    5.092096e+01    3.889344e-01    5.053203e+01    0.000000e+00    6.284552e+01   -2.845437e+00    4.207969e+00    9.344893e+01    0.000000e+00
   1.414192e-01    4.830232e+01    3.819986e-01    4.792032e+01    0.000000e+00    6.062010e+01   -2.797187e+00    4.179768e+00    9.117589e+01    0.000000e+00
   1.452556e-01    4.580639e+01    3.753139e-01    4.543108e+01    0.000000e+00    5.846204e+01   -2.749537e+00    4.152386e+00    8.895289e+01    0.000000e+00
   1.491960e-01    4.342790e+01    3.688247e-01    4.305907e+01    0.000000e+00    5.636955e+01   -2.702483e+00    4.125650e+00    8.677750e+01    0.000000e+00
   1.532433e-01    4.116177e+01    3.621931e-01    4.079958e+01    0.000000e+00    5.434092e+01   -2.656016e+00    4.098036e+00    8.466180e+01    0.000000e+00
   1.574004e-01    3.900318e+01    3.556991e-01    3.864748e+01    0.000000e+00    5.237446e+01   -2.610132e+00    4.070988e+00    8.259512e+01    0.000000e+00
   1.616703e-01    3.694746e+01    3.493661e-01    3.659809e+01    0.000000e+00    5.046851e+01   -2.564824e+00    4.044225e+00    8.057232e+01    0.000000e+00
   1.660560e-01    3.499015e+01    3.431510e-01    3.464700e+01    0.000000e+00    4.862148e+01   -2.520086e+00    4.017887e+00    7.860594e+01    0.000000e+00
   1.705607e-01    3.312697e+01    3.368406e-01    3.279012e+01    0.000000e+00    4.683181e+01   -2.475913e+00    3.990920e+00    7.667727e+01    0.000000e+00
   1.751876e-01    3.135382e+01    3.306972e-01    3.102312e+01    0.000000e+00    4.509796e+01   -2.432300e+00    3.964396e+00    7.480236e+01    0.000000e+00
   1.799400e-01    2.966673e+01    3.246664e-01    2.934206e+01    0.000000e+00    4.341845e+01   -2.389240e+00    3.938271e+00    7.296552e+01    0.000000e+00
   1.848214e-01    2.806190e+01    3.187388e-01    2.774316e+01    0.000000e+00    4.179183e+01   -2.346728e+00    3.912226e+00    7.117343e+01    0.000000e+00
   1.898351e-01    2.653575e+01    3.128308e-01    2.622292e+01    0.000000e+00    4.021669e+01   -2.304759e+00    3.886230e+00    6.942414e+01    0.000000e+00
   1.949849e-01    2.508475e+01    3.069591e-01    2.477779e+01    0.000000e+00    3.869165e+01   -2.263328e+00    3.860116e+00    6.771252e+01    0.000000e+00
   2.002743e-01    2.370557e+01    3.012061e-01    2.340436e+01    0.000000e+00    3.721535e+01   -2.222430e+00    3.834256e+00    6.603959e+01    0.000000e+00
   2.057073e-01    2.239500e+01    2.955526e-01    2.209945e+01    0.000000e+00    3.578650e+01   -2.182060e+00    3.808748e+00    6.440851e+01    0.000000e+00
   2.112876e-01    2.114997e+01    2.899813e-01    2.085998e+01    0.000000e+00    3.440379e+01   -2.142212e+00    3.783256e+00    6.281335e+01    0.000000e+00
   2.170193e-01    1.996751e+01    2.844923e-01    1.968302e+01    0.000000e+00    3.306600e+01   -2.102882e+00    3.758016e+00    6.125375e+01    0.000000e+00
   2.229065e-01    1.884481e+01    2.790077e-01    1.856580e+01    0.000000e+00    3.177189e+01   -2.064066e+00    3.732578e+00    5.972904e+01    0.000000e+00
   2.289534e-01    1.777915e+01    2.736094e-01    1.750555e+01    0.000000e+00    3.052027e+01   -2.025758e+00    3.707190e+00    5.823837e+01    0.000000e+00
   2.351644e-01    1.676794e+01    2.682961e-01    1.649964e+01    0.000000e+00    2.930999e+01   -1.987955e+00    3.682161e+00    5.678074e+01    0.000000e+00
   2.415438e-01    1.580866e+01    2.630601e-01    1.554560e+01    0.000000e+00    2.813992e+01   -1.950651e+00    3.657151e+00    5.535507e+01    0.000000e+00
   2.480963e-01    1.489893e+01    2.578938e-01    1.464104e+01    0.000000e+00    2.700894e+01   -1.913843e+00    3.632202e+00    5.396022e+01    0.000000e+00
   2.548265e-01    1.403647e+01    2.528060e-01    1.378366e+01    0.000000e+00    2.591597e+01   -1.877525e+00    3.607506e+00    5.259783e+01    0.000000e+00
   2.617393e-01    1.321907e+01    2.477888e-01    1.297128e+01    0.000000e+00    2.485997e+01   -1.841695e+00    3.582808e+00    5.126455e+01    0.000000e+00
   2.688397e-01    1.244462e+01    2.428379e-01    1.220178e+01    0.000000e+00    2.383991e+01   -1.806347e+00    3.558206e+00    4.995873e+01    0.000000e+00
   2.761326e-01    1.171111e+01    2.379512e-01    1.147316e+01    0.000000e+00    2.285477e+01   -1.771477e+00    3.533742e+00    4.868267e+01    0.000000e+00
   2.836234e-01    1.101662e+01    2.331389e-01    1.078348e+01    0.000000e+00    2.190359e+01   -1.737083e+00    3.509301e+00    4.743267e+01    0.000000e+00
   2.913174e-01    1.035928e+01    2.283879e-01    1.013089e+01    0.000000e+00    2.098540e+01   -1.703159e+00    3.484952e+00    4.621025e+01    0.000000e+00
   2.992202e-01    9.737326e+00    2.237008e-01    9.513625e+00    0.000000e+00    2.009927e+01   -1.669701e+00    3.460716e+00    4.501245e+01    0.000000e+00
   3.073373e-01    9.149059e+00    2.190782e-01    8.929980e+00    0.000000e+00    1.924429e+01   -1.636707e+00    3.436467e+00    4.384098e+01    0.000000e+00
   3.156746e-01    8.592853e+00    2.145193e-01    8.378334e+00    0.000000e+00    1.841956e+01   -1.604172e+00    3.412303e+00    4.269387e+01    0.000000e+00
   3.242380e-01    8.067152e+00    2.100224e-01    7.857130e+00    0.000000e+00    1.762422e+01   -1.572092e+00    3.388253e+00    4.157038e+01    0.000000e+00
   3.330338e-01    7.570472e+00    2.055920e-01    7.364880e+00    0.000000e+00    1.685743e+01   -1.540463e+00    3.364205e+00    4.047012e+01    0.000000e+00
   3.420682e-01    7.101386e+00    2.012270e-01    6.900159e+00    0.000000e+00    1.611834e+01   -1.509284e+00    3.340202e+00    3.939259e+01    0.000000e+00
   3.513477e-01    6.658526e+00    1.969217e-01    6.461605e+00    0.000000e+00    1.540616e+01   -1.478548e+00    3.316341e+00    3.833718e+01    0.000000e+00
   3.608789e-01    6.240596e+00    1.926833e-01    6.047913e+00    0.000000e+00    1.472008e+01   -1.448254e+00    3.292489e+00    3.730322e+01    0.000000e+00
   3.706686e-01    5.846347e+00    1.885090e-01    5.657838e+00    0.000000e+00    1.405935e+01   -1.418398e+00    3.268636e+00    3.628999e+01    0.000000e+00
   3.807239e-01    5.474584e+00    1.843968e-01    5.290187e+00    0.000000e+00    1.342320e+01   -1.388975e+00    3.244928e+00    3.529807e+01    0.000000e+00
   3.910520e-01    5.124170e+00    1.803482e-01    4.943822e+00    0.000000e+00    1.281090e+01   -1.359983e+00    3.221251e+00    3.432570e+01    0.000000e+00
   4.016603e-01    4.794017e+00    1.763635e-01    4.617653e+00    0.000000e+00    1.222173e+01   -1.331419e+00    3.197576e+00    3.337307e+01    0.000000e+00
   4.125564e-01    4.483083e+00    1.724394e-01    4.310644e+00    0.000000e+00    1.165500e+01   -1.303279e+00    3.173923e+00    3.243916e+01    0.000000e+00
   4.237480e-01    4.190375e+00    1.685578e-01    4.021818e+00    0.000000e+00    1.111001e+01   -1.275559e+00    3.150297e+00    3.152452e+01    0.000000e+00
   4.352432e-01    3.914949e+00    1.647425e-01    3.750206e+00    0.000000e+00    1.058610e+01   -1.248257e+00    3.126684e+00    3.062794e+01    0.000000e+00
   4.470503e-01    3.655893e+00    1.609891e-01    3.494904e+00    0.000000e+00    1.008261e+01   -1.221369e+00    3.103065e+00    2.974918e+01    0.000000e+00
   4.591777e-01    3.412348e+00    1.573000e-01    3.255048e+00    0.000000e+00    9.598910e+00   -1.194892e+00    3.079497e+00    2.888792e+01    0.000000e+00
   4.716340e-01    3.183485e+00    1.536699e-01    3.029816e+00    0.000000e+00    9.134377e+00   -1.168822e+00    3.056007e+00    2.804376e+01    0.000000e+00
   4.844283e-01    2.968521e+00    1.500820e-01    2.818439e+00    0.000000e+00    8.688404e+00   -1.143157e+00    3.032408e+00    2.721626e+01    0.000000e+00
   4.975696e-01    2.766707e+00    1.465581e-01    2.620149e+00    0.000000e+00    8.260397e+00   -1.117892e+00    3.008813e+00    2.640567e+01    0.000000e+00
   5.110675e-01    2.577327e+00    1.430975e-01    2.434230e+00    0.000000e+00    7.849778e+00   -1.093027e+00    2.985220e+00    2.561087e+01    0.000000e+00
   5.249315e-01    2.399701e+00    1.396911e-01    2.260010e+00    0.000000e+00    7.455985e+00   -1.068555e+00    2.961699e+00    2.483224e+01    0.000000e+00
   5.391716e-01    2.233179e+00    1.363321e-01    2.096847e+00    0.000000e+00    7.078465e+00   -1.044476e+00    2.938091e+00    2.406904e+01    0.000000e+00
   5.537980e-01    2.077146e+00    1.330353e-01    1.944110e+00    0.000000e+00    6.716684e+00   -1.020784e+00    2.914475e+00    2.332115e+01    0.000000e+00
   5.688211e-01    1.931013e+00    1.297944e-01    1.801218e+00    0.000000e+00    6.370116e+00   -9.974782e-01    2.890818e+00    2.258839e+01    0.000000e+00
   5.842519e-01    1.794222e+00    1.266007e-01    1.667621e+00    0.000000e+00    6.038251e+00   -9.745540e-01    2.867080e+00    2.187051e+01    0.000000e+00
   6.001012e-01    1.666240e+00    1.234676e-01    1.542773e+00    0.000000e+00    5.720592e+00   -9.520086e-01    2.843409e+00    2.116718e+01    0.000000e+00
   6.163804e-01    1.546563e+00    1.203838e-01    1.426180e+00    0.000000e+00    5.416652e+00   -9.298386e-01    2.819655e+00    2.047824e+01    0.000000e+00
   6.331013e-01    1.434711e+00    1.173527e-01    1.317359e+00    0.000000e+00    5.125959e+00   -9.080410e-01    2.795834e+00    1.980359e+01    0.000000e+00
   6.502758e-01    1.330227e+00    1.143778e-01    1.215849e+00    0.000000e+00    4.848052e+00   -8.866123e-01    2.771966e+00    1.914294e+01    0.000000e+00
   6.679162e-01    1.232679e+00    1.114482e-01    1.121231e+00    0.000000e+00    4.582482e+00   -8.655494e-01    2.747989e+00    1.849610e+01    0.000000e+00
   6.860351e-01    1.141656e+00    1.085778e-01    1.033078e+00    0.000000e+00    4.328810e+00   -8.448491e-01    2.723978e+00    1.786295e+01    0.000000e+00
   7.046455e-01    1.056768e+00    1.057498e-01    9.510181e-01    0.000000e+00    4.086612e+00   -8.245080e-01    2.699898e+00    1.724330e+01    0.000000e+00
   7.237608e-01    9.776447e-01    1.029790e-01    8.746657e-01    0.000000e+00    3.855470e+00   -8.045226e-01    2.675767e+00    1.663697e+01    0.000000e+00
   7.433947e-01    9.039371e-01    1.002515e-01    8.036856e-01    0.000000e+00    3.634983e+00   -7.848899e-01    2.651502e+00    1.604399e+01    0.000000e+00
   7.635611e-01    8.353137e-01    9.757939e-02    7.377343e-01    0.000000e+00    3.424757e+00   -7.656064e-01    2.627170e+00    1.546404e+01    0.000000e+00
   7.842746e-01    7.714601e-01    9.495102e-02    6.765090e-01    0.000000e+00    3.224408e+00   -7.466687e-01    2.602702e+00    1.489704e+01    0.000000e+00
   8.055501e-01    7.120789e-01    9.237393e-02    6.197050e-01    0.000000e+00    3.033567e+00   -7.280734e-01    2.578139e+00    1.434292e+01  -1.976263e-323
   8.274027e-01    6.569396e-01    8.984532e-02    5.670943e-01    0.000000e+00    2.851870e+00   -7.100014e-01    2.553462e+00    1.380151e+01   2.407088e-319
   8.498481e-01    6.057492e-01    8.736519e-02    5.183840e-01    0.000000e+00    2.678968e+00   -6.923588e-01    2.528668e+00    1.327274e+01   4.127254e-315
   8.729023e-01    5.582322e-01    8.493422e-02    4.732980e-01    0.000000e+00    2.514518e+00   -6.750551e-01    2.503758e+00    1.275647e+01  -3.485066e-311
   8.965820e-01    5.141520e-01    8.254593e-02    4.316061e-01    0.000000e+00    2.358190e+00   -6.580873e-01    2.478691e+00    1.225267e+01  -2.420654e-306
   9.209041e-01    4.732854e-01    8.020511e-02    3.930803e-01    0.000000e+00    2.209662e+00   -6.414526e-01    2.453508e+00    1.176117e+01  -1.269765e-302
   9.458859e-01    4.354220e-01    7.791070e-02    3.575113e-01    0.000000e+00    2.068622e+00   -6.251479e-01    2.428179e+00    1.128196e+01   1.299001e-296
   9.715455e-01    4.003630e-01    7.565840e-02    3.247046e-01    0.000000e+00    1.934768e+00   -6.091704e-01    2.402672e+00    1.081484e+01   2.932749e-292
   9.979011e-01    3.679222e-01    7.345139e-02    2.944708e-01    0.000000e+00    1.807806e+00   -5.935174e-01    2.377003e+00    1.035982e+01  -9.343311e-287
   1.024972e+00    3.379229e-01    7.128833e-02    2.666346e-01    0.000000e+00    1.687452e+00   -5.781860e-01    2.351161e+00    9.916744e+00   1.179445e-281
   1.052777e+00    3.102005e-01    6.916851e-02    2.410320e-01    0.000000e+00    1.573431e+00   -5.631737e-01    2.325136e+00    9.485548e+00   1.147949e-276
   1.081336e+00    2.845987e-01    6.708992e-02    2.175088e-01    0.000000e+00    1.465474e+00   -5.484777e-01    2.298911e+00    9.066179e+00  -1.043562e-270
   1.110670e+00    2.609717e-01    6.505359e-02    1.959181e-01    0.000000e+00    1.363326e+00   -5.340955e-01    2.272489e+00    8.658500e+00  -4.750474e-265
   1.140800e+00    2.391822e-01    6.305878e-02    1.761235e-01    0.000000e+00    1.266735e+00   -5.200248e-01    2.245859e+00    8.262438e+00  -2.746718e-259
   1.171747e+00    2.191014e-01    6.110471e-02    1.579967e-01    0.000000e+00    1.175460e+00   -5.062632e-01    2.219013e+00    7.877890e+00  -8.822195e-254
   1.203533e+00    2.006091e-01    5.919108e-02    1.414180e-01    0.000000e+00    1.089268e+00   -4.928091e-01    2.191955e+00    7.504804e+00   2.761037e-247
   1.236182e+00    1.835916e-01    5.731631e-02    1.262753e-01    0.000000e+00    1.007934e+00   -4.796600e-01    2.164667e+00    7.143043e+00  -4.786468e-241
   1.269717e+00    1.679436e-01    5.548068e-02    1.124629e-01    0.000000e+00    9.312399e-01   -4.668147e-01    2.137140e+00    6.792523e+00   1.124841e-234
   1.304161e+00    1.535658e-01    5.368346e-02    9.988231e-02    0.000000e+00    8.589769e-01   -4.542717e-01    2.109363e+00    6.453135e+00   2.481507e-228
   1.339540e+00    1.403657e-01    5.192413e-02    8.844155e-02    0.000000e+00    7.909428e-01   -4.420298e-01    2.081327e+00    6.124781e+00  -8.760294e-223
   1.375878e+00    1.282569e-01    5.020214e-02    7.805481e-02    0.000000e+00    7.269430e-01   -4.300884e-01    2.053024e+00    5.807367e+00   1.182206e-214
   1.413202e+00    1.171589e-01    4.851692e-02    6.864201e-02    0.000000e+00    6.667904e-01   -4.184472e-01    2.024444e+00    5.500763e+00   3.201703e-207
   1.451539e+00    1.069964e-01    4.686792e-02    6.012852e-02    0.000000e+00    6.103051e-01   -4.071064e-01    1.995578e+00    5.204846e+00  -7.551201e-200
   1.490916e+00    9.769958e-02    4.525475e-02    5.244483e-02    0.000000e+00    5.573143e-01   -3.960670e-01    1.966445e+00    4.919498e+00   2.377317e-192
   1.531360e+00    8.920313e-02    4.367689e-02    4.552624e-02    0.000000e+00    5.076524e-01   -3.853302e-01    1.937028e+00    4.644588e+00   6.462355e-185
   1.572902e+00    8.144649e-02    4.213388e-02    3.931261e-02    0.000000e+00    4.611605e-01   -3.748982e-01    1.907301e+00    4.379990e+00   1.458108e-177
   1.615571e+00    7.437353e-02    4.062547e-02    3.374806e-02    0.000000e+00    4.176866e-01   -3.647742e-01    1.877258e+00    4.125575e+00   1.533796e-168
   1.659398e+00    6.793197e-02    3.915127e-02    2.878070e-02    0.000000e+00    3.770854e-01   -3.549621e-01    1.846910e+00    3.881175e+00   5.210598e-161
   1.704413e+00    6.207346e-02    3.771111e-02    2.436235e-02    0.000000e+00    3.392184e-01   -3.454668e-01    1.816267e+00    3.646662e+00   1.024912e-152
   1.750650e+00    5.675320e-02    3.630487e-02    2.044833e-02    0.000000e+00    3.039536e-01   -3.362945e-01    1.785289e+00    3.421884e+00  -1.243173e-142
   1.798141e+00    5.192966e-02    3.493251e-02    1.699715e-02    0.000000e+00    2.711654e-01   -3.274525e-01    1.753986e+00    3.206665e+00  -1.405528e-133
   1.846920e+00    4.756446e-02    3.359415e-02    1.397031e-02    0.000000e+00    2.407350e-01   -3.189492e-01    1.722389e+00    3.000848e+00  -2.691111e-124
   1.897022e+00    4.362211e-02    3.229007e-02    1.133204e-02    0.000000e+00    2.125497e-01   -3.107945e-01    1.690448e+00    2.804264e+00   1.223156e-114
   1.948484e+00    4.006975e-02    3.102066e-02    9.049082e-03    0.000000e+00    1.865037e-01   -3.029989e-01    1.658210e+00    2.616733e+00  -7.633925e-105
   2.001341e+00    3.687702e-02    2.978653e-02    7.090495e-03    0.000000e+00    1.624972e-01   -2.955745e-01    1.625652e+00    2.438076e+00   -9.736879e-95
   2.055633e+00    3.401594e-02    2.858847e-02    5.427475e-03    0.000000e+00    1.404372e-01   -2.885342e-01    1.592793e+00    2.268106e+00   -2.701480e-84
   2.111397e+00    3.146060e-02    2.742737e-02    4.033225e-03    0.000000e+00    1.202369e-01   -2.818912e-01    1.559641e+00    2.106625e+00    5.189302e-74
   2.168674e+00    2.918719e-02    2.630445e-02    2.882747e-03    0.000000e+00    1.018165e-01   -2.756596e-01    1.526208e+00    1.953442e+00   -9.159457e-63
   2.227505e+00    2.717380e-02    2.522089e-02    1.952903e-03    0.000000e+00    8.510230e-02   -2.698536e-01    1.492504e+00    1.808345e+00    2.712427e-52
   2.287931e+00    2.540035e-02    2.417788e-02    1.222468e-03    0.000000e+00    7.002773e-02   -2.644872e-01    1.458557e+00    1.671132e+00   -3.894880e-40
   2.349997e+00    2.384858e-02    2.317629e-02    6.722966e-04    0.000000e+00    5.653289e-02   -2.595740e-01    1.424351e+00    1.541580e+00   -1.303274e-28
   2.413747e+00    2.250211e-02    2.221586e-02    2.862512e-04    0.000000e+00    4.456492e-02   -2.551277e-01    1.389934e+00    1.419474e+00   -6.220986e-16
   2.479226e+00    2.134617e-02    2.129149e-02    5.468308e-05    0.000000e+00    3.407821e-02   -2.511608e-01    1.355226e+00    1.304583e+00    2.225249e-11
   2.546481e+00    2.036795e-02    2.036795e-02   -2.011134e-21    0.000000e+00    2.503460e-02   -2.476853e-01    1.319914e+00    1.196678e+00    3.362201e-10
   2.615561e+00    1.955643e-02    1.955643e-02   -1.024492e-20    0.000000e+00    1.740382e-02   -2.447129e-01    1.285063e+00    1.095520e+00    3.896818e-09
   2.686515e+00    1.890253e-02    1.890253e-02   -1.884945e-20    0.000000e+00    1.116381e-02   -2.422548e-01    1.251116e+00    1.000870e+00    3.739670e-08
   2.759393e+00    1.839920e-02    1.839920e-02   -2.531328e-20    0.000000e+00    6.301395e-03   -2.403221e-01    1.218071e+00    9.124824e-01    3.005170e-07
   2.834249e+00    1.804150e-02    1.804150e-02   -2.819753e-20    0.000000e+00    2.812909e-03   -2.389261e-01    1.185907e+00    8.301127e-01    2.036976e-06
   2.911135e+00    1.782681e-02    1.782681e-02   -2.696989e-20    0.000000e+00    7.053385e-04   -2.380789e-01    1.154588e+00    7.535134e-01    1.172886e-05
   2.990107e+00    1.775519e-02    1.775519e-02   -2.224890e-20    0.000000e+00    0.000000e+00   -2.377948e-01    1.124100e+00    6.824328e-01    5.777954e-05
