# All units in Hartree [AU] if not specified
# Convergence: Err(φ)=-inf, Err(n_e)=7.179e-09, Err(IET)=9.937e-13, Q_net=1.495e-06
# {"name":"Al", "Z":13, "Zstar":3.6245854864299862, "A":26.981539,  "μ[AU]": 5.6771670453e-02, "Te[AU]": 3.675e-01, "Ti[AU]": 3.675e-02, "rs[AU]": 2.990e+00 }
   r[AU]           n[AU]           nf[AU]          nb[AU]          n_ion[AU]       φtot[AU]        δVxc/δρ[Au]     U_ei[AU]        U_ii[AU]        g_ii            
   1.000000e-03    1.413586e+05    1.003561e+00    1.413576e+05    0.000000e+00    1.294727e+04   -3.865966e+01    6.536829e+00    5.879287e+03    0.000000e+00
   1.027128e-03    1.357813e+05    9.577943e-01    1.357803e+05    0.000000e+00    1.260393e+04   -3.814645e+01    6.400800e+00    5.859355e+03    0.000000e+00
   1.054991e-03    1.304236e+05    1.001369e+00    1.304226e+05    0.000000e+00    1.226965e+04   -3.764004e+01    6.530375e+00    5.838882e+03    0.000000e+00
   1.083610e-03    1.252768e+05    9.811049e-01    1.252758e+05    0.000000e+00    1.194421e+04   -3.714032e+01    6.470278e+00    5.817853e+03    0.000000e+00
   1.113006e-03    1.203325e+05    9.052678e-01    1.203316e+05    0.000000e+00    1.162736e+04   -3.664721e+01    6.242445e+00    5.796254e+03    0.000000e+00
   1.143199e-03    1.155831e+05    9.362390e-01    1.155822e+05    0.000000e+00    1.131888e+04   -3.616063e+01    6.336248e+00    5.774069e+03    0.000000e+00
   1.174211e-03    1.110207e+05    9.441664e-01    1.110197e+05    0.000000e+00    1.101855e+04   -3.568049e+01    6.360098e+00    5.751282e+03    0.000000e+00
   1.206065e-03    1.066379e+05    9.015390e-01    1.066370e+05    0.000000e+00    1.072616e+04   -3.520668e+01    6.231012e+00    5.727877e+03    0.000000e+00
   1.238782e-03    1.024276e+05    8.639418e-01    1.024268e+05    0.000000e+00    1.044149e+04   -3.473915e+01    6.115757e+00    5.703837e+03    0.000000e+00
   1.272387e-03    9.838329e+04    8.952733e-01    9.838239e+04    0.000000e+00    1.016433e+04   -3.427780e+01    6.211879e+00    5.679145e+03    0.000000e+00
   1.306904e-03    9.449816e+04    8.806210e-01    9.449728e+04    0.000000e+00    9.894503e+03   -3.382255e+01    6.167146e+00    5.653783e+03    0.000000e+00
   1.342357e-03    9.076601e+04    8.259397e-01    9.076518e+04    0.000000e+00    9.631800e+03   -3.337331e+01    5.997593e+00    5.627733e+03    0.000000e+00
   1.378772e-03    8.718090e+04    8.366866e-01    8.718007e+04    0.000000e+00    9.376036e+03   -3.293001e+01    6.031189e+00    5.600976e+03    0.000000e+00
   1.416175e-03    8.373700e+04    8.456027e-01    8.373615e+04    0.000000e+00    9.127030e+03   -3.249257e+01    6.058800e+00    5.573494e+03    0.000000e+00
   1.454592e-03    8.042871e+04    8.179452e-01    8.042789e+04    0.000000e+00    8.884601e+03   -3.206091e+01    5.972379e+00    5.545266e+03    0.000000e+00
   1.494051e-03    7.725071e+04    7.703731e-01    7.724993e+04    0.000000e+00    8.648577e+03   -3.163495e+01    5.821547e+00    5.516272e+03    0.000000e+00
   1.534581e-03    7.419796e+04    7.987896e-01    7.419716e+04    0.000000e+00    8.418787e+03   -3.121462e+01    5.912089e+00    5.486492e+03    0.000000e+00
   1.576211e-03    7.126544e+04    7.939192e-01    7.126464e+04    0.000000e+00    8.195069e+03   -3.079984e+01    5.896543e+00    5.455904e+03    0.000000e+00
   1.618969e-03    6.844841e+04    7.600458e-01    6.844765e+04    0.000000e+00    7.977260e+03   -3.039053e+01    5.788627e+00    5.424486e+03    0.000000e+00
   1.662888e-03    6.574238e+04    7.423955e-01    6.574164e+04    0.000000e+00    7.765206e+03   -2.998663e+01    5.731629e+00    5.392216e+03    0.000000e+00
   1.707998e-03    6.314299e+04    7.566362e-01    6.314223e+04    0.000000e+00    7.558754e+03   -2.958807e+01    5.777661e+00    5.359070e+03    0.000000e+00
   1.754332e-03    6.064598e+04    7.442939e-01    6.064524e+04    0.000000e+00    7.357756e+03   -2.919476e+01    5.737725e+00    5.325025e+03    0.000000e+00
   1.801923e-03    5.824734e+04    7.088572e-01    5.824664e+04    0.000000e+00    7.162068e+03   -2.880663e+01    5.622321e+00    5.290057e+03    0.000000e+00
   1.850804e-03    5.594325e+04    7.081978e-01    5.594254e+04    0.000000e+00    6.971551e+03   -2.842364e+01    5.620144e+00    5.254140e+03    0.000000e+00
   1.901012e-03    5.372996e+04    7.139904e-01    5.372924e+04    0.000000e+00    6.786067e+03   -2.804569e+01    5.639192e+00    5.217249e+03    0.000000e+00
   1.952582e-03    5.160387e+04    6.985146e-01    5.160317e+04    0.000000e+00    6.605483e+03   -2.767273e+01    5.588233e+00    5.179357e+03    0.000000e+00
   2.005551e-03    4.956154e+04    6.647845e-01    4.956088e+04    0.000000e+00    6.429670e+03   -2.730468e+01    5.475973e+00    5.140437e+03    0.000000e+00
   2.059956e-03    4.759975e+04    6.714798e-01    4.759908e+04    0.000000e+00    6.258503e+03   -2.694150e+01    5.498469e+00    5.100461e+03    0.000000e+00
   2.115838e-03    4.571527e+04    6.728949e-01    4.571460e+04    0.000000e+00    6.091858e+03   -2.658309e+01    5.503194e+00    5.059401e+03    0.000000e+00
   2.173235e-03    4.390506e+04    6.573768e-01    4.390441e+04    0.000000e+00    5.929617e+03   -2.622941e+01    5.451064e+00    5.017227e+03    0.000000e+00
   2.232190e-03    4.216619e+04    6.272612e-01    4.216557e+04    0.000000e+00    5.771662e+03   -2.588039e+01    5.348977e+00    4.973908e+03    0.000000e+00
   2.292744e-03    4.049591e+04    6.342411e-01    4.049527e+04    0.000000e+00    5.617881e+03   -2.553597e+01    5.372795e+00    4.929415e+03    0.000000e+00
   2.354940e-03    3.889147e+04    6.340777e-01    3.889083e+04    0.000000e+00    5.468163e+03   -2.519609e+01    5.372240e+00    4.883715e+03    0.000000e+00
   2.418824e-03    3.735027e+04    6.204241e-01    3.734965e+04    0.000000e+00    5.322401e+03   -2.486067e+01    5.325471e+00    4.836775e+03    0.000000e+00
   2.484440e-03    3.586983e+04    5.951098e-01    3.586923e+04    0.000000e+00    5.180491e+03   -2.452968e+01    5.238248e+00    4.788561e+03    0.000000e+00
   2.551837e-03    3.444779e+04    5.973883e-01    3.444720e+04    0.000000e+00    5.042331e+03   -2.420304e+01    5.246134e+00    4.739040e+03    0.000000e+00
   2.621062e-03    3.308183e+04    5.975220e-01    3.308124e+04    0.000000e+00    4.907822e+03   -2.388070e+01    5.246595e+00    4.688176e+03    0.000000e+00
   2.692165e-03    3.176974e+04    5.868492e-01    3.176915e+04    0.000000e+00    4.776867e+03   -2.356260e+01    5.209391e+00    4.635931e+03    0.000000e+00
   2.765197e-03    3.050938e+04    5.668540e-01    3.050881e+04    0.000000e+00    4.649373e+03   -2.324869e+01    5.139205e+00    4.582269e+03    0.000000e+00
   2.840210e-03    2.929875e+04    5.610697e-01    2.929819e+04    0.000000e+00    4.525249e+03   -2.293890e+01    5.118907e+00    4.527152e+03    0.000000e+00
   2.917258e-03    2.813589e+04    5.626742e-01    2.813533e+04    0.000000e+00    4.404404e+03   -2.263319e+01    5.124558e+00    4.470539e+03    0.000000e+00
   2.996396e-03    2.701890e+04    5.555055e-01    2.701834e+04    0.000000e+00    4.286754e+03   -2.233149e+01    5.099175e+00    4.412391e+03    0.000000e+00
   3.077681e-03    2.594597e+04    2.644626e+00    2.594332e+04    0.000000e+00    4.172213e+03   -2.203376e+01    1.061189e+01    4.352665e+03    0.000000e+00
   3.161170e-03    2.491537e+04    2.604383e+00    2.491277e+04    0.000000e+00    4.060699e+03   -2.173994e+01    1.052437e+01    4.291319e+03    0.000000e+00
   3.246925e-03    2.392547e+04    2.575126e+00    2.392289e+04    0.000000e+00    3.952133e+03   -2.144998e+01    1.045986e+01    4.228309e+03    0.000000e+00
   3.335006e-03    2.297462e+04    2.542446e+00    2.297208e+04    0.000000e+00    3.846436e+03   -2.116382e+01    1.038827e+01    4.163589e+03    0.000000e+00
   3.425477e-03    2.206130e+04    2.506914e+00    2.205880e+04    0.000000e+00    3.743533e+03   -2.088142e+01    1.030961e+01    4.097114e+03    0.000000e+00
   3.518402e-03    2.118403e+04    2.469014e+00    2.118156e+04    0.000000e+00    3.643351e+03   -2.060273e+01    1.022556e+01    4.028835e+03    0.000000e+00
   3.613847e-03    2.034140e+04    2.435678e+00    2.033897e+04    0.000000e+00    3.545816e+03   -2.032769e+01    1.015119e+01    3.958705e+03    0.000000e+00
   3.711882e-03    1.953205e+04    2.406482e+00    1.952964e+04    0.000000e+00    3.450860e+03   -2.005626e+01    1.008565e+01    3.886671e+03    0.000000e+00
   3.812576e-03    1.875465e+04    2.375001e+00    1.875228e+04    0.000000e+00    3.358414e+03   -1.978839e+01    1.001513e+01    3.812684e+03    0.000000e+00
   3.916002e-03    1.800795e+04    2.341644e+00    1.800561e+04    0.000000e+00    3.268412e+03   -1.952403e+01    9.939372e+00    3.736690e+03    0.000000e+00
   4.022233e-03    1.729074e+04    2.306785e+00    1.728843e+04    0.000000e+00    3.180790e+03   -1.926313e+01    9.860750e+00    3.658634e+03    0.000000e+00
   4.131346e-03    1.660187e+04    2.275574e+00    1.659959e+04    0.000000e+00    3.095484e+03   -1.900564e+01    9.789316e+00    3.578460e+03    0.000000e+00
   4.243420e-03    1.594021e+04    2.247753e+00    1.593797e+04    0.000000e+00    3.012434e+03   -1.875154e+01    9.725931e+00    3.496112e+03    0.000000e+00
   4.358533e-03    1.530470e+04    2.218415e+00    1.530248e+04    0.000000e+00    2.931580e+03   -1.850075e+01    9.658496e+00    3.411530e+03    0.000000e+00
   4.476769e-03    1.469430e+04    2.187877e+00    1.469212e+04    0.000000e+00    2.852864e+03   -1.825325e+01    9.587997e+00    3.324653e+03    0.000000e+00
   4.598213e-03    1.410803e+04    2.156399e+00    1.410587e+04    0.000000e+00    2.776229e+03   -1.800898e+01    9.515185e+00    3.235419e+03    0.000000e+00
   4.722951e-03    1.354492e+04    2.124232e+00    1.354280e+04    0.000000e+00    2.701621e+03   -1.776791e+01    9.440138e+00    3.143765e+03    0.000000e+00
   4.851073e-03    1.300409e+04    2.098341e+00    1.300200e+04    0.000000e+00    2.628986e+03   -1.752999e+01    9.379824e+00    3.049625e+03    0.000000e+00
   4.982671e-03    1.248465e+04    2.071524e+00    1.248258e+04    0.000000e+00    2.558273e+03   -1.729518e+01    9.316544e+00    2.952930e+03    0.000000e+00
   5.117839e-03    1.198574e+04    2.043933e+00    1.198370e+04    0.000000e+00    2.489429e+03   -1.706343e+01    9.251846e+00    2.853613e+03    0.000000e+00
   5.256673e-03    1.150657e+04    2.015773e+00    1.150455e+04    0.000000e+00    2.422407e+03   -1.683471e+01    9.185038e+00    2.751601e+03    0.000000e+00
   5.399273e-03    1.104635e+04    1.987226e+00    1.104437e+04    0.000000e+00    2.357158e+03   -1.660898e+01    9.117290e+00    2.646822e+03    0.000000e+00
   5.545742e-03    1.060434e+04    1.958428e+00    1.060239e+04    0.000000e+00    2.293635e+03   -1.638618e+01    9.048479e+00    2.539201e+03    0.000000e+00
   5.696185e-03    1.017983e+04    1.932591e+00    1.017790e+04    0.000000e+00    2.231792e+03   -1.616630e+01    8.986475e+00    2.428660e+03    0.000000e+00
   5.850708e-03    9.772127e+03    1.907789e+00    9.770219e+03    0.000000e+00    2.171586e+03   -1.594928e+01    8.926872e+00    2.315121e+03    0.000000e+00
   6.009423e-03    9.380561e+03    1.882633e+00    9.378678e+03    0.000000e+00    2.112973e+03   -1.573509e+01    8.865731e+00    2.212808e+03    0.000000e+00
   6.172444e-03    9.004499e+03    1.857269e+00    9.002641e+03    0.000000e+00    2.055911e+03   -1.552368e+01    8.804465e+00    2.172874e+03    0.000000e+00
   6.339887e-03    8.643330e+03    1.831791e+00    8.641499e+03    0.000000e+00    2.000359e+03   -1.531503e+01    8.742055e+00    2.131856e+03    0.000000e+00
   6.511873e-03    8.296469e+03    1.806306e+00    8.294663e+03    0.000000e+00    1.946277e+03   -1.510909e+01    8.679881e+00    2.089726e+03    0.000000e+00
   6.688524e-03    7.963351e+03    1.780890e+00    7.961570e+03    0.000000e+00    1.893627e+03   -1.490583e+01    8.617208e+00    2.046452e+03    0.000000e+00
   6.869967e-03    7.643434e+03    1.755621e+00    7.641678e+03    0.000000e+00    1.842370e+03   -1.470522e+01    8.554865e+00    2.002005e+03    0.000000e+00
   7.056332e-03    7.336201e+03    1.732063e+00    7.334469e+03    0.000000e+00    1.792470e+03   -1.450721e+01    8.496376e+00    1.956352e+03    0.000000e+00
   7.247753e-03    7.041152e+03    1.709306e+00    7.039442e+03    0.000000e+00    1.743892e+03   -1.431177e+01    8.439563e+00    1.909461e+03    0.000000e+00
   7.444367e-03    6.757803e+03    1.686569e+00    6.756116e+03    0.000000e+00    1.696600e+03   -1.411887e+01    8.382813e+00    1.861297e+03    0.000000e+00
   7.646314e-03    6.485694e+03    1.663905e+00    6.484030e+03    0.000000e+00    1.650560e+03   -1.392847e+01    8.325539e+00    1.811827e+03    0.000000e+00
   7.853740e-03    6.224382e+03    1.641369e+00    6.222740e+03    0.000000e+00    1.605739e+03   -1.374054e+01    8.268973e+00    1.761015e+03    0.000000e+00
   8.066792e-03    5.973441e+03    1.619001e+00    5.971822e+03    0.000000e+00    1.562106e+03   -1.355504e+01    8.212034e+00    1.708825e+03    0.000000e+00
   8.285624e-03    5.732462e+03    1.596835e+00    5.730865e+03    0.000000e+00    1.519629e+03   -1.337195e+01    8.155809e+00    1.655219e+03    0.000000e+00
   8.510393e-03    5.501053e+03    1.574902e+00    5.499478e+03    0.000000e+00    1.478277e+03   -1.319122e+01    8.099629e+00    1.600158e+03    0.000000e+00
   8.741259e-03    5.278836e+03    1.553223e+00    5.277282e+03    0.000000e+00    1.438020e+03   -1.301284e+01    8.043997e+00    1.543604e+03    0.000000e+00
   8.978388e-03    5.065448e+03    1.531816e+00    5.063916e+03    0.000000e+00    1.398831e+03   -1.283676e+01    7.988815e+00    1.486504e+03    0.000000e+00
   9.221949e-03    4.860542e+03    1.510694e+00    4.859032e+03    0.000000e+00    1.360680e+03   -1.266296e+01    7.933985e+00    1.456664e+03    0.000000e+00
   9.472118e-03    4.663783e+03    1.489869e+00    4.662293e+03    0.000000e+00    1.323540e+03   -1.249140e+01    7.879958e+00    1.426014e+03    0.000000e+00
   9.729073e-03    4.474849e+03    1.469340e+00    4.473380e+03    0.000000e+00    1.287385e+03   -1.232206e+01    7.826054e+00    1.394533e+03    0.000000e+00
   9.992999e-03    4.293433e+03    1.449108e+00    4.291983e+03    0.000000e+00    1.252189e+03   -1.215490e+01    7.773228e+00    1.362199e+03    0.000000e+00
   1.026408e-02    4.119236e+03    1.429176e+00    4.117807e+03    0.000000e+00    1.217926e+03   -1.198990e+01    7.720439e+00    1.328987e+03    0.000000e+00
   1.054252e-02    3.951974e+03    1.409540e+00    3.950565e+03    0.000000e+00    1.184571e+03   -1.182702e+01    7.668689e+00    1.294874e+03    0.000000e+00
   1.082852e-02    3.791374e+03    1.390186e+00    3.789984e+03    0.000000e+00    1.152102e+03   -1.166624e+01    7.617107e+00    1.259835e+03    0.000000e+00
   1.112227e-02    3.637173e+03    1.371110e+00    3.635802e+03    0.000000e+00    1.120494e+03   -1.150753e+01    7.566249e+00    1.223846e+03    0.000000e+00
   1.142399e-02    3.489117e+03    1.352300e+00    3.487765e+03    0.000000e+00    1.089725e+03   -1.135086e+01    7.515797e+00    1.186881e+03    0.000000e+00
   1.173389e-02    3.346965e+03    1.333743e+00    3.345631e+03    0.000000e+00    1.059773e+03   -1.119621e+01    7.465748e+00    1.148913e+03    0.000000e+00
   1.205220e-02    3.210483e+03    1.315425e+00    3.209167e+03    0.000000e+00    1.030615e+03   -1.104354e+01    7.416306e+00    1.114410e+03    0.000000e+00
   1.237915e-02    3.079447e+03    1.297336e+00    3.078150e+03    0.000000e+00    1.002232e+03   -1.089283e+01    7.366955e+00    1.090369e+03    0.000000e+00
   1.271496e-02    2.953642e+03    1.279453e+00    2.952363e+03    0.000000e+00    9.746031e+02   -1.074405e+01    7.318378e+00    1.065675e+03    0.000000e+00
   1.305989e-02    2.832862e+03    1.261765e+00    2.831600e+03    0.000000e+00    9.477079e+02   -1.059718e+01    7.269637e+00    1.040312e+03    0.000000e+00
   1.341417e-02    2.716908e+03    1.244255e+00    2.715663e+03    0.000000e+00    9.215272e+02   -1.045219e+01    7.221693e+00    1.014260e+03    0.000000e+00
   1.377807e-02    2.605588e+03    1.226903e+00    2.604362e+03    0.000000e+00    8.960424e+02   -1.030906e+01    7.173559e+00    9.875018e+02    0.000000e+00
   1.415183e-02    2.498721e+03    1.209692e+00    2.497512e+03    0.000000e+00    8.712351e+02   -1.016776e+01    7.125897e+00    9.600175e+02    0.000000e+00
   1.453574e-02    2.396130e+03    1.192607e+00    2.394938e+03    0.000000e+00    8.470874e+02   -1.002826e+01    7.078174e+00    9.317877e+02    0.000000e+00
   1.493005e-02    2.297646e+03    1.175701e+00    2.296471e+03    0.000000e+00    8.235819e+02   -9.890542e+00    7.030840e+00    9.027921e+02    0.000000e+00
   1.533507e-02    2.203108e+03    1.159736e+00    2.201949e+03    0.000000e+00    8.007018e+02   -9.754585e+00    6.985929e+00    8.824273e+02    0.000000e+00
   1.575107e-02    2.112359e+03    1.143846e+00    2.111215e+03    0.000000e+00    7.784306e+02   -9.620361e+00    6.940926e+00    8.620252e+02    0.000000e+00
   1.617836e-02    2.025249e+03    1.128006e+00    2.024121e+03    0.000000e+00    7.567523e+02   -9.487847e+00    6.896086e+00    8.410696e+02    0.000000e+00
   1.661724e-02    1.941633e+03    1.112199e+00    1.940520e+03    0.000000e+00    7.356512e+02   -9.357020e+00    6.850816e+00    8.195455e+02    0.000000e+00
   1.706802e-02    1.861373e+03    1.096406e+00    1.860277e+03    0.000000e+00    7.151122e+02   -9.227857e+00    6.805796e+00    7.974376e+02    0.000000e+00
   1.753104e-02    1.784337e+03    1.080651e+00    1.783256e+03    0.000000e+00    6.951204e+02   -9.100335e+00    6.760214e+00    7.747299e+02    0.000000e+00
   1.800661e-02    1.710399e+03    1.065939e+00    1.709333e+03    0.000000e+00    6.756615e+02   -8.974435e+00    6.717952e+00    7.523294e+02    0.000000e+00
   1.849509e-02    1.639434e+03    1.051169e+00    1.638383e+03    0.000000e+00    6.567215e+02   -8.850133e+00    6.674930e+00    7.352093e+02    0.000000e+00
   1.899681e-02    1.571325e+03    1.036319e+00    1.570289e+03    0.000000e+00    6.382867e+02   -8.727405e+00    6.631774e+00    7.176248e+02    0.000000e+00
   1.951215e-02    1.505958e+03    1.021377e+00    1.504937e+03    0.000000e+00    6.203438e+02   -8.606232e+00    6.587935e+00    6.995632e+02    0.000000e+00
   2.004146e-02    1.443226e+03    1.007185e+00    1.442219e+03    0.000000e+00    6.028799e+02   -8.486595e+00    6.546241e+00    6.810117e+02    0.000000e+00
   2.058514e-02    1.383024e+03    9.931698e-01    1.382031e+03    0.000000e+00    5.858824e+02   -8.368471e+00    6.504829e+00    6.619569e+02    0.000000e+00
   2.114356e-02    1.325251e+03    9.789845e-01    1.324273e+03    0.000000e+00    5.693390e+02   -8.251838e+00    6.462690e+00    6.442466e+02    0.000000e+00
   2.171714e-02    1.269812e+03    9.649137e-01    1.268847e+03    0.000000e+00    5.532379e+02   -8.136678e+00    6.420804e+00    6.291608e+02    0.000000e+00
   2.230627e-02    1.216614e+03    9.515606e-01    1.215662e+03    0.000000e+00    5.375672e+02   -8.022973e+00    6.380698e+00    6.136658e+02    0.000000e+00
   2.291138e-02    1.165567e+03    9.379608e-01    1.164629e+03    0.000000e+00    5.223159e+02   -7.910700e+00    6.339919e+00    5.977505e+02    0.000000e+00
   2.353291e-02    1.116586e+03    9.244467e-01    1.115662e+03    0.000000e+00    5.074727e+02   -7.799840e+00    6.298902e+00    5.814034e+02    0.000000e+00
   2.417130e-02    1.069591e+03    9.115498e-01    1.068679e+03    0.000000e+00    4.930271e+02   -7.690377e+00    6.259933e+00    5.660734e+02    0.000000e+00
   2.482701e-02    1.024501e+03    8.983367e-01    1.023602e+03    0.000000e+00    4.789686e+02   -7.582289e+00    6.219415e+00    5.526512e+02    0.000000e+00
   2.550051e-02    9.812408e+02    8.856257e-01    9.803552e+02    0.000000e+00    4.652870e+02   -7.475559e+00    6.180696e+00    5.388649e+02    0.000000e+00
   2.619227e-02    9.397382e+02    8.729692e-01    9.388652e+02    0.000000e+00    4.519724e+02   -7.370169e+00    6.141585e+00    5.247046e+02    0.000000e+00
   2.690280e-02    8.999229e+02    8.603293e-01    8.990625e+02    0.000000e+00    4.390151e+02   -7.266099e+00    6.102659e+00    5.101602e+02    0.000000e+00
   2.763261e-02    8.617285e+02    8.481321e-01    8.608804e+02    0.000000e+00    4.264059e+02   -7.163335e+00    6.064668e+00    4.981670e+02    0.000000e+00
   2.838221e-02    8.250895e+02    8.357249e-01    8.242538e+02    0.000000e+00    4.141355e+02   -7.061855e+00    6.026048e+00    4.858826e+02    0.000000e+00
   2.915215e-02    7.899454e+02    8.238819e-01    7.891216e+02    0.000000e+00    4.021952e+02   -6.961646e+00    5.988863e+00    4.732650e+02    0.000000e+00
   2.994298e-02    7.562353e+02    8.118141e-01    7.554235e+02    0.000000e+00    3.905761e+02   -6.862687e+00    5.950899e+00    4.604296e+02    0.000000e+00
   3.075526e-02    7.239034e+02    8.002174e-01    7.231032e+02    0.000000e+00    3.792699e+02   -6.764965e+00    5.914191e+00    4.495298e+02    0.000000e+00
   3.158957e-02    6.928938e+02    7.885532e-01    6.921052e+02    0.000000e+00    3.682685e+02   -6.668461e+00    5.877107e+00    4.383344e+02    0.000000e+00
   3.244652e-02    6.631543e+02    7.770953e-01    6.623772e+02    0.000000e+00    3.575637e+02   -6.573160e+00    5.840538e+00    4.268353e+02    0.000000e+00
   3.332671e-02    6.346344e+02    7.658632e-01    6.338685e+02    0.000000e+00    3.471478e+02   -6.479045e+00    5.804449e+00    4.159940e+02    0.000000e+00
   3.423079e-02    6.072847e+02    7.544941e-01    6.065302e+02    0.000000e+00    3.370134e+02   -6.386100e+00    5.767857e+00    4.058756e+02    0.000000e+00
   3.515938e-02    5.810598e+02    7.436431e-01    5.803162e+02    0.000000e+00    3.271529e+02   -6.294312e+00    5.732625e+00    3.954828e+02    0.000000e+00
   3.611317e-02    5.559139e+02    7.327603e-01    5.551811e+02    0.000000e+00    3.175592e+02   -6.203662e+00    5.697297e+00    3.852052e+02    0.000000e+00
   3.709283e-02    5.318038e+02    7.218551e-01    5.310819e+02    0.000000e+00    3.082253e+02   -6.114137e+00    5.661529e+00    3.759192e+02    0.000000e+00
   3.809907e-02    5.086889e+02    7.113437e-01    5.079775e+02    0.000000e+00    2.991444e+02   -6.025722e+00    5.627099e+00    3.663812e+02    0.000000e+00
   3.913260e-02    4.865288e+02    7.009111e-01    4.858279e+02    0.000000e+00    2.903100e+02   -5.938403e+00    5.592518e+00    3.569360e+02    0.000000e+00
   4.019417e-02    4.652855e+02    6.905195e-01    4.645949e+02    0.000000e+00    2.817154e+02   -5.852163e+00    5.558165e+00    3.483023e+02    0.000000e+00
   4.128454e-02    4.449221e+02    6.802028e-01    4.442419e+02    0.000000e+00    2.733546e+02   -5.766989e+00    5.523577e+00    3.394345e+02    0.000000e+00
   4.240449e-02    4.254037e+02    6.701135e-01    4.247336e+02    0.000000e+00    2.652213e+02   -5.682868e+00    5.489878e+00    3.309108e+02    0.000000e+00
   4.355482e-02    4.066965e+02    6.602042e-01    4.060363e+02    0.000000e+00    2.573096e+02   -5.599786e+00    5.456307e+00    3.227942e+02    0.000000e+00
   4.473635e-02    3.887678e+02    6.503820e-01    3.881174e+02    0.000000e+00    2.496137e+02   -5.517729e+00    5.423193e+00    3.144573e+02    0.000000e+00
   4.594994e-02    3.715862e+02    6.406616e-01    3.709456e+02    0.000000e+00    2.421280e+02   -5.436682e+00    5.389925e+00    3.068554e+02    0.000000e+00
   4.719645e-02    3.551220e+02    6.310528e-01    3.544909e+02    0.000000e+00    2.348470e+02   -5.356634e+00    5.357218e+00    2.991509e+02    0.000000e+00
   4.847677e-02    3.393462e+02    6.215608e-01    3.387246e+02    0.000000e+00    2.277653e+02   -5.277571e+00    5.324400e+00    2.916950e+02    0.000000e+00
   4.979183e-02    3.242312e+02    6.121883e-01    3.236190e+02    0.000000e+00    2.208777e+02   -5.199480e+00    5.292180e+00    2.845146e+02    0.000000e+00
   5.114255e-02    3.097505e+02    6.029338e-01    3.091476e+02    0.000000e+00    2.141791e+02   -5.122349e+00    5.259857e+00    2.773261e+02    0.000000e+00
   5.252993e-02    2.958784e+02    5.937938e-01    2.952846e+02    0.000000e+00    2.076647e+02   -5.046165e+00    5.228115e+00    2.705841e+02    0.000000e+00
   5.395493e-02    2.825905e+02    5.847623e-01    2.820058e+02    0.000000e+00    2.013296e+02   -4.970916e+00    5.196251e+00    2.637266e+02    0.000000e+00
   5.541860e-02    2.698632e+02    5.758318e-01    2.692874e+02    0.000000e+00    1.951691e+02   -4.896589e+00    5.164912e+00    2.573544e+02    0.000000e+00
   5.692197e-02    2.576739e+02    5.669927e-01    2.571069e+02    0.000000e+00    1.891787e+02   -4.823174e+00    5.133412e+00    2.508566e+02    0.000000e+00
   5.846612e-02    2.460008e+02    5.582645e-01    2.454426e+02    0.000000e+00    1.833539e+02   -4.750658e+00    5.102451e+00    2.447980e+02    0.000000e+00
   6.005216e-02    2.348233e+02    5.497340e-01    2.342736e+02    0.000000e+00    1.776904e+02   -4.679031e+00    5.071736e+00    2.386672e+02    0.000000e+00
   6.168123e-02    2.241211e+02    5.412714e-01    2.235798e+02    0.000000e+00    1.721840e+02   -4.608281e+00    5.041387e+00    2.328761e+02    0.000000e+00
   6.335449e-02    2.138748e+02    5.328625e-01    2.133419e+02    0.000000e+00    1.668306e+02   -4.538395e+00    5.010808e+00    2.271069e+02    0.000000e+00
   6.507314e-02    2.040662e+02    5.245727e-01    2.035416e+02    0.000000e+00    1.616262e+02   -4.469364e+00    4.980740e+00    2.215446e+02    0.000000e+00
   6.683841e-02    1.946775e+02    5.164430e-01    1.941611e+02    0.000000e+00    1.565670e+02   -4.401177e+00    4.950871e+00    2.161240e+02    0.000000e+00
   6.865157e-02    1.856914e+02    5.083265e-01    1.851831e+02    0.000000e+00    1.516491e+02   -4.333823e+00    4.921089e+00    2.107581e+02    0.000000e+00
   7.051392e-02    1.770919e+02    5.003892e-01    1.765915e+02    0.000000e+00    1.468689e+02   -4.267292e+00    4.891630e+00    2.056686e+02    0.000000e+00
   7.242679e-02    1.688629e+02    4.924972e-01    1.683704e+02    0.000000e+00    1.422227e+02   -4.201573e+00    4.862323e+00    2.006130e+02    0.000000e+00
   7.439155e-02    1.609895e+02    4.847371e-01    1.605048e+02    0.000000e+00    1.377071e+02   -4.136657e+00    4.833227e+00    1.956938e+02    0.000000e+00
   7.640961e-02    1.534571e+02    4.770266e-01    1.529801e+02    0.000000e+00    1.333187e+02   -4.072533e+00    4.804239e+00    1.909540e+02    0.000000e+00
   7.848241e-02    1.462519e+02    4.694755e-01    1.457824e+02    0.000000e+00    1.290542e+02   -4.009193e+00    4.775633e+00    1.862798e+02    0.000000e+00
   8.061145e-02    1.393602e+02    4.619534e-01    1.388983e+02    0.000000e+00    1.249103e+02   -3.946625e+00    4.746992e+00    1.817086e+02    0.000000e+00
   8.279823e-02    1.327695e+02    4.545592e-01    1.323149e+02    0.000000e+00    1.208839e+02   -3.884821e+00    4.718692e+00    1.773230e+02    0.000000e+00
   8.504435e-02    1.264673e+02    4.472704e-01    1.260200e+02    0.000000e+00    1.169719e+02   -3.823772e+00    4.690570e+00    1.730147e+02    0.000000e+00
   8.735139e-02    1.204416e+02    4.400463e-01    1.200016e+02    0.000000e+00    1.131713e+02   -3.763467e+00    4.662631e+00    1.687945e+02    0.000000e+00
   8.972102e-02    1.146812e+02    4.329002e-01    1.142483e+02    0.000000e+00    1.094793e+02   -3.703900e+00    4.634686e+00    1.646692e+02    0.000000e+00
   9.215493e-02    1.091750e+02    4.258411e-01    1.087492e+02    0.000000e+00    1.058930e+02   -3.645059e+00    4.607097e+00    1.606961e+02    0.000000e+00
   9.465486e-02    1.039127e+02    4.188911e-01    1.034939e+02    0.000000e+00    1.024097e+02   -3.586938e+00    4.579548e+00    1.568097e+02    0.000000e+00
   9.722262e-02    9.888416e+01    4.093498e-01    9.847481e+01    0.000000e+00    9.902662e+01   -3.529528e+00    4.541919e+00    1.530114e+02    0.000000e+00
   9.986002e-02    9.407960e+01    4.034956e-01    9.367610e+01    0.000000e+00    9.574120e+01   -3.472820e+00    4.518425e+00    1.493029e+02    0.000000e+00
   1.025690e-01    8.948974e+01    3.975066e-01    8.909223e+01    0.000000e+00    9.255089e+01   -3.416805e+00    4.494257e+00    1.456844e+02    0.000000e+00
   1.053514e-01    8.510571e+01    3.895754e-01    8.471614e+01    0.000000e+00    8.945320e+01   -3.361477e+00    4.462273e+00    1.421551e+02    0.000000e+00
   1.082093e-01    8.091890e+01    3.853411e-01    8.053356e+01    0.000000e+00    8.644571e+01   -3.306827e+00    4.444757e+00    1.387136e+02    0.000000e+00
   1.111448e-01    7.692104e+01    3.773784e-01    7.654367e+01    0.000000e+00    8.352607e+01   -3.252847e+00    4.412291e+00    1.353579e+02    0.000000e+00
   1.141599e-01    7.310423e+01    3.709566e-01    7.273327e+01    0.000000e+00    8.069199e+01   -3.199529e+00    4.385674e+00    1.320856e+02    0.000000e+00
   1.172568e-01    6.946090e+01    3.669305e-01    6.909397e+01    0.000000e+00    7.794122e+01   -3.146867e+00    4.368784e+00    1.288939e+02    0.000000e+00
   1.204376e-01    6.598379e+01    3.586394e-01    6.562515e+01    0.000000e+00    7.527158e+01   -3.094853e+00    4.334302e+00    1.257802e+02    0.000000e+00
   1.237048e-01    6.266580e+01    3.528492e-01    6.231295e+01    0.000000e+00    7.268096e+01   -3.043478e+00    4.309872e+00    1.227413e+02    0.000000e+00
   1.270606e-01    5.950035e+01    3.483824e-01    5.915197e+01    0.000000e+00    7.016727e+01   -2.992739e+00    4.290701e+00    1.197744e+02    0.000000e+00
   1.305075e-01    5.648083e+01    3.407996e-01    5.614003e+01    0.000000e+00    6.772851e+01   -2.942624e+00    4.258509e+00    1.168764e+02    0.000000e+00
   1.340478e-01    5.360120e+01    3.351633e-01    5.326603e+01    0.000000e+00    6.536270e+01   -2.893131e+00    4.234285e+00    1.140444e+02    0.000000e+00
   1.376842e-01    5.085540e+01    3.310155e-01    5.052438e+01    0.000000e+00    6.306793e+01   -2.844250e+00    4.216006e+00    1.112797e+02    0.000000e+00
   1.414192e-01    4.823773e+01    3.237932e-01    4.791394e+01    0.000000e+00    6.084234e+01   -2.795975e+00    4.184782e+00    1.085921e+02    0.000000e+00
   1.452556e-01    4.574277e+01    3.179817e-01    4.542479e+01    0.000000e+00    5.868409e+01   -2.748300e+00    4.159217e+00    1.059620e+02    0.000000e+00
   1.491960e-01    4.336523e+01    3.133215e-01    4.305190e+01    0.000000e+00    5.659142e+01   -2.701220e+00    4.138412e+00    1.033866e+02    0.000000e+00
   1.532433e-01    4.110004e+01    3.077086e-01    4.079233e+01    0.000000e+00    5.456259e+01   -2.654727e+00    4.113391e+00    1.008801e+02    0.000000e+00
   1.574004e-01    3.894237e+01    3.016300e-01    3.864074e+01    0.000000e+00    5.259592e+01   -2.608815e+00    4.086079e+00    9.842996e+01    0.000000e+00
   1.616703e-01    3.688756e+01    2.964473e-01    3.659111e+01    0.000000e+00    5.068977e+01   -2.563478e+00    4.062613e+00    9.603026e+01    0.000000e+00
   1.660560e-01    3.493113e+01    2.919527e-01    3.463918e+01    0.000000e+00    4.884252e+01   -2.518711e+00    4.041850e+00    9.369567e+01    0.000000e+00
   1.705607e-01    3.306885e+01    2.863994e-01    3.278245e+01    0.000000e+00    4.705261e+01   -2.474509e+00    4.016359e+00    9.140433e+01    0.000000e+00
   1.751876e-01    3.129657e+01    2.807875e-01    3.101578e+01    0.000000e+00    4.531853e+01   -2.430864e+00    3.990413e+00    8.917503e+01    0.000000e+00
   1.799400e-01    2.961032e+01    2.757343e-01    2.933458e+01    0.000000e+00    4.363877e+01   -2.387772e+00    3.966649e+00    8.698943e+01    0.000000e+00
   1.848214e-01    2.800635e+01    2.711233e-01    2.773523e+01    0.000000e+00    4.201190e+01   -2.345227e+00    3.944802e+00    8.485540e+01    0.000000e+00
   1.898351e-01    2.648101e+01    2.666555e-01    2.621436e+01    0.000000e+00    4.043649e+01   -2.303224e+00    3.923356e+00    8.277066e+01    0.000000e+00
   1.949849e-01    2.503083e+01    2.612070e-01    2.476963e+01    0.000000e+00    3.891117e+01   -2.261758e+00    3.897276e+00    8.072924e+01    0.000000e+00
   2.002743e-01    2.365244e+01    2.561352e-01    2.339630e+01    0.000000e+00    3.743459e+01   -2.220823e+00    3.872790e+00    7.873238e+01    0.000000e+00
   2.057073e-01    2.234267e+01    2.513739e-01    2.209129e+01    0.000000e+00    3.600543e+01   -2.180415e+00    3.849441e+00    7.678379e+01    0.000000e+00
   2.112876e-01    2.109841e+01    2.468364e-01    2.085158e+01    0.000000e+00    3.462241e+01   -2.140528e+00    3.826919e+00    7.487658e+01    0.000000e+00
   2.170193e-01    1.991672e+01    2.424644e-01    1.967426e+01    0.000000e+00    3.328429e+01   -2.101158e+00    3.805052e+00    7.301035e+01    0.000000e+00
   2.229065e-01    1.879478e+01    2.381998e-01    1.855658e+01    0.000000e+00    3.198985e+01   -2.062300e+00    3.783404e+00    7.118435e+01    0.000000e+00
   2.289534e-01    1.772986e+01    2.333781e-01    1.749648e+01    0.000000e+00    3.073788e+01   -2.023949e+00    3.759003e+00    6.939763e+01    0.000000e+00
   2.351644e-01    1.671936e+01    2.287422e-01    1.649062e+01    0.000000e+00    2.952724e+01   -1.986101e+00    3.735274e+00    6.764905e+01    0.000000e+00
   2.415438e-01    1.576079e+01    2.242528e-01    1.553654e+01    0.000000e+00    2.835679e+01   -1.948750e+00    3.711965e+00    6.593739e+01    0.000000e+00
   2.480963e-01    1.485178e+01    2.198924e-01    1.463188e+01    0.000000e+00    2.722542e+01   -1.911894e+00    3.689060e+00    6.426133e+01    0.000000e+00
   2.548265e-01    1.399000e+01    2.156223e-01    1.377438e+01    0.000000e+00    2.613205e+01   -1.875526e+00    3.666442e+00    6.262290e+01    0.000000e+00
   2.617393e-01    1.317328e+01    2.114319e-01    1.296184e+01    0.000000e+00    2.507562e+01   -1.839644e+00    3.643935e+00    6.101816e+01    0.000000e+00
   2.688397e-01    1.239949e+01    2.073053e-01    1.219219e+01    0.000000e+00    2.405512e+01   -1.804242e+00    3.621487e+00    5.944523e+01    0.000000e+00
   2.761326e-01    1.166665e+01    2.032398e-01    1.146341e+01    0.000000e+00    2.306952e+01   -1.769317e+00    3.599219e+00    5.790687e+01    0.000000e+00
   2.836234e-01    1.097280e+01    1.992226e-01    1.077358e+01    0.000000e+00    2.211786e+01   -1.734864e+00    3.576914e+00    5.639878e+01    0.000000e+00
   2.913174e-01    1.031610e+01    1.952531e-01    1.012084e+01    0.000000e+00    2.119918e+01   -1.700880e+00    3.554575e+00    5.492281e+01    0.000000e+00
   2.992202e-01    9.694765e+00    1.913312e-01    9.503434e+00    0.000000e+00    2.031253e+01   -1.667360e+00    3.532300e+00    5.347549e+01    0.000000e+00
   3.073373e-01    9.107112e+00    1.874577e-01    8.919654e+00    0.000000e+00    1.945702e+01   -1.634300e+00    3.510040e+00    5.205894e+01    0.000000e+00
   3.156746e-01    8.551510e+00    1.836338e-01    8.367877e+00    0.000000e+00    1.863174e+01   -1.601697e+00    3.487754e+00    5.067087e+01    0.000000e+00
   3.242380e-01    8.026402e+00    1.798609e-01    7.846541e+00    0.000000e+00    1.783582e+01   -1.569547e+00    3.465456e+00    4.931047e+01    0.000000e+00
   3.330338e-01    7.530305e+00    1.761466e-01    7.354159e+00    0.000000e+00    1.706843e+01   -1.537845e+00    3.443287e+00    4.797734e+01    0.000000e+00
   3.420682e-01    7.061790e+00    1.724917e-01    6.889299e+00    0.000000e+00    1.632872e+01   -1.506589e+00    3.421159e+00    4.667095e+01    0.000000e+00
   3.513477e-01    6.619497e+00    1.689018e-01    6.450595e+00    0.000000e+00    1.561588e+01   -1.475774e+00    3.399091e+00    4.539064e+01    0.000000e+00
   3.608789e-01    6.202117e+00    1.653783e-01    6.036739e+00    0.000000e+00    1.492913e+01   -1.445397e+00    3.377093e+00    4.413568e+01    0.000000e+00
   3.706686e-01    5.808410e+00    1.619282e-01    5.646482e+00    0.000000e+00    1.426770e+01   -1.415454e+00    3.355269e+00    4.290527e+01    0.000000e+00
   3.807239e-01    5.437183e+00    1.585548e-01    5.278628e+00    0.000000e+00    1.363082e+01   -1.385941e+00    3.333604e+00    4.170020e+01    0.000000e+00
   3.910520e-01    5.087295e+00    1.552323e-01    4.932062e+00    0.000000e+00    1.301776e+01   -1.356856e+00    3.311927e+00    4.051840e+01    0.000000e+00
   4.016603e-01    4.757660e+00    1.518063e-01    4.605853e+00    0.000000e+00    1.242781e+01   -1.328193e+00    3.289386e+00    3.936020e+01    0.000000e+00
   4.125564e-01    4.447237e+00    1.484719e-01    4.298765e+00    0.000000e+00    1.186026e+01   -1.299951e+00    3.267050e+00    3.822443e+01    0.000000e+00
   4.237480e-01    4.155029e+00    1.452297e-01    4.009800e+00    0.000000e+00    1.131441e+01   -1.272124e+00    3.244968e+00    3.711184e+01    0.000000e+00
   4.352432e-01    3.880095e+00    1.420853e-01    3.738010e+00    0.000000e+00    1.078962e+01   -1.244710e+00    3.223159e+00    3.602103e+01    0.000000e+00
   4.470503e-01    3.621522e+00    1.390370e-01    3.482485e+00    0.000000e+00    1.028521e+01   -1.217706e+00    3.201592e+00    3.495178e+01    0.000000e+00
   4.591777e-01    3.378454e+00    1.359002e-01    3.242554e+00    0.000000e+00    9.800553e+00   -1.191107e+00    3.179202e+00    3.390378e+01    0.000000e+00
   4.716340e-01    3.150062e+00    1.328304e-01    3.017232e+00    0.000000e+00    9.335025e+00   -1.164910e+00    3.156880e+00    3.287661e+01    0.000000e+00
   4.844283e-01    2.935561e+00    1.298729e-01    2.805688e+00    0.000000e+00    8.888016e+00   -1.139111e+00    3.134895e+00    3.186983e+01    0.000000e+00
   4.975696e-01    2.734200e+00    1.270205e-01    2.607180e+00    0.000000e+00    8.458932e+00   -1.113708e+00    3.113210e+00    3.088379e+01    0.000000e+00
   5.110675e-01    2.545271e+00    1.240609e-01    2.421210e+00    0.000000e+00    8.047193e+00   -1.088696e+00    3.090580e+00    2.991720e+01    0.000000e+00
   5.249315e-01    2.368086e+00    1.212246e-01    2.246862e+00    0.000000e+00    7.652235e+00   -1.064073e+00    3.068361e+00    2.897060e+01    0.000000e+00
   5.391716e-01    2.202002e+00    1.185099e-01    2.083492e+00    0.000000e+00    7.273504e+00   -1.039833e+00    3.046547e+00    2.804314e+01    0.000000e+00
   5.537980e-01    2.046399e+00    1.157079e-01    1.930691e+00    0.000000e+00    6.910462e+00   -1.015975e+00    3.023841e+00    2.713474e+01    0.000000e+00
   5.688211e-01    1.900691e+00    1.130277e-01    1.787664e+00    0.000000e+00    6.562584e+00   -9.924940e-01    3.001538e+00    2.624524e+01    0.000000e+00
   5.842519e-01    1.764322e+00    1.104060e-01    1.653916e+00    0.000000e+00    6.229356e+00   -9.693868e-01    2.979245e+00    2.537438e+01    0.000000e+00
   6.001012e-01    1.636758e+00    1.077795e-01    1.528978e+00    0.000000e+00    5.910279e+00   -9.466498e-01    2.956554e+00    2.452184e+01    0.000000e+00
   6.163804e-01    1.517494e+00    1.052828e-01    1.412212e+00    0.000000e+00    5.604865e+00   -9.242793e-01    2.934327e+00    2.368744e+01    0.000000e+00
   6.331013e-01    1.406051e+00    1.027274e-01    1.303324e+00    0.000000e+00    5.312639e+00   -9.022714e-01    2.911338e+00    2.287112e+01    0.000000e+00
   6.502758e-01    1.301975e+00    1.003072e-01    1.201668e+00    0.000000e+00    5.033136e+00   -8.806229e-01    2.888851e+00    2.207258e+01    0.000000e+00
   6.679162e-01    1.204832e+00    9.785673e-02    1.106975e+00    0.000000e+00    4.765907e+00   -8.593299e-01    2.865768e+00    2.129161e+01    0.000000e+00
   6.860351e-01    1.114212e+00    9.552579e-02    1.018686e+00    0.000000e+00    4.510509e+00   -8.383886e-01    2.843089e+00    2.052810e+01    0.000000e+00
   7.046455e-01    1.029725e+00    9.316292e-02    9.365620e-01    0.000000e+00    4.266515e+00   -8.177954e-01    2.819781e+00    1.978185e+01    0.000000e+00
   7.237608e-01    9.510042e-01    9.089771e-02    8.601065e-01    0.000000e+00    4.033507e+00   -7.975467e-01    2.796728e+00    1.905266e+01    0.000000e+00
   7.433947e-01    8.776993e-01    8.864920e-02    7.890501e-01    0.000000e+00    3.811078e+00   -7.776386e-01    2.773364e+00    1.834060e+01    0.000000e+00
   7.635611e-01    8.094801e-01    8.644751e-02    7.230326e-01    0.000000e+00    3.598832e+00   -7.580677e-01    2.749894e+00    1.764529e+01    0.000000e+00
   7.842746e-01    7.460332e-01    8.431242e-02    6.617208e-01    0.000000e+00    3.396384e+00   -7.388301e-01    2.726477e+00    1.696667e+01    0.000000e+00
   8.055501e-01    6.870718e-01    8.218336e-02    6.048884e-01    0.000000e+00    3.203360e+00   -7.199550e-01    2.702655e+00    1.630462e+01    0.000000e+00
   8.274027e-01    6.323732e-01    8.010981e-02    5.522634e-01    0.000000e+00    3.019393e+00   -7.016553e-01    2.678777e+00    1.565896e+01    0.000000e+00
   8.498481e-01    5.816061e-01    7.808866e-02    5.035175e-01    0.000000e+00    2.844131e+00   -6.836864e-01    2.654817e+00    1.502960e+01   6.669886e-322
   8.729023e-01    5.345207e-01    7.610679e-02    4.584139e-01    0.000000e+00    2.677230e+00   -6.660454e-01    2.630673e+00    1.441637e+01  -5.606104e-318
   8.965820e-01    4.908826e-01    7.414807e-02    4.167345e-01    0.000000e+00    2.518354e+00   -6.487302e-01    2.606229e+00    1.381920e+01  -3.893886e-313
   9.209041e-01    4.504704e-01    7.223454e-02    3.782358e-01    0.000000e+00    2.367179e+00   -6.317388e-01    2.581649e+00    1.323789e+01  -2.042555e-309
   9.458859e-01    4.130766e-01    7.036276e-02    3.427138e-01    0.000000e+00    2.223391e+00   -6.150701e-01    2.556883e+00    1.267241e+01   2.089585e-303
   9.715455e-01    3.785047e-01    6.852983e-02    3.099748e-01    0.000000e+00    2.086684e+00   -5.987229e-01    2.531906e+00    1.212247e+01   4.717646e-299
   9.979011e-01    3.465709e-01    6.673424e-02    2.798367e-01    0.000000e+00    1.956761e+00   -5.826973e-01    2.506730e+00    1.158807e+01  -1.502973e-293
   1.024972e+00    3.171020e-01    6.497484e-02    2.521271e-01    0.000000e+00    1.833334e+00   -5.669935e-01    2.481304e+00    1.106900e+01   1.897266e-288
   1.052777e+00    2.899359e-01    6.325141e-02    2.266845e-01    0.000000e+00    1.716127e+00   -5.516132e-01    2.455637e+00    1.056511e+01   1.846601e-283
   1.081336e+00    2.649198e-01    6.156349e-02    2.033563e-01    0.000000e+00    1.604871e+00   -5.365586e-01    2.429721e+00    1.007632e+01  -1.678684e-277
   1.110670e+00    2.419106e-01    5.991128e-02    1.819993e-01    0.000000e+00    1.499304e+00   -5.218331e-01    2.403542e+00    9.602403e+00  -7.641655e-272
   1.140800e+00    2.207736e-01    5.829473e-02    1.624789e-01    0.000000e+00    1.399176e+00   -5.074412e-01    2.377106e+00    9.143235e+00  -4.418396e-266
   1.171747e+00    2.013828e-01    5.671398e-02    1.446688e-01    0.000000e+00    1.304246e+00   -4.933885e-01    2.350399e+00    8.698637e+00  -1.419146e-260
   1.203533e+00    1.836191e-01    5.516014e-02    1.284590e-01    0.000000e+00    1.214279e+00   -4.796819e-01    2.323334e+00    8.268491e+00   4.441429e-254
   1.236182e+00    1.673709e-01    5.364257e-02    1.137284e-01    0.000000e+00    1.129050e+00   -4.663294e-01    2.296001e+00    7.852575e+00  -7.699555e-248
   1.269717e+00    1.525326e-01    5.215977e-02    1.003728e-01    0.000000e+00    1.048345e+00   -4.533399e-01    2.268367e+00    7.450728e+00   1.809430e-241
   1.304161e+00    1.390048e-01    5.070546e-02    8.829932e-02    0.000000e+00    9.719560e-01   -4.407236e-01    2.240369e+00    7.062761e+00   3.991774e-235
   1.339540e+00    1.266932e-01    4.928599e-02    7.740721e-02    0.000000e+00    8.996849e-01   -4.284909e-01    2.212065e+00    6.688490e+00  -1.409189e-229
   1.375878e+00    1.155090e-01    4.789648e-02    6.761249e-02    0.000000e+00    8.313422e-01   -4.166529e-01    2.183403e+00    6.327741e+00   1.901707e-221
   1.413202e+00    1.053673e-01    4.653846e-02    5.882887e-02    0.000000e+00    7.667471e-01   -4.052207e-01    2.154387e+00    5.980293e+00   5.150289e-214
   1.451539e+00    9.618819e-02    4.521206e-02    5.097613e-02    0.000000e+00    7.057276e-01   -3.942052e-01    2.125011e+00    5.645933e+00  -1.214693e-206
   1.490916e+00    8.789561e-02    4.391662e-02    4.397899e-02    0.000000e+00    6.481204e-01   -3.836165e-01    2.095267e+00    5.324457e+00   3.824173e-199
   1.531360e+00    8.041740e-02    4.265189e-02    3.776551e-02    0.000000e+00    5.937704e-01   -3.734637e-01    2.065144e+00    5.015642e+00   1.039540e-191
   1.572902e+00    7.368544e-02    4.141802e-02    3.226742e-02    0.000000e+00    5.425314e-01   -3.637546e-01    2.034635e+00    4.719274e+00   2.345525e-184
   1.615571e+00    6.763540e-02    4.021520e-02    2.742021e-02    0.000000e+00    4.942654e-01   -3.544952e-01    2.003738e+00    4.435137e+00   2.467278e-175
   1.659398e+00    6.220681e-02    3.904347e-02    2.316334e-02    0.000000e+00    4.488427e-01   -3.456896e-01    1.972451e+00    4.162970e+00   8.381815e-168
   1.704413e+00    5.734303e-02    3.790269e-02    1.944034e-02    0.000000e+00    4.061417e-01   -3.373398e-01    1.940765e+00    3.902558e+00   1.648683e-159
   1.750650e+00    5.299133e-02    3.679345e-02    1.619788e-02    0.000000e+00    3.660485e-01   -3.294457e-01    1.908682e+00    3.653663e+00  -1.999779e-149
   1.798141e+00    4.910283e-02    3.571594e-02    1.338689e-02    0.000000e+00    3.284574e-01   -3.220050e-01    1.876202e+00    3.416020e+00  -2.260945e-140
   1.846920e+00    4.563256e-02    3.467053e-02    1.096204e-02    0.000000e+00    2.932697e-01   -3.150138e-01    1.843328e+00    3.189390e+00  -4.328945e-131
   1.897022e+00    4.253932e-02    3.365773e-02    8.881596e-03    0.000000e+00    2.603946e-01   -3.084662e-01    1.810062e+00    2.973521e+00   1.967579e-121
   1.948484e+00    3.978559e-02    3.267814e-02    7.107448e-03    0.000000e+00    2.297480e-01   -3.023551e-01    1.776410e+00    2.768153e+00  -1.228000e-111
   2.001341e+00    3.733745e-02    3.173244e-02    5.605013e-03    0.000000e+00    2.012530e-01   -2.966719e-01    1.742382e+00    2.573029e+00  -1.566283e-101
   2.055633e+00    3.516439e-02    3.082150e-02    4.342886e-03    0.000000e+00    1.748396e-01   -2.914076e-01    1.707991e+00    2.387885e+00   -4.345625e-91
   2.111397e+00    3.323912e-02    2.994631e-02    3.292801e-03    0.000000e+00    1.504441e-01   -2.865523e-01    1.673251e+00    2.212452e+00    8.347558e-81
   2.168674e+00    3.153738e-02    2.910802e-02    2.429360e-03    0.000000e+00    1.280097e-01   -2.820961e-01    1.638181e+00    2.046467e+00   -1.473398e-69
   2.227505e+00    3.003777e-02    2.830795e-02    1.729819e-03    0.000000e+00    1.074860e-01   -2.780292e-01    1.602805e+00    1.889650e+00    4.363234e-59
   2.287931e+00    2.872151e-02    2.754762e-02    1.173889e-03    0.000000e+00    8.882873e-02   -2.743420e-01    1.567151e+00    1.741734e+00   -6.265339e-47
   2.349997e+00    2.757225e-02    2.682869e-02    7.435517e-04    0.000000e+00    7.200034e-02   -2.710257e-01    1.531252e+00    1.602436e+00   -2.096459e-35
   2.413747e+00    2.657588e-02    2.615298e-02    4.228998e-04    0.000000e+00    5.696960e-02   -2.680722e-01    1.495142e+00    1.471480e+00   -1.000713e-22
   2.479226e+00    2.572041e-02    2.552230e-02    1.981122e-04    0.000000e+00    4.371190e-02   -2.654745e-01    1.458860e+00    1.348578e+00    3.180220e-12
   2.546481e+00    2.499576e-02    2.493786e-02    5.789608e-05    0.000000e+00    3.220938e-02   -2.632267e-01    1.422433e+00    1.233450e+00    8.601362e-11
   2.615561e+00    2.439369e-02    2.439369e-02   -3.398216e-23    0.000000e+00    2.245124e-02   -2.613245e-01    1.385771e+00    1.125804e+00    1.213528e-09
   2.686515e+00    2.390767e-02    2.390767e-02   -2.808484e-21    0.000000e+00    1.443406e-02   -2.597651e-01    1.349171e+00    1.025353e+00    1.372289e-08
   2.759393e+00    2.353286e-02    2.353286e-02   -5.996685e-21    0.000000e+00    8.162322e-03   -2.585474e-01    1.313539e+00    9.318047e-01    1.276229e-07
   2.834249e+00    2.326605e-02    2.326605e-02   -8.013720e-21    0.000000e+00    3.648975e-03   -2.576723e-01    1.278847e+00    8.448686e-01    9.852699e-07
   2.911135e+00    2.310569e-02    2.310569e-02   -8.307612e-21    0.000000e+00    9.164141e-04   -2.571431e-01    1.245072e+00    7.642539e-01    6.367037e-06
   2.990107e+00    2.305211e-02    2.305211e-02   -7.016493e-21    0.000000e+00    0.000000e+00   -2.569657e-01    1.212193e+00    6.896674e-01    3.472672e-05
