 #Radial Distribution Function
 #Al-Al
 #r (Angst), g(r), Var(g(r))
 #----------------------------------------------------------
      0.025000        0.000000        0.000000
      0.075000        0.000000        0.000000
      0.125000        0.000000        0.000000
      0.175000        0.000000        0.000000
      0.225000        0.000000        0.000000
      0.275000        0.000000        0.000000
      0.325000        0.000000        0.000000
      0.375000        0.000000        0.000000
      0.425000        0.000000        0.000000
      0.475000        0.000000        0.000000
      0.525000        0.000000        0.000000
      0.575000        0.000000        0.000000
      0.625000        0.000000        0.000000
      0.675000        0.000000        0.000000
      0.725000        0.000000        0.000000
      0.775000        0.000000        0.000000
      0.825000        0.000000        0.000000
      0.875000        0.000000        0.000000
      0.925000        0.000000        0.000000
      0.975000        0.000000        0.000000
      1.025000        0.000000        0.000000
      1.075000        0.000000        0.000000
      1.125000        0.000000        0.000000
      1.175000        0.000000        0.000000
      1.225000        0.000000        0.000000
      1.275000        0.000000        0.000000
      1.325000        0.000000        0.000000
      1.375000        0.000000        0.000000
      1.425000        0.000000        0.000000
      1.475000        0.000000        0.000000
      1.525000        0.000000        0.000000
      1.575000        0.000000        0.000000
      1.625000        0.002967        0.000919
      1.675000        0.008085        0.002313
      1.725000        0.031878        0.009670
      1.775000        0.054587        0.013582
      1.825000        0.095348        0.021530
      1.875000        0.174093        0.039529
      1.925000        0.262664        0.052662
      1.975000        0.397774        0.077833
      2.025000        0.589387        0.109768
      2.075000        0.716122        0.137238
      2.125000        0.879282        0.150276
      2.175000        1.057369        0.168259
      2.225000        1.167838        0.174697
      2.275000        1.287763        0.203543
      2.325000        1.393886        0.191109
      2.375000        1.501138        0.211363
      2.425000        1.572642        0.198462
      2.475000        1.566302        0.219675
      2.525000        1.604251        0.202893
      2.575000        1.604634        0.186111
      2.625000        1.538583        0.171255
      2.675000        1.475783        0.156977
      2.725000        1.461505        0.142705
      2.775000        1.397906        0.138344
      2.825000        1.356923        0.122160
      2.875000        1.270169        0.132330
      2.925000        1.217572        0.121121
      2.975000        1.158163        0.106156
      3.025000        1.139305        0.103780
      3.075000        1.084672        0.086459
      3.125000        1.047412        0.084612
      3.175000        1.009732        0.073488
      3.225000        1.003173        0.085301
      3.275000        0.976199        0.073697
      3.325000        0.922774        0.066348
      3.375000        0.904761        0.066973
      3.425000        0.899528        0.061240
      3.475000        0.884485        0.063144
      3.525000        0.893595        0.056484
      3.575000        0.866225        0.047041
      3.625000        0.857089        0.052849
      3.675000        0.852616        0.048421
      3.725000        0.863975        0.051418
      3.775000        0.862600        0.048426
      3.825000        0.876195        0.045220
      3.875000        0.874963        0.048941
      3.925000        0.890295        0.046243
      3.975000        0.891296        0.043079
      4.025000        0.907555        0.041242
      4.075000        0.925956        0.046964
      4.125000        0.945336        0.044914
      4.175000        0.924652        0.042752
      4.225000        0.937162        0.041691
      4.275000        0.949017        0.039331
      4.325000        0.971367        0.043988
      4.375000        0.964548        0.038630
      4.425000        0.989551        0.043324
      4.475000        1.004388        0.042005
      4.525000        1.009125        0.043645
      4.575000        1.016156        0.040527
      4.625000        1.010809        0.039419
      4.675000        1.019517        0.035420
      4.725000        1.033100        0.035179
      4.775000        1.043343        0.034752
      4.825000        1.048246        0.035538
      4.875000        1.026334        0.032751
      4.925000        1.064945        0.035947
      4.975000        1.055496        0.037491
      5.025000        1.046470        0.032257
      5.075000        1.040429        0.031337
      5.125000        1.032067        0.031980
      5.175000        1.049906        0.030016
      5.225000        1.043385        0.030152
      5.275000        1.033497        0.032500
      5.325000        1.040260        0.031846
      5.375000        1.026107        0.029555
      5.425000        1.021309        0.027323
      5.475000        1.015275        0.025186
      5.525000        1.020384        0.027623
      5.575000        1.001221        0.026634
      5.625000        1.011840        0.024809
      5.675000        1.001158        0.023560
      5.725000        1.006915        0.025464
      5.775000        0.988244        0.021977
      5.825000        0.993596        0.023573
      5.875000        0.985156        0.021463
      5.925000        0.989360        0.019903
      5.975000        0.977192        0.021724
      6.025000        0.974788        0.022254
      6.075000        0.974488        0.021373
      6.125000        0.971198        0.020832
      6.175000        0.972365        0.020362
      6.225000        0.969421        0.021178
      6.275000        0.980252        0.020630
      6.325000        0.986022        0.018633
      6.375000        0.995541        0.018905
      6.425000        0.984833        0.018303
      6.475000        0.994010        0.018135
      6.525000        0.982003        0.016428
      6.575000        0.988181        0.019630
      6.625000        0.998534        0.018798
      6.675000        1.008097        0.015351
      6.725000        1.004298        0.017809
      6.775000        1.004400        0.016627
      6.825000        0.995591        0.015980
      6.875000        0.990176        0.016095
      6.925000        0.984943        0.017893
      6.975000        0.985870        0.018424
      7.025000        0.985116        0.015457
      7.075000        0.992838        0.015745
      7.125000        0.985704        0.015556
      7.175000        0.988094        0.014872
      7.225000        1.000982        0.014923
      7.275000        1.006005        0.014750
      7.325000        0.989327        0.015890
      7.375000        0.995599        0.013847
      7.425000        1.007170        0.015150
      7.475000        1.005109        0.014320
      7.525000        1.008047        0.013255
      7.575000        0.998112        0.014242
      7.625000        1.006368        0.012924
      7.675000        1.013520        0.012858
      7.725000        1.025048        0.013794
      7.775000        1.013721        0.013275
      7.825000        1.014899        0.012942
      7.875000        1.026993        0.013254
      7.925000        1.034354        0.012292
      7.975000        1.031328        0.012204
      8.025000        1.026016        0.013174
      8.075000        1.019827        0.011415
      8.125000        1.011287        0.012414
      8.175000        1.024844        0.011683
      8.225000        1.017129        0.012702
      8.275000        1.007049        0.011117
      8.325000        1.009170        0.011166
      8.375000        1.010646        0.011924
      8.425000        1.016758        0.011413
      8.475000        1.001408        0.011863
      8.525000        0.993044        0.011516
      8.575000        0.991167        0.010525
      8.625000        0.985253        0.010692
      8.675000        0.988200        0.009917
      8.725000        0.979751        0.009594
      8.775000        0.978308        0.010124
      8.825000        0.996948        0.010062
      8.875000        0.984568        0.010564
      8.925000        0.972170        0.009364
      8.975000        0.977379        0.009629
      9.025000        0.975720        0.008176
      9.075000        0.980698        0.009560
      9.125000        0.976970        0.008552
      9.175000        0.971745        0.009190
      9.225000        0.964793        0.008713
      9.275000        0.962689        0.009336
      9.325000        0.966542        0.008699
      9.375000        0.972117        0.008446
      9.425000        0.961254        0.008497
      9.475000        0.963752        0.007763
      9.525000        0.968863        0.008827
      9.575000        0.966328        0.007814
      9.625000        0.962899        0.007725
      9.675000        0.961948        0.008652
      9.725000        0.957516        0.008547
      9.775000        0.952951        0.006739
      9.825000        0.959129        0.008618
      9.875000        0.959922        0.006522
      9.925000        0.967634        0.008013
      9.975000        0.966236        0.007681
     10.025000        0.963574        0.008261
     10.075000        0.964919        0.007631
     10.125000        0.963532        0.007251
     10.175000        0.966527        0.007917
     10.225000        0.962700        0.008269
     10.275000        0.970277        0.007029
     10.325000        0.972656        0.007860
     10.375000        0.966657        0.007418
     10.425000        0.969843        0.007244
     10.475000        0.967955        0.006803
     10.525000        0.968267        0.008116
     10.575000        0.967453        0.007565
     10.625000        0.962224        0.007274
     10.675000        0.955714        0.007660
     10.725000        0.953877        0.006548
     10.775000        0.954118        0.006434
     10.825000        0.959051        0.006400
     10.875000        0.962267        0.006684
     10.925000        0.969908        0.006499
     10.975000        0.974277        0.006463
     11.025000        0.965613        0.006308
     11.075000        0.962462        0.006126
     11.125000        0.963355        0.006689
     11.175000        0.967740        0.005998
     11.225000        0.971665        0.006012
     11.275000        0.977203        0.005962
     11.325000        0.974359        0.006180
     11.375000        0.979178        0.006754
     11.425000        0.977309        0.006442
     11.475000        0.972733        0.006151
     11.525000        0.978241        0.005719
     11.575000        0.981743        0.005893
     11.625000        0.981047        0.005698
     11.675000        0.988996        0.005334
     11.725000        0.985319        0.005975
     11.775000        0.990225        0.005311
     11.825000        0.992425        0.005764
     11.875000        0.999286        0.006598
     11.925000        0.999605        0.005959
     11.975000        1.009036        0.005811
     12.025000        1.012533        0.005517
     12.075000        1.020920        0.006017
     12.125000        1.029945        0.005068
     12.175000        1.034985        0.005338
     12.225000        1.032652        0.005621
     12.275000        1.029821        0.005108
     12.325000        1.030212        0.005379
     12.375000        1.041691        0.005388
     12.425000        1.032755        0.005865
     12.475000        1.027774        0.004920
     12.525000        1.030320        0.005189
     12.575000        1.032957        0.005068
     12.625000        1.028637        0.004469
     12.675000        1.022077        0.005033
     12.725000        1.014148        0.004563
     12.775000        1.012048        0.004955
     12.825000        1.009526        0.004862
     12.875000        1.004544        0.004885
     12.925000        0.993296        0.005009
     12.975000        0.992924        0.004323
     13.025000        0.986084        0.004269
     13.075000        0.984291        0.004524
     13.125000        0.974481        0.004817
     13.175000        0.968527        0.004088
     13.225000        0.962644        0.004517
     13.275000        0.967268        0.004251
     13.325000        0.964868        0.003783
     13.375000        0.964879        0.003860
     13.425000        0.970043        0.004180
     13.475000        0.970281        0.004412
     13.525000        0.968065        0.004229
     13.575000        0.971889        0.004347
     13.625000        0.968306        0.004136
     13.675000        0.955674        0.004238
     13.725000        0.957184        0.004002
     13.775000        0.960085        0.004054
     13.825000        0.955249        0.003847
     13.875000        0.958452        0.003938
     13.925000        0.957933        0.004274
     13.975000        0.954455        0.003796
     14.025000        0.951713        0.004292
     14.075000        0.956258        0.003880
     14.125000        0.957461        0.003743
     14.175000        0.956702        0.003956
     14.225000        0.956805        0.003744
     14.275000        0.956283        0.003996
     14.325000        0.958764        0.003795
     14.375000        0.960192        0.003562
     14.425000        0.960748        0.003559
     14.475000        0.957044        0.003519
     14.525000        0.956754        0.003326
     14.575000        0.957621        0.003605
     14.625000        0.959654        0.003818
     14.675000        0.965261        0.003346
     14.725000        0.967459        0.003297
     14.775000        0.967031        0.003541
     14.825000        0.962591        0.003368
     14.875000        0.960712        0.003619
     14.925000        0.957273        0.003295
     14.975000        0.961619        0.003598
     15.025000        0.963976        0.003581
     15.075000        0.969006        0.003775
     15.125000        0.974403        0.003487
     15.175000        0.975390        0.003480
     15.225000        0.975067        0.003269
     15.275000        0.974455        0.003244
     15.325000        0.978157        0.003659
