   r/R       V       Vcoul       Vexc       Vkin       Vinh       rV         ne        y        dNe    dNe(free) dNe(bound)    eta    n0*Ine
0.0000e+00 1.180e+08 1.180e+08 5.744e+02 +6.524e+04 +5.895e+07 0.000e+00 7.569e+34 1.000e-10 1.000e-20 1.000e-20 +1.000e-20 6.524e+04 9.987e-01 
4.0000e-06 2.360e+07 2.360e+07 5.742e+02 +6.519e+04 +2.354e+07 1.040e+01 7.561e+34 1.745e+02 3.824e+05 1.000e-20 +3.819e+05 6.519e+04 9.987e-01 
1.6000e-05 6.942e+06 6.941e+06 5.731e+02 +6.493e+04 +6.877e+06 1.223e+01 7.516e+34 6.957e+02 6.083e+06 1.000e-20 +6.075e+06 6.493e+04 9.987e-01 
3.6000e-05 3.189e+06 3.189e+06 5.709e+02 +6.446e+04 +3.125e+06 1.264e+01 7.434e+34 1.557e+03 3.046e+07 1.000e-20 +3.042e+07 6.446e+04 9.987e-01 
6.4000e-05 1.815e+06 1.815e+06 5.679e+02 +6.378e+04 +1.751e+06 1.279e+01 7.316e+34 2.746e+03 9.474e+07 1.000e-20 +9.461e+07 6.378e+04 9.987e-01 
1.0000e-04 1.168e+06 1.167e+06 5.640e+02 +6.291e+04 +1.105e+06 1.286e+01 7.167e+34 4.246e+03 2.266e+08 1.000e-20 +2.263e+08 6.291e+04 9.987e-01 
1.4400e-04 8.133e+05 8.127e+05 5.592e+02 +6.186e+04 +7.514e+05 1.289e+01 6.989e+34 6.038e+03 4.582e+08 1.000e-20 +4.576e+08 6.186e+04 9.987e-01 
1.9600e-04 5.984e+05 5.979e+05 5.537e+02 +6.066e+04 +5.377e+05 1.291e+01 6.787e+34 8.099e+03 8.242e+08 1.000e-20 +8.232e+08 6.066e+04 9.987e-01 
2.5600e-04 4.585e+05 4.580e+05 5.474e+02 +5.932e+04 +3.992e+05 1.291e+01 6.563e+34 1.040e+04 1.360e+09 1.000e-20 +1.358e+09 5.932e+04 9.987e-01 
3.2400e-04 3.624e+05 3.619e+05 5.406e+02 +5.786e+04 +3.046e+05 1.291e+01 6.321e+34 1.292e+04 2.098e+09 1.000e-20 +2.095e+09 5.786e+04 9.987e-01 
4.0000e-04 2.936e+05 2.931e+05 5.331e+02 +5.629e+04 +2.373e+05 1.291e+01 6.066e+34 1.563e+04 3.068e+09 1.000e-20 +3.065e+09 5.629e+04 9.987e-01 
4.8400e-04 2.426e+05 2.421e+05 5.251e+02 +5.464e+04 +1.880e+05 1.291e+01 5.802e+34 1.849e+04 4.296e+09 1.000e-20 +4.291e+09 5.464e+04 9.987e-01 
5.7600e-04 2.038e+05 2.033e+05 5.167e+02 +5.292e+04 +1.509e+05 1.290e+01 5.530e+34 2.148e+04 5.800e+09 1.000e-20 +5.793e+09 5.292e+04 9.988e-01 
6.7600e-04 1.736e+05 1.731e+05 5.079e+02 +5.116e+04 +1.224e+05 1.289e+01 5.256e+34 2.458e+04 7.593e+09 1.000e-20 +7.583e+09 5.116e+04 9.988e-01 
7.8400e-04 1.496e+05 1.491e+05 4.988e+02 +4.936e+04 +1.002e+05 1.287e+01 4.981e+34 2.775e+04 9.679e+09 1.000e-20 +9.668e+09 4.936e+04 9.988e-01 
9.0000e-04 1.302e+05 1.297e+05 4.894e+02 +4.755e+04 +8.268e+04 1.286e+01 4.709e+34 3.098e+04 1.206e+10 1.000e-20 +1.204e+10 4.755e+04 9.988e-01 
1.0240e-03 1.144e+05 1.139e+05 4.799e+02 +4.573e+04 +6.864e+04 1.285e+01 4.442e+34 3.423e+04 1.472e+10 1.000e-20 +1.471e+10 4.573e+04 9.988e-01 
1.1560e-03 1.012e+05 1.007e+05 4.702e+02 +4.392e+04 +5.730e+04 1.283e+01 4.181e+34 3.749e+04 1.766e+10 1.000e-20 +1.764e+10 4.392e+04 9.988e-01 
1.2960e-03 9.020e+04 8.974e+04 4.604e+02 +4.214e+04 +4.807e+04 1.281e+01 3.929e+34 4.074e+04 2.086e+10 1.000e-20 +2.084e+10 4.214e+04 9.988e-01 
1.4440e-03 8.087e+04 8.042e+04 4.505e+02 +4.038e+04 +4.050e+04 1.279e+01 3.686e+34 4.397e+04 2.429e+10 1.000e-20 +2.427e+10 4.038e+04 9.988e-01 
1.6000e-03 7.290e+04 7.246e+04 4.407e+02 +3.866e+04 +3.425e+04 1.277e+01 3.453e+34 4.715e+04 2.794e+10 1.000e-20 +2.791e+10 3.866e+04 9.989e-01 
1.7640e-03 6.605e+04 6.561e+04 4.309e+02 +3.698e+04 +2.907e+04 1.275e+01 3.231e+34 5.029e+04 3.178e+10 1.000e-20 +3.174e+10 3.698e+04 9.989e-01 
1.9360e-03 6.010e+04 5.968e+04 4.211e+02 +3.536e+04 +2.475e+04 1.273e+01 3.020e+34 5.336e+04 3.578e+10 1.000e-20 +3.574e+10 3.536e+04 9.989e-01 
2.1160e-03 5.491e+04 5.450e+04 4.115e+02 +3.378e+04 +2.114e+04 1.270e+01 2.820e+34 5.636e+04 3.992e+10 1.000e-20 +3.988e+10 3.378e+04 9.989e-01 
2.3040e-03 5.036e+04 4.995e+04 4.020e+02 +3.226e+04 +1.810e+04 1.268e+01 2.632e+34 5.929e+04 4.417e+10 1.000e-20 +4.413e+10 3.226e+04 9.989e-01 
2.5000e-03 4.634e+04 4.594e+04 3.926e+02 +3.080e+04 +1.554e+04 1.265e+01 2.455e+34 6.213e+04 4.852e+10 1.000e-20 +4.847e+10 3.080e+04 9.990e-01 
2.7040e-03 4.277e+04 4.239e+04 3.835e+02 +2.940e+04 +1.338e+04 1.262e+01 2.290e+34 6.490e+04 5.292e+10 1.000e-20 +5.287e+10 2.940e+04 9.990e-01 
2.9160e-03 3.959e+04 3.922e+04 3.744e+02 +2.806e+04 +1.155e+04 1.260e+01 2.135e+34 6.757e+04 5.738e+10 1.000e-20 +5.732e+10 2.806e+04 9.990e-01 
3.1360e-03 3.675e+04 3.638e+04 3.656e+02 +2.677e+04 +9.987e+03 1.257e+01 1.990e+34 7.016e+04 6.186e+10 1.000e-20 +6.180e+10 2.677e+04 9.990e-01 
3.3640e-03 3.420e+04 3.384e+04 3.570e+02 +2.554e+04 +8.658e+03 1.254e+01 1.855e+34 7.266e+04 6.635e+10 1.000e-20 +6.628e+10 2.554e+04 9.991e-01 
3.6000e-03 3.189e+04 3.154e+04 3.486e+02 +2.438e+04 +7.523e+03 1.251e+01 1.729e+34 7.507e+04 7.083e+10 1.000e-20 +7.076e+10 2.438e+04 9.991e-01 
3.8440e-03 2.981e+04 2.947e+04 3.404e+02 +2.326e+04 +6.551e+03 1.248e+01 1.612e+34 7.740e+04 7.529e+10 1.000e-20 +7.522e+10 2.326e+04 9.991e-01 
4.0960e-03 2.791e+04 2.758e+04 3.324e+02 +2.220e+04 +5.717e+03 1.244e+01 1.503e+34 7.964e+04 7.971e+10 1.000e-20 +7.964e+10 2.220e+04 9.991e-01 
4.3560e-03 2.619e+04 2.587e+04 3.246e+02 +2.120e+04 +5.000e+03 1.241e+01 1.402e+34 8.180e+04 8.409e+10 1.000e-20 +8.402e+10 2.120e+04 9.992e-01 
4.6240e-03 2.462e+04 2.430e+04 3.171e+02 +2.024e+04 +4.382e+03 1.238e+01 1.308e+34 8.388e+04 8.842e+10 1.000e-20 +8.835e+10 2.024e+04 9.992e-01 
4.9000e-03 2.318e+04 2.287e+04 3.097e+02 +1.933e+04 +3.849e+03 1.234e+01 1.221e+34 8.588e+04 9.269e+10 1.000e-20 +9.262e+10 1.933e+04 9.992e-01 
5.1840e-03 2.185e+04 2.155e+04 3.026e+02 +1.847e+04 +3.388e+03 1.231e+01 1.141e+34 8.781e+04 9.689e+10 1.000e-20 +9.682e+10 1.847e+04 9.993e-01 
5.4760e-03 2.064e+04 2.034e+04 2.957e+02 +1.766e+04 +2.988e+03 1.227e+01 1.066e+34 8.966e+04 1.010e+11 1.000e-20 +1.010e+11 1.766e+04 9.993e-01 
5.7760e-03 1.952e+04 1.923e+04 2.890e+02 +1.688e+04 +2.641e+03 1.223e+01 9.964e+33 9.145e+04 1.051e+11 1.000e-20 +1.050e+11 1.688e+04 9.994e-01 
6.0840e-03 1.848e+04 1.820e+04 2.825e+02 +1.615e+04 +2.339e+03 1.219e+01 9.320e+33 9.316e+04 1.091e+11 1.000e-20 +1.090e+11 1.615e+04 9.994e-01 
6.4000e-03 1.752e+04 1.724e+04 2.762e+02 +1.545e+04 +2.076e+03 1.216e+01 8.724e+33 9.481e+04 1.130e+11 1.000e-20 +1.129e+11 1.545e+04 9.994e-01 
6.7240e-03 1.663e+04 1.636e+04 2.701e+02 +1.479e+04 +1.846e+03 1.212e+01 8.170e+33 9.640e+04 1.168e+11 1.000e-20 +1.167e+11 1.479e+04 9.995e-01 
7.0560e-03 1.580e+04 1.554e+04 2.641e+02 +1.416e+04 +1.645e+03 1.208e+01 7.657e+33 9.793e+04 1.205e+11 1.000e-20 +1.205e+11 1.416e+04 9.995e-01 
7.3960e-03 1.503e+04 1.477e+04 2.584e+02 +1.357e+04 +1.469e+03 1.204e+01 7.180e+33 9.940e+04 1.242e+11 1.000e-20 +1.241e+11 1.357e+04 9.996e-01 
7.7440e-03 1.431e+04 1.406e+04 2.529e+02 +1.301e+04 +1.315e+03 1.199e+01 6.738e+33 1.008e+05 1.277e+11 1.000e-20 +1.277e+11 1.301e+04 9.996e-01 
8.1000e-03 1.364e+04 1.340e+04 2.475e+02 +1.247e+04 +1.179e+03 1.195e+01 6.327e+33 1.022e+05 1.312e+11 1.000e-20 +1.312e+11 1.247e+04 9.997e-01 
8.4640e-03 1.302e+04 1.277e+04 2.422e+02 +1.196e+04 +1.060e+03 1.191e+01 5.944e+33 1.035e+05 1.346e+11 1.000e-20 +1.346e+11 1.196e+04 9.997e-01 
8.8360e-03 1.243e+04 1.219e+04 2.372e+02 +1.148e+04 +9.539e+02 1.187e+01 5.589e+33 1.048e+05 1.379e+11 1.000e-20 +1.379e+11 1.148e+04 9.998e-01 
9.2160e-03 1.188e+04 1.165e+04 2.323e+02 +1.103e+04 +8.605e+02 1.182e+01 5.259e+33 1.060e+05 1.412e+11 1.000e-20 +1.412e+11 1.103e+04 9.998e-01 
9.6040e-03 1.136e+04 1.113e+04 2.275e+02 +1.059e+04 +7.778e+02 1.178e+01 4.951e+33 1.072e+05 1.444e+11 1.000e-20 +1.443e+11 1.059e+04 9.999e-01 
1.0000e-02 1.088e+04 1.065e+04 2.229e+02 +1.018e+04 +7.045e+02 1.173e+01 4.664e+33 1.083e+05 1.474e+11 1.000e-20 +1.474e+11 1.018e+04 9.999e-01 
1.0404e-02 1.042e+04 1.020e+04 2.184e+02 +9.785e+03 +6.392e+02 1.169e+01 4.397e+33 1.094e+05 1.505e+11 1.000e-20 +1.505e+11 9.785e+03 1.000e+00 
1.0816e-02 9.986e+03 9.772e+03 2.141e+02 +9.412e+03 +5.812e+02 1.164e+01 4.148e+33 1.105e+05 1.534e+11 1.000e-20 +1.534e+11 9.412e+03 1.000e+00 
1.1236e-02 9.579e+03 9.369e+03 2.099e+02 +9.057e+03 +5.294e+02 1.160e+01 3.915e+33 1.115e+05 1.563e+11 1.000e-20 +1.563e+11 9.057e+03 1.000e+00 
1.1664e-02 9.195e+03 8.989e+03 2.058e+02 +8.718e+03 +4.831e+02 1.155e+01 3.698e+33 1.125e+05 1.590e+11 1.000e-20 +1.591e+11 8.718e+03 1.000e+00 
1.2100e-02 8.831e+03 8.629e+03 2.019e+02 +8.397e+03 +4.416e+02 1.150e+01 3.495e+33 1.135e+05 1.618e+11 1.000e-20 +1.618e+11 8.397e+03 1.000e+00 
1.2544e-02 8.487e+03 8.289e+03 1.980e+02 +8.090e+03 +4.044e+02 1.145e+01 3.305e+33 1.144e+05 1.644e+11 1.000e-20 +1.645e+11 8.090e+03 1.000e+00 
1.2996e-02 8.161e+03 7.967e+03 1.943e+02 +7.797e+03 +3.710e+02 1.140e+01 3.128e+33 1.153e+05 1.670e+11 1.000e-20 +1.671e+11 7.797e+03 1.000e+00 
1.3456e-02 7.853e+03 7.662e+03 1.907e+02 +7.519e+03 +3.410e+02 1.136e+01 2.961e+33 1.161e+05 1.695e+11 1.000e-20 +1.696e+11 7.519e+03 1.000e+00 
1.3924e-02 7.559e+03 7.372e+03 1.872e+02 +7.253e+03 +3.139e+02 1.131e+01 2.806e+33 1.170e+05 1.720e+11 1.000e-20 +1.720e+11 7.253e+03 1.001e+00 
1.4400e-02 7.281e+03 7.097e+03 1.837e+02 +6.999e+03 +2.894e+02 1.126e+01 2.660e+33 1.178e+05 1.743e+11 1.000e-20 +1.744e+11 6.999e+03 1.001e+00 
1.4884e-02 7.016e+03 6.836e+03 1.804e+02 +6.756e+03 +2.673e+02 1.121e+01 2.523e+33 1.186e+05 1.767e+11 1.000e-20 +1.768e+11 6.756e+03 1.001e+00 
1.5376e-02 6.765e+03 6.588e+03 1.772e+02 +6.525e+03 +2.472e+02 1.116e+01 2.394e+33 1.193e+05 1.789e+11 1.000e-20 +1.790e+11 6.525e+03 1.001e+00 
1.5876e-02 6.525e+03 6.351e+03 1.740e+02 +6.303e+03 +2.290e+02 1.111e+01 2.273e+33 1.201e+05 1.811e+11 1.000e-20 +1.812e+11 6.303e+03 1.001e+00 
1.6384e-02 6.297e+03 6.126e+03 1.710e+02 +6.091e+03 +2.125e+02 1.106e+01 2.160e+33 1.208e+05 1.833e+11 1.000e-20 +1.834e+11 6.091e+03 1.001e+00 
1.6900e-02 6.079e+03 5.911e+03 1.680e+02 +5.889e+03 +1.974e+02 1.100e+01 2.053e+33 1.214e+05 1.853e+11 1.000e-20 +1.855e+11 5.889e+03 1.001e+00 
1.7424e-02 5.872e+03 5.707e+03 1.651e+02 +5.695e+03 +1.836e+02 1.095e+01 1.952e+33 1.221e+05 1.874e+11 1.000e-20 +1.875e+11 5.695e+03 1.001e+00 
1.7956e-02 5.674e+03 5.511e+03 1.623e+02 +5.509e+03 +1.711e+02 1.090e+01 1.858e+33 1.227e+05 1.893e+11 1.000e-20 +1.894e+11 5.509e+03 1.000e+00 
1.8496e-02 5.484e+03 5.325e+03 1.595e+02 +5.332e+03 +1.596e+02 1.085e+01 1.768e+33 1.234e+05 1.913e+11 1.000e-20 +1.913e+11 5.332e+03 1.000e+00 
1.9044e-02 5.303e+03 5.146e+03 1.569e+02 +5.161e+03 +1.490e+02 1.080e+01 1.684e+33 1.240e+05 1.931e+11 1.000e-20 +1.931e+11 5.161e+03 1.000e+00 
1.9600e-02 5.130e+03 4.976e+03 1.542e+02 +4.998e+03 +1.394e+02 1.074e+01 1.605e+33 1.245e+05 1.949e+11 1.000e-20 +1.949e+11 4.998e+03 1.000e+00 
2.0164e-02 4.964e+03 4.813e+03 1.517e+02 +4.841e+03 +1.305e+02 1.069e+01 1.530e+33 1.251e+05 1.967e+11 1.000e-20 +1.966e+11 4.841e+03 9.998e-01 
2.0736e-02 4.806e+03 4.657e+03 1.492e+02 +4.691e+03 +1.223e+02 1.064e+01 1.459e+33 1.256e+05 1.984e+11 1.000e-20 +1.983e+11 4.691e+03 9.997e-01 
2.1316e-02 4.654e+03 4.507e+03 1.468e+02 +4.546e+03 +1.147e+02 1.058e+01 1.392e+33 1.262e+05 2.000e+11 1.000e-20 +1.999e+11 4.546e+03 9.996e-01 
2.1904e-02 4.508e+03 4.364e+03 1.445e+02 +4.407e+03 +1.078e+02 1.053e+01 1.329e+33 1.267e+05 2.016e+11 1.000e-20 +2.015e+11 4.407e+03 9.996e-01 
2.2500e-02 4.369e+03 4.226e+03 1.422e+02 +4.274e+03 +1.013e+02 1.047e+01 1.269e+33 1.271e+05 2.031e+11 1.000e-20 +2.031e+11 4.274e+03 9.995e-01 
2.3104e-02 4.234e+03 4.095e+03 1.399e+02 +4.146e+03 +9.538e+01 1.042e+01 1.213e+33 1.276e+05 2.046e+11 1.000e-20 +2.045e+11 4.146e+03 9.995e-01 
2.3716e-02 4.106e+03 3.968e+03 1.377e+02 +4.023e+03 +8.985e+01 1.037e+01 1.159e+33 1.281e+05 2.061e+11 1.000e-20 +2.060e+11 4.023e+03 9.996e-01 
2.4336e-02 3.982e+03 3.847e+03 1.356e+02 +3.904e+03 +8.472e+01 1.031e+01 1.108e+33 1.285e+05 2.075e+11 1.000e-20 +2.074e+11 3.904e+03 9.996e-01 
2.4964e-02 3.863e+03 3.730e+03 1.335e+02 +3.790e+03 +7.995e+01 1.026e+01 1.060e+33 1.289e+05 2.088e+11 1.001e-20 +2.088e+11 3.790e+03 9.997e-01 
2.5600e-02 3.749e+03 3.618e+03 1.314e+02 +3.681e+03 +7.551e+01 1.020e+01 1.014e+33 1.293e+05 2.101e+11 1.115e-20 +2.101e+11 3.681e+03 9.997e-01 
2.6244e-02 3.639e+03 3.510e+03 1.294e+02 +3.575e+03 +7.138e+01 1.015e+01 9.709e+32 1.297e+05 2.114e+11 8.202e-20 +2.114e+11 3.575e+03 9.998e-01 
2.6896e-02 3.534e+03 3.406e+03 1.275e+02 +3.473e+03 +6.752e+01 1.009e+01 9.297e+32 1.301e+05 2.126e+11 3.433e-18 +2.126e+11 3.473e+03 9.999e-01 
2.7556e-02 3.432e+03 3.306e+03 1.256e+02 +3.375e+03 +6.392e+01 1.004e+01 8.906e+32 1.304e+05 2.138e+11 1.260e-16 +2.138e+11 3.375e+03 9.999e-01 
2.8224e-02 3.334e+03 3.210e+03 1.237e+02 +3.280e+03 +6.055e+01 9.979e+00 8.534e+32 1.308e+05 2.149e+11 3.667e-15 +2.149e+11 3.280e+03 1.000e+00 
2.8900e-02 3.239e+03 3.118e+03 1.219e+02 +3.189e+03 +5.740e+01 9.924e+00 8.181e+32 1.311e+05 2.160e+11 8.596e-14 +2.160e+11 3.189e+03 1.000e+00 
2.9584e-02 3.148e+03 3.028e+03 1.201e+02 +3.101e+03 +5.445e+01 9.868e+00 7.844e+32 1.314e+05 2.170e+11 1.651e-12 +2.171e+11 3.101e+03 1.000e+00 
3.0276e-02 3.061e+03 2.942e+03 1.184e+02 +3.016e+03 +5.169e+01 9.812e+00 7.524e+32 1.317e+05 2.180e+11 2.637e-11 +2.181e+11 3.016e+03 1.000e+00 
3.0976e-02 2.976e+03 2.859e+03 1.166e+02 +2.934e+03 +4.909e+01 9.756e+00 7.219e+32 1.320e+05 2.190e+11 3.554e-10 +2.190e+11 2.934e+03 1.000e+00 
3.1684e-02 2.894e+03 2.779e+03 1.150e+02 +2.855e+03 +4.665e+01 9.700e+00 6.929e+32 1.323e+05 2.199e+11 4.093e-09 +2.199e+11 2.855e+03 1.000e+00 
3.2400e-02 2.816e+03 2.702e+03 1.133e+02 +2.778e+03 +4.436e+01 9.644e+00 6.652e+32 1.325e+05 2.208e+11 4.075e-08 +2.208e+11 2.778e+03 1.000e+00 
3.3124e-02 2.740e+03 2.628e+03 1.117e+02 +2.704e+03 +4.220e+01 9.588e+00 6.389e+32 1.328e+05 2.216e+11 3.545e-07 +2.216e+11 2.704e+03 1.000e+00 
3.3856e-02 2.666e+03 2.556e+03 1.102e+02 +2.633e+03 +4.017e+01 9.531e+00 6.137e+32 1.330e+05 2.224e+11 2.720e-06 +2.224e+11 2.633e+03 1.000e+00 
3.4596e-02 2.595e+03 2.487e+03 1.086e+02 +2.564e+03 +3.825e+01 9.475e+00 5.897e+32 1.333e+05 2.231e+11 1.858e-05 +2.231e+11 2.564e+03 1.000e+00 
3.5344e-02 2.527e+03 2.419e+03 1.071e+02 +2.497e+03 +3.644e+01 9.419e+00 5.668e+32 1.335e+05 2.238e+11 1.139e-04 +2.238e+11 2.497e+03 1.000e+00 
3.6100e-02 2.460e+03 2.355e+03 1.056e+02 +2.432e+03 +3.473e+01 9.362e+00 5.450e+32 1.337e+05 2.245e+11 6.311e-04 +2.245e+11 2.432e+03 9.999e-01 
3.6864e-02 2.396e+03 2.292e+03 1.042e+02 +2.370e+03 +3.312e+01 9.306e+00 5.241e+32 1.339e+05 2.252e+11 3.184e-03 +2.251e+11 2.370e+03 9.999e-01 
3.7636e-02 2.334e+03 2.231e+03 1.028e+02 +2.309e+03 +3.159e+01 9.250e+00 5.041e+32 1.340e+05 2.257e+11 1.471e-02 +2.257e+11 2.309e+03 9.999e-01 
3.8416e-02 2.274e+03 2.173e+03 1.014e+02 +2.251e+03 +3.015e+01 9.193e+00 4.851e+32 1.342e+05 2.263e+11 6.263e-02 +2.263e+11 2.251e+03 9.999e-01 
3.9204e-02 2.216e+03 2.116e+03 9.999e+01 +2.194e+03 +2.878e+01 9.137e+00 4.669e+32 1.344e+05 2.268e+11 2.470e-01 +2.268e+11 2.194e+03 9.999e-01 
4.0000e-02 2.160e+03 2.061e+03 9.864e+01 +2.139e+03 +2.748e+01 9.080e+00 4.494e+32 1.345e+05 2.273e+11 9.068e-01 +2.273e+11 2.139e+03 9.999e-01 
4.0804e-02 2.105e+03 2.008e+03 9.733e+01 +2.086e+03 +2.625e+01 9.024e+00 4.328e+32 1.346e+05 2.278e+11 3.113e+00 +2.278e+11 2.086e+03 9.999e-01 
4.1616e-02 2.052e+03 1.956e+03 9.603e+01 +2.034e+03 +2.508e+01 8.968e+00 4.168e+32 1.348e+05 2.282e+11 1.004e+01 +2.282e+11 2.034e+03 9.999e-01 
4.2436e-02 2.001e+03 1.906e+03 9.476e+01 +1.984e+03 +2.397e+01 8.911e+00 4.015e+32 1.349e+05 2.286e+11 3.050e+01 +2.286e+11 1.984e+03 1.000e+00 
4.3264e-02 1.952e+03 1.858e+03 9.352e+01 +1.936e+03 +2.292e+01 8.855e+00 3.869e+32 1.350e+05 2.289e+11 8.769e+01 +2.289e+11 1.936e+03 1.000e+00 
4.4100e-02 1.904e+03 1.811e+03 9.229e+01 +1.889e+03 +2.192e+01 8.799e+00 3.729e+32 1.351e+05 2.292e+11 2.394e+02 +2.292e+11 1.889e+03 1.000e+00 
4.4944e-02 1.857e+03 1.766e+03 9.109e+01 +1.843e+03 +2.097e+01 8.742e+00 3.594e+32 1.351e+05 2.295e+11 6.222e+02 +2.295e+11 1.843e+03 1.000e+00 
4.5796e-02 1.812e+03 1.722e+03 8.991e+01 +1.799e+03 +2.006e+01 8.686e+00 3.466e+32 1.352e+05 2.298e+11 1.545e+03 +2.298e+11 1.799e+03 1.000e+00 
4.6656e-02 1.768e+03 1.679e+03 8.875e+01 +1.756e+03 +1.920e+01 8.630e+00 3.342e+32 1.353e+05 2.300e+11 3.671e+03 +2.300e+11 1.756e+03 1.000e+00 
4.7524e-02 1.726e+03 1.638e+03 8.762e+01 +1.714e+03 +1.838e+01 8.574e+00 3.224e+32 1.353e+05 2.302e+11 8.378e+03 +2.302e+11 1.714e+03 1.000e+00 
4.8400e-02 1.684e+03 1.598e+03 8.650e+01 +1.674e+03 +1.760e+01 8.518e+00 3.110e+32 1.354e+05 2.303e+11 1.839e+04 +2.303e+11 1.674e+03 1.000e+00 
4.9284e-02 1.644e+03 1.559e+03 8.540e+01 +1.634e+03 +1.685e+01 8.462e+00 3.001e+32 1.354e+05 2.305e+11 3.894e+04 +2.305e+11 1.634e+03 1.000e+00 
5.0176e-02 1.605e+03 1.521e+03 8.432e+01 +1.596e+03 +1.614e+01 8.406e+00 2.897e+32 1.355e+05 2.306e+11 7.966e+04 +2.306e+11 1.596e+03 1.000e+00 
5.1076e-02 1.568e+03 1.484e+03 8.325e+01 +1.559e+03 +1.546e+01 8.350e+00 2.796e+32 1.355e+05 2.306e+11 1.577e+05 +2.306e+11 1.559e+03 1.000e+00 
5.1984e-02 1.531e+03 1.449e+03 8.221e+01 +1.523e+03 +1.481e+01 8.295e+00 2.700e+32 1.355e+05 2.307e+11 3.029e+05 +2.307e+11 1.523e+03 1.000e+00 
5.2900e-02 1.495e+03 1.414e+03 8.118e+01 +1.488e+03 +1.419e+01 8.239e+00 2.607e+32 1.355e+05 2.307e+11 5.649e+05 +2.307e+11 1.488e+03 1.000e+00 
5.3824e-02 1.461e+03 1.380e+03 8.017e+01 +1.454e+03 +1.360e+01 8.184e+00 2.519e+32 1.355e+05 2.307e+11 1.025e+06 +2.306e+11 1.454e+03 1.000e+00 
5.4756e-02 1.427e+03 1.348e+03 7.918e+01 +1.421e+03 +1.303e+01 8.128e+00 2.433e+32 1.355e+05 2.306e+11 1.810e+06 +2.306e+11 1.421e+03 1.000e+00 
5.5696e-02 1.394e+03 1.316e+03 7.820e+01 +1.389e+03 +1.249e+01 8.073e+00 2.351e+32 1.354e+05 2.305e+11 3.118e+06 +2.305e+11 1.389e+03 1.000e+00 
5.6644e-02 1.362e+03 1.285e+03 7.724e+01 +1.357e+03 +1.197e+01 8.018e+00 2.272e+32 1.354e+05 2.304e+11 5.241e+06 +2.304e+11 1.357e+03 1.000e+00 
5.7600e-02 1.331e+03 1.255e+03 7.630e+01 +1.327e+03 +1.147e+01 7.963e+00 2.196e+32 1.354e+05 2.303e+11 8.603e+06 +2.303e+11 1.327e+03 1.000e+00 
5.8564e-02 1.301e+03 1.226e+03 7.537e+01 +1.297e+03 +1.100e+01 7.908e+00 2.123e+32 1.353e+05 2.301e+11 1.380e+07 +2.301e+11 1.297e+03 1.000e+00 
5.9536e-02 1.272e+03 1.198e+03 7.445e+01 +1.269e+03 +1.054e+01 7.853e+00 2.052e+32 1.353e+05 2.300e+11 2.161e+07 +2.299e+11 1.269e+03 1.000e+00 
6.0516e-02 1.244e+03 1.170e+03 7.355e+01 +1.240e+03 +1.011e+01 7.799e+00 1.985e+32 1.352e+05 2.298e+11 3.308e+07 +2.297e+11 1.240e+03 1.000e+00 
6.1504e-02 1.216e+03 1.143e+03 7.267e+01 +1.213e+03 +9.691e+00 7.744e+00 1.919e+32 1.352e+05 2.295e+11 4.941e+07 +2.295e+11 1.213e+03 1.000e+00 
6.2500e-02 1.189e+03 1.117e+03 7.179e+01 +1.187e+03 +9.291e+00 7.690e+00 1.857e+32 1.351e+05 2.293e+11 7.197e+07 +2.292e+11 1.187e+03 1.000e+00 
6.3504e-02 1.163e+03 1.092e+03 7.093e+01 +1.161e+03 +8.907e+00 7.636e+00 1.796e+32 1.350e+05 2.290e+11 1.021e+08 +2.289e+11 1.161e+03 1.000e+00 
6.4516e-02 1.137e+03 1.067e+03 7.009e+01 +1.136e+03 +8.539e+00 7.582e+00 1.738e+32 1.349e+05 2.287e+11 1.409e+08 +2.286e+11 1.136e+03 1.000e+00 
6.5536e-02 1.112e+03 1.043e+03 6.925e+01 +1.111e+03 +8.186e+00 7.528e+00 1.682e+32 1.348e+05 2.284e+11 1.889e+08 +2.282e+11 1.111e+03 1.000e+00 
6.6564e-02 1.088e+03 1.019e+03 6.843e+01 +1.087e+03 +7.847e+00 7.474e+00 1.628e+32 1.347e+05 2.280e+11 2.461e+08 +2.278e+11 1.087e+03 1.000e+00 
6.7600e-02 1.064e+03 9.966e+02 6.763e+01 +1.064e+03 +7.522e+00 7.421e+00 1.576e+32 1.346e+05 2.277e+11 3.116e+08 +2.274e+11 1.064e+03 1.000e+00 
6.8644e-02 1.041e+03 9.744e+02 6.683e+01 +1.041e+03 +7.209e+00 7.367e+00 1.526e+32 1.345e+05 2.273e+11 3.842e+08 +2.269e+11 1.041e+03 1.000e+00 
6.9696e-02 1.019e+03 9.528e+02 6.605e+01 +1.019e+03 +6.909e+00 7.314e+00 1.477e+32 1.344e+05 2.269e+11 4.622e+08 +2.264e+11 1.019e+03 1.000e+00 
7.0756e-02 9.970e+02 9.317e+02 6.527e+01 +9.974e+02 +6.621e+00 7.261e+00 1.431e+32 1.342e+05 2.264e+11 5.444e+08 +2.259e+11 9.974e+02 1.000e+00 
7.1824e-02 9.757e+02 9.112e+02 6.451e+01 +9.763e+02 +6.344e+00 7.208e+00 1.386e+32 1.341e+05 2.260e+11 6.298e+08 +2.254e+11 9.763e+02 1.000e+00 
7.2900e-02 9.549e+02 8.911e+02 6.376e+01 +9.558e+02 +6.078e+00 7.156e+00 1.342e+32 1.340e+05 2.255e+11 7.177e+08 +2.248e+11 9.558e+02 1.000e+00 
7.3984e-02 9.347e+02 8.716e+02 6.302e+01 +9.359e+02 +5.822e+00 7.103e+00 1.301e+32 1.338e+05 2.250e+11 8.077e+08 +2.242e+11 9.359e+02 1.000e+00 
7.5076e-02 9.149e+02 8.526e+02 6.230e+01 +9.164e+02 +5.575e+00 7.051e+00 1.260e+32 1.337e+05 2.245e+11 8.993e+08 +2.236e+11 9.164e+02 1.000e+00 
7.6176e-02 8.957e+02 8.341e+02 6.158e+01 +8.974e+02 +5.339e+00 6.999e+00 1.221e+32 1.335e+05 2.240e+11 9.922e+08 +2.230e+11 8.974e+02 1.000e+00 
7.7284e-02 8.769e+02 8.161e+02 6.087e+01 +8.788e+02 +5.111e+00 6.947e+00 1.183e+32 1.334e+05 2.235e+11 1.086e+09 +2.224e+11 8.788e+02 1.000e+00 
7.8400e-02 8.586e+02 7.985e+02 6.017e+01 +8.608e+02 +4.892e+00 6.895e+00 1.147e+32 1.332e+05 2.229e+11 1.180e+09 +2.217e+11 8.608e+02 1.000e+00 
7.9524e-02 8.408e+02 7.813e+02 5.949e+01 +8.431e+02 +4.681e+00 6.843e+00 1.112e+32 1.330e+05 2.223e+11 1.275e+09 +2.210e+11 8.431e+02 1.000e+00 
8.0656e-02 8.233e+02 7.645e+02 5.881e+01 +8.259e+02 +4.478e+00 6.792e+00 1.078e+32 1.328e+05 2.217e+11 1.371e+09 +2.203e+11 8.259e+02 1.000e+00 
8.1796e-02 8.063e+02 7.482e+02 5.814e+01 +8.091e+02 +4.282e+00 6.741e+00 1.045e+32 1.326e+05 2.211e+11 1.466e+09 +2.196e+11 8.091e+02 1.000e+00 
8.2944e-02 7.898e+02 7.323e+02 5.748e+01 +7.927e+02 +4.094e+00 6.690e+00 1.014e+32 1.325e+05 2.205e+11 1.562e+09 +2.189e+11 7.927e+02 1.000e+00 
8.4100e-02 7.736e+02 7.167e+02 5.683e+01 +7.767e+02 +3.913e+00 6.639e+00 9.832e+31 1.323e+05 2.198e+11 1.659e+09 +2.182e+11 7.767e+02 1.000e+00 
8.5264e-02 7.578e+02 7.016e+02 5.619e+01 +7.610e+02 +3.738e+00 6.589e+00 9.537e+31 1.321e+05 2.192e+11 1.755e+09 +2.174e+11 7.610e+02 1.000e+00 
8.6436e-02 7.423e+02 6.868e+02 5.556e+01 +7.458e+02 +3.570e+00 6.539e+00 9.251e+31 1.319e+05 2.185e+11 1.851e+09 +2.166e+11 7.458e+02 1.000e+00 
8.7616e-02 7.273e+02 6.723e+02 5.493e+01 +7.309e+02 +3.408e+00 6.488e+00 8.976e+31 1.317e+05 2.178e+11 1.948e+09 +2.159e+11 7.309e+02 1.000e+00 
8.8804e-02 7.126e+02 6.582e+02 5.432e+01 +7.163e+02 +3.252e+00 6.439e+00 8.709e+31 1.314e+05 2.171e+11 2.045e+09 +2.151e+11 7.163e+02 1.000e+00 
9.0000e-02 6.982e+02 6.445e+02 5.371e+01 +7.021e+02 +3.101e+00 6.389e+00 8.451e+31 1.312e+05 2.164e+11 2.141e+09 +2.143e+11 7.021e+02 1.000e+00 
9.1204e-02 6.842e+02 6.311e+02 5.311e+01 +6.882e+02 +2.956e+00 6.339e+00 8.202e+31 1.310e+05 2.157e+11 2.238e+09 +2.134e+11 6.882e+02 1.000e+00 
9.2416e-02 6.705e+02 6.179e+02 5.252e+01 +6.747e+02 +2.816e+00 6.290e+00 7.960e+31 1.308e+05 2.149e+11 2.335e+09 +2.126e+11 6.747e+02 1.000e+00 
9.3636e-02 6.571e+02 6.051e+02 5.194e+01 +6.614e+02 +2.681e+00 6.241e+00 7.727e+31 1.305e+05 2.142e+11 2.432e+09 +2.117e+11 6.614e+02 1.000e+00 
9.4864e-02 6.440e+02 5.926e+02 5.136e+01 +6.485e+02 +2.551e+00 6.192e+00 7.501e+31 1.303e+05 2.134e+11 2.528e+09 +2.109e+11 6.485e+02 1.000e+00 
9.6100e-02 6.312e+02 5.804e+02 5.079e+01 +6.358e+02 +2.426e+00 6.144e+00 7.283e+31 1.301e+05 2.126e+11 2.625e+09 +2.100e+11 6.358e+02 1.000e+00 
9.7344e-02 6.187e+02 5.685e+02 5.023e+01 +6.235e+02 +2.305e+00 6.096e+00 7.071e+31 1.298e+05 2.118e+11 2.722e+09 +2.091e+11 6.235e+02 1.000e+00 
9.8596e-02 6.065e+02 5.569e+02 4.968e+01 +6.114e+02 +2.188e+00 6.048e+00 6.867e+31 1.296e+05 2.110e+11 2.819e+09 +2.082e+11 6.114e+02 1.000e+00 
9.9856e-02 5.946e+02 5.455e+02 4.914e+01 +5.996e+02 +2.075e+00 6.000e+00 6.669e+31 1.293e+05 2.102e+11 2.916e+09 +2.073e+11 5.996e+02 1.000e+00 
1.0112e-01 5.830e+02 5.344e+02 4.860e+01 +5.880e+02 +1.967e+00 5.952e+00 6.477e+31 1.291e+05 2.094e+11 3.013e+09 +2.064e+11 5.880e+02 1.000e+00 
1.0240e-01 5.716e+02 5.235e+02 4.806e+01 +5.767e+02 +1.862e+00 5.905e+00 6.291e+31 1.288e+05 2.086e+11 3.110e+09 +2.054e+11 5.767e+02 1.000e+00 
1.0368e-01 5.604e+02 5.129e+02 4.754e+01 +5.657e+02 +1.761e+00 5.857e+00 6.112e+31 1.286e+05 2.077e+11 3.207e+09 +2.045e+11 5.657e+02 1.000e+00 
1.0498e-01 5.495e+02 5.025e+02 4.702e+01 +5.549e+02 +1.663e+00 5.811e+00 5.938e+31 1.283e+05 2.069e+11 3.304e+09 +2.035e+11 5.549e+02 1.000e+00 
1.0628e-01 5.389e+02 4.924e+02 4.651e+01 +5.443e+02 +1.569e+00 5.764e+00 5.769e+31 1.280e+05 2.060e+11 3.401e+09 +2.026e+11 5.443e+02 1.000e+00 
1.0758e-01 5.285e+02 4.825e+02 4.600e+01 +5.340e+02 +1.478e+00 5.717e+00 5.606e+31 1.278e+05 2.051e+11 3.498e+09 +2.016e+11 5.340e+02 1.000e+00 
1.0890e-01 5.183e+02 4.728e+02 4.550e+01 +5.239e+02 +1.390e+00 5.671e+00 5.448e+31 1.275e+05 2.042e+11 3.595e+09 +2.006e+11 5.239e+02 1.000e+00 
1.1022e-01 5.083e+02 4.633e+02 4.501e+01 +5.141e+02 +1.305e+00 5.625e+00 5.294e+31 1.272e+05 2.033e+11 3.692e+09 +1.996e+11 5.141e+02 1.000e+00 
1.1156e-01 4.986e+02 4.541e+02 4.452e+01 +5.044e+02 +1.223e+00 5.579e+00 5.146e+31 1.269e+05 2.024e+11 3.789e+09 +1.986e+11 5.044e+02 1.000e+00 
1.1290e-01 4.891e+02 4.450e+02 4.404e+01 +4.949e+02 +1.144e+00 5.534e+00 5.002e+31 1.266e+05 2.015e+11 3.886e+09 +1.976e+11 4.949e+02 1.000e+00 
1.1424e-01 4.798e+02 4.362e+02 4.357e+01 +4.857e+02 +1.068e+00 5.489e+00 4.862e+31 1.264e+05 2.006e+11 3.983e+09 +1.966e+11 4.857e+02 1.000e+00 
1.1560e-01 4.706e+02 4.275e+02 4.310e+01 +4.767e+02 +9.941e-01 5.444e+00 4.727e+31 1.261e+05 1.997e+11 4.080e+09 +1.956e+11 4.767e+02 1.000e+00 
1.1696e-01 4.617e+02 4.191e+02 4.264e+01 +4.678e+02 +9.230e-01 5.399e+00 4.596e+31 1.258e+05 1.988e+11 4.177e+09 +1.946e+11 4.678e+02 1.000e+00 
1.1834e-01 4.530e+02 4.108e+02 4.218e+01 +4.591e+02 +8.542e-01 5.354e+00 4.469e+31 1.255e+05 1.978e+11 4.274e+09 +1.936e+11 4.591e+02 1.000e+00 
1.1972e-01 4.444e+02 4.027e+02 4.173e+01 +4.507e+02 +7.878e-01 5.310e+00 4.346e+31 1.252e+05 1.969e+11 4.371e+09 +1.925e+11 4.507e+02 1.000e+00 
1.2110e-01 4.361e+02 3.948e+02 4.128e+01 +4.424e+02 +7.237e-01 5.266e+00 4.226e+31 1.249e+05 1.959e+11 4.468e+09 +1.915e+11 4.424e+02 1.000e+00 
1.2250e-01 4.279e+02 3.870e+02 4.084e+01 +4.342e+02 +6.618e-01 5.222e+00 4.110e+31 1.246e+05 1.950e+11 4.565e+09 +1.904e+11 4.342e+02 1.000e+00 
1.2390e-01 4.199e+02 3.795e+02 4.040e+01 +4.263e+02 +6.020e-01 5.179e+00 3.998e+31 1.243e+05 1.940e+11 4.662e+09 +1.894e+11 4.263e+02 1.000e+00 
1.2532e-01 4.120e+02 3.721e+02 3.997e+01 +4.185e+02 +5.443e-01 5.135e+00 3.889e+31 1.240e+05 1.931e+11 4.759e+09 +1.883e+11 4.185e+02 1.000e+00 
1.2674e-01 4.043e+02 3.648e+02 3.955e+01 +4.109e+02 +4.885e-01 5.092e+00 3.783e+31 1.236e+05 1.921e+11 4.856e+09 +1.872e+11 4.109e+02 1.000e+00 
1.2816e-01 3.968e+02 3.577e+02 3.912e+01 +4.034e+02 +4.346e-01 5.050e+00 3.681e+31 1.233e+05 1.911e+11 4.953e+09 +1.862e+11 4.034e+02 1.000e+00 
1.2960e-01 3.895e+02 3.508e+02 3.871e+01 +3.961e+02 +3.825e-01 5.007e+00 3.581e+31 1.230e+05 1.901e+11 5.050e+09 +1.851e+11 3.961e+02 1.000e+00 
1.3104e-01 3.823e+02 3.440e+02 3.830e+01 +3.889e+02 +3.323e-01 4.965e+00 3.484e+31 1.227e+05 1.892e+11 5.147e+09 +1.840e+11 3.889e+02 1.000e+00 
1.3250e-01 3.752e+02 3.373e+02 3.789e+01 +3.819e+02 +2.837e-01 4.923e+00 3.391e+31 1.224e+05 1.882e+11 5.244e+09 +1.829e+11 3.819e+02 1.000e+00 
1.3396e-01 3.683e+02 3.308e+02 3.749e+01 +3.751e+02 +2.368e-01 4.881e+00 3.300e+31 1.220e+05 1.872e+11 5.341e+09 +1.818e+11 3.751e+02 1.000e+00 
1.3542e-01 3.615e+02 3.244e+02 3.709e+01 +3.683e+02 +1.915e-01 4.839e+00 3.211e+31 1.217e+05 1.862e+11 5.438e+09 +1.807e+11 3.683e+02 1.000e+00 
1.3690e-01 3.549e+02 3.182e+02 3.670e+01 +3.618e+02 +1.477e-01 4.798e+00 3.126e+31 1.214e+05 1.852e+11 5.535e+09 +1.796e+11 3.618e+02 1.000e+00 
1.3838e-01 3.484e+02 3.121e+02 3.631e+01 +3.553e+02 +1.055e-01 4.757e+00 3.042e+31 1.211e+05 1.842e+11 5.632e+09 +1.785e+11 3.553e+02 1.000e+00 
1.3988e-01 3.420e+02 3.061e+02 3.593e+01 +3.490e+02 +6.467e-02 4.716e+00 2.961e+31 1.207e+05 1.832e+11 5.729e+09 +1.774e+11 3.490e+02 1.000e+00 
1.4138e-01 3.358e+02 3.002e+02 3.555e+01 +3.428e+02 +2.525e-02 4.675e+00 2.883e+31 1.204e+05 1.822e+11 5.826e+09 +1.763e+11 3.428e+02 1.000e+00 
1.4288e-01 3.297e+02 2.945e+02 3.518e+01 +3.367e+02 -1.281e-02 4.635e+00 2.807e+31 1.201e+05 1.811e+11 5.923e+09 +1.752e+11 3.367e+02 1.000e+00 
1.4440e-01 3.237e+02 2.889e+02 3.481e+01 +3.308e+02 -4.957e-02 4.595e+00 2.733e+31 1.197e+05 1.801e+11 6.020e+09 +1.741e+11 3.308e+02 1.000e+00 
1.4592e-01 3.178e+02 2.834e+02 3.444e+01 +3.250e+02 -8.507e-02 4.555e+00 2.661e+31 1.194e+05 1.791e+11 6.117e+09 +1.730e+11 3.250e+02 1.000e+00 
1.4746e-01 3.121e+02 2.780e+02 3.408e+01 +3.192e+02 -1.193e-01 4.516e+00 2.591e+31 1.190e+05 1.781e+11 6.214e+09 +1.719e+11 3.192e+02 1.000e+00 
1.4900e-01 3.065e+02 2.728e+02 3.372e+01 +3.136e+02 -1.524e-01 4.476e+00 2.523e+31 1.187e+05 1.771e+11 6.311e+09 +1.708e+11 3.136e+02 1.000e+00 
1.5054e-01 3.010e+02 2.676e+02 3.337e+01 +3.082e+02 -1.844e-01 4.437e+00 2.457e+31 1.184e+05 1.761e+11 6.408e+09 +1.696e+11 3.082e+02 1.000e+00 
1.5210e-01 2.956e+02 2.625e+02 3.302e+01 +3.028e+02 -2.152e-01 4.398e+00 2.393e+31 1.180e+05 1.750e+11 6.505e+09 +1.685e+11 3.028e+02 1.000e+00 
1.5366e-01 2.903e+02 2.576e+02 3.267e+01 +2.975e+02 -2.450e-01 4.360e+00 2.331e+31 1.177e+05 1.740e+11 6.602e+09 +1.674e+11 2.975e+02 1.000e+00 
1.5524e-01 2.851e+02 2.527e+02 3.233e+01 +2.924e+02 -2.737e-01 4.321e+00 2.271e+31 1.173e+05 1.730e+11 6.699e+09 +1.663e+11 2.924e+02 1.000e+00 
1.5682e-01 2.800e+02 2.480e+02 3.199e+01 +2.873e+02 -3.015e-01 4.283e+00 2.212e+31 1.170e+05 1.720e+11 6.796e+09 +1.652e+11 2.873e+02 1.000e+00 
1.5840e-01 2.750e+02 2.433e+02 3.166e+01 +2.823e+02 -3.282e-01 4.245e+00 2.155e+31 1.166e+05 1.709e+11 6.893e+09 +1.640e+11 2.823e+02 1.000e+00 
1.6000e-01 2.701e+02 2.388e+02 3.133e+01 +2.775e+02 -3.540e-01 4.208e+00 2.099e+31 1.163e+05 1.699e+11 6.990e+09 +1.629e+11 2.775e+02 1.000e+00 
1.6160e-01 2.653e+02 2.343e+02 3.100e+01 +2.727e+02 -3.790e-01 4.170e+00 2.045e+31 1.159e+05 1.689e+11 7.087e+09 +1.618e+11 2.727e+02 1.000e+00 
1.6322e-01 2.606e+02 2.299e+02 3.068e+01 +2.680e+02 -4.030e-01 4.133e+00 1.993e+31 1.156e+05 1.678e+11 7.183e+09 +1.607e+11 2.680e+02 1.000e+00 
1.6484e-01 2.560e+02 2.256e+02 3.036e+01 +2.634e+02 -4.262e-01 4.096e+00 1.942e+31 1.152e+05 1.668e+11 7.280e+09 +1.595e+11 2.634e+02 1.000e+00 
1.6646e-01 2.514e+02 2.214e+02 3.004e+01 +2.589e+02 -4.485e-01 4.060e+00 1.892e+31 1.149e+05 1.658e+11 7.377e+09 +1.584e+11 2.589e+02 1.000e+00 
1.6810e-01 2.470e+02 2.173e+02 2.973e+01 +2.545e+02 -4.701e-01 4.023e+00 1.844e+31 1.145e+05 1.648e+11 7.474e+09 +1.573e+11 2.545e+02 1.000e+00 
1.6974e-01 2.427e+02 2.132e+02 2.942e+01 +2.502e+02 -4.909e-01 3.987e+00 1.797e+31 1.141e+05 1.637e+11 7.571e+09 +1.561e+11 2.502e+02 1.000e+00 
1.7140e-01 2.384e+02 2.093e+02 2.911e+01 +2.459e+02 -5.109e-01 3.951e+00 1.752e+31 1.138e+05 1.627e+11 7.667e+09 +1.550e+11 2.459e+02 1.000e+00 
1.7306e-01 2.342e+02 2.054e+02 2.881e+01 +2.418e+02 -5.302e-01 3.915e+00 1.708e+31 1.134e+05 1.617e+11 7.764e+09 +1.539e+11 2.418e+02 1.000e+00 
1.7472e-01 2.301e+02 2.016e+02 2.851e+01 +2.377e+02 -5.488e-01 3.880e+00 1.664e+31 1.131e+05 1.606e+11 7.861e+09 +1.528e+11 2.377e+02 1.000e+00 
1.7640e-01 2.261e+02 1.979e+02 2.821e+01 +2.337e+02 -5.668e-01 3.845e+00 1.623e+31 1.127e+05 1.596e+11 7.957e+09 +1.517e+11 2.337e+02 1.000e+00 
1.7808e-01 2.221e+02 1.942e+02 2.792e+01 +2.297e+02 -5.840e-01 3.810e+00 1.582e+31 1.123e+05 1.586e+11 8.054e+09 +1.505e+11 2.297e+02 1.000e+00 
1.7978e-01 2.183e+02 1.906e+02 2.762e+01 +2.259e+02 -6.007e-01 3.775e+00 1.542e+31 1.120e+05 1.576e+11 8.151e+09 +1.494e+11 2.259e+02 1.000e+00 
1.8148e-01 2.145e+02 1.871e+02 2.734e+01 +2.221e+02 -6.167e-01 3.741e+00 1.504e+31 1.116e+05 1.565e+11 8.247e+09 +1.483e+11 2.221e+02 1.000e+00 
1.8318e-01 2.107e+02 1.837e+02 2.705e+01 +2.184e+02 -6.321e-01 3.706e+00 1.466e+31 1.112e+05 1.555e+11 8.344e+09 +1.472e+11 2.184e+02 1.000e+00 
1.8490e-01 2.071e+02 1.803e+02 2.677e+01 +2.147e+02 -6.469e-01 3.672e+00 1.429e+31 1.109e+05 1.545e+11 8.440e+09 +1.461e+11 2.147e+02 1.000e+00 
1.8662e-01 2.035e+02 1.770e+02 2.649e+01 +2.112e+02 -6.612e-01 3.638e+00 1.394e+31 1.105e+05 1.535e+11 8.537e+09 +1.449e+11 2.112e+02 1.000e+00 
1.8836e-01 2.000e+02 1.738e+02 2.622e+01 +2.077e+02 -6.749e-01 3.605e+00 1.359e+31 1.101e+05 1.525e+11 8.633e+09 +1.438e+11 2.077e+02 1.000e+00 
1.9010e-01 1.965e+02 1.706e+02 2.594e+01 +2.042e+02 -6.881e-01 3.572e+00 1.326e+31 1.098e+05 1.514e+11 8.729e+09 +1.427e+11 2.042e+02 1.000e+00 
1.9184e-01 1.931e+02 1.675e+02 2.567e+01 +2.008e+02 -7.008e-01 3.538e+00 1.293e+31 1.094e+05 1.504e+11 8.826e+09 +1.416e+11 2.008e+02 1.000e+00 
1.9360e-01 1.898e+02 1.644e+02 2.541e+01 +1.975e+02 -7.129e-01 3.506e+00 1.261e+31 1.090e+05 1.494e+11 8.922e+09 +1.405e+11 1.975e+02 1.000e+00 
1.9536e-01 1.865e+02 1.614e+02 2.514e+01 +1.943e+02 -7.247e-01 3.473e+00 1.230e+31 1.087e+05 1.484e+11 9.018e+09 +1.394e+11 1.943e+02 1.000e+00 
1.9714e-01 1.833e+02 1.584e+02 2.488e+01 +1.911e+02 -7.359e-01 3.440e+00 1.200e+31 1.083e+05 1.474e+11 9.114e+09 +1.383e+11 1.911e+02 1.000e+00 
1.9892e-01 1.802e+02 1.556e+02 2.462e+01 +1.879e+02 -7.467e-01 3.408e+00 1.170e+31 1.079e+05 1.464e+11 9.210e+09 +1.372e+11 1.879e+02 1.000e+00 
2.0070e-01 1.771e+02 1.527e+02 2.437e+01 +1.849e+02 -7.570e-01 3.376e+00 1.142e+31 1.076e+05 1.454e+11 9.306e+09 +1.361e+11 1.849e+02 1.000e+00 
2.0250e-01 1.741e+02 1.500e+02 2.411e+01 +1.818e+02 -7.669e-01 3.345e+00 1.114e+31 1.072e+05 1.444e+11 9.402e+09 +1.350e+11 1.818e+02 1.000e+00 
2.0430e-01 1.711e+02 1.472e+02 2.386e+01 +1.789e+02 -7.765e-01 3.313e+00 1.087e+31 1.068e+05 1.434e+11 9.498e+09 +1.339e+11 1.789e+02 1.000e+00 
2.0612e-01 1.682e+02 1.446e+02 2.361e+01 +1.760e+02 -7.856e-01 3.282e+00 1.060e+31 1.065e+05 1.424e+11 9.594e+09 +1.328e+11 1.760e+02 1.000e+00 
2.0794e-01 1.653e+02 1.419e+02 2.337e+01 +1.731e+02 -7.943e-01 3.251e+00 1.035e+31 1.061e+05 1.414e+11 9.690e+09 +1.317e+11 1.731e+02 1.000e+00 
2.0976e-01 1.625e+02 1.394e+02 2.312e+01 +1.703e+02 -8.027e-01 3.220e+00 1.010e+31 1.057e+05 1.404e+11 9.786e+09 +1.307e+11 1.703e+02 1.000e+00 
2.1160e-01 1.597e+02 1.368e+02 2.288e+01 +1.676e+02 -8.107e-01 3.189e+00 9.852e+30 1.053e+05 1.395e+11 9.881e+09 +1.296e+11 1.676e+02 1.000e+00 
2.1344e-01 1.570e+02 1.344e+02 2.264e+01 +1.648e+02 -8.183e-01 3.159e+00 9.614e+30 1.050e+05 1.385e+11 9.977e+09 +1.285e+11 1.648e+02 1.000e+00 
2.1530e-01 1.543e+02 1.319e+02 2.241e+01 +1.622e+02 -8.256e-01 3.129e+00 9.383e+30 1.046e+05 1.375e+11 1.007e+10 +1.274e+11 1.622e+02 1.000e+00 
2.1716e-01 1.517e+02 1.296e+02 2.217e+01 +1.596e+02 -8.326e-01 3.099e+00 9.157e+30 1.042e+05 1.365e+11 1.017e+10 +1.263e+11 1.596e+02 1.000e+00 
2.1902e-01 1.492e+02 1.272e+02 2.194e+01 +1.570e+02 -8.392e-01 3.069e+00 8.938e+30 1.039e+05 1.355e+11 1.026e+10 +1.253e+11 1.570e+02 1.000e+00 
2.2090e-01 1.466e+02 1.249e+02 2.171e+01 +1.545e+02 -8.456e-01 3.040e+00 8.724e+30 1.035e+05 1.346e+11 1.036e+10 +1.242e+11 1.545e+02 1.000e+00 
2.2278e-01 1.442e+02 1.227e+02 2.148e+01 +1.520e+02 -8.516e-01 3.010e+00 8.515e+30 1.031e+05 1.336e+11 1.045e+10 +1.232e+11 1.520e+02 1.000e+00 
2.2468e-01 1.417e+02 1.205e+02 2.126e+01 +1.496e+02 -8.574e-01 2.981e+00 8.312e+30 1.027e+05 1.326e+11 1.055e+10 +1.221e+11 1.496e+02 1.000e+00 
2.2658e-01 1.393e+02 1.183e+02 2.104e+01 +1.472e+02 -8.629e-01 2.952e+00 8.114e+30 1.024e+05 1.317e+11 1.064e+10 +1.210e+11 1.472e+02 1.000e+00 
2.2848e-01 1.370e+02 1.162e+02 2.082e+01 +1.449e+02 -8.681e-01 2.924e+00 7.922e+30 1.020e+05 1.307e+11 1.074e+10 +1.200e+11 1.449e+02 1.000e+00 
2.3040e-01 1.347e+02 1.141e+02 2.060e+01 +1.426e+02 -8.730e-01 2.895e+00 7.734e+30 1.016e+05 1.298e+11 1.083e+10 +1.190e+11 1.426e+02 1.000e+00 
2.3232e-01 1.324e+02 1.120e+02 2.038e+01 +1.403e+02 -8.777e-01 2.867e+00 7.551e+30 1.013e+05 1.288e+11 1.093e+10 +1.179e+11 1.403e+02 1.000e+00 
2.3426e-01 1.302e+02 1.100e+02 2.017e+01 +1.381e+02 -8.821e-01 2.839e+00 7.372e+30 1.009e+05 1.279e+11 1.102e+10 +1.169e+11 1.381e+02 1.000e+00 
2.3620e-01 1.280e+02 1.081e+02 1.996e+01 +1.359e+02 -8.863e-01 2.811e+00 7.198e+30 1.005e+05 1.270e+11 1.112e+10 +1.158e+11 1.359e+02 1.000e+00 
2.3814e-01 1.259e+02 1.061e+02 1.975e+01 +1.338e+02 -8.903e-01 2.784e+00 7.029e+30 1.001e+05 1.260e+11 1.121e+10 +1.148e+11 1.338e+02 1.000e+00 
2.4010e-01 1.238e+02 1.042e+02 1.954e+01 +1.317e+02 -8.940e-01 2.756e+00 6.864e+30 9.977e+04 1.251e+11 1.131e+10 +1.138e+11 1.317e+02 1.000e+00 
2.4206e-01 1.217e+02 1.024e+02 1.933e+01 +1.296e+02 -8.976e-01 2.729e+00 6.703e+30 9.940e+04 1.242e+11 1.140e+10 +1.128e+11 1.296e+02 1.000e+00 
2.4404e-01 1.197e+02 1.005e+02 1.913e+01 +1.276e+02 -9.009e-01 2.702e+00 6.546e+30 9.903e+04 1.232e+11 1.150e+10 +1.117e+11 1.276e+02 1.000e+00 
2.4602e-01 1.177e+02 9.873e+01 1.893e+01 +1.256e+02 -9.040e-01 2.675e+00 6.393e+30 9.866e+04 1.223e+11 1.159e+10 +1.107e+11 1.256e+02 1.000e+00 
2.4800e-01 1.157e+02 9.697e+01 1.873e+01 +1.236e+02 -9.069e-01 2.649e+00 6.244e+30 9.829e+04 1.214e+11 1.169e+10 +1.097e+11 1.236e+02 1.000e+00 
2.5000e-01 1.138e+02 9.524e+01 1.853e+01 +1.217e+02 -9.096e-01 2.623e+00 6.098e+30 9.792e+04 1.205e+11 1.178e+10 +1.087e+11 1.217e+02 1.000e+00 
2.5200e-01 1.119e+02 9.354e+01 1.833e+01 +1.198e+02 -9.122e-01 2.596e+00 5.957e+30 9.755e+04 1.196e+11 1.187e+10 +1.077e+11 1.198e+02 1.000e+00 
2.5402e-01 1.100e+02 9.187e+01 1.814e+01 +1.179e+02 -9.145e-01 2.570e+00 5.818e+30 9.718e+04 1.187e+11 1.197e+10 +1.067e+11 1.179e+02 1.000e+00 
2.5604e-01 1.082e+02 9.023e+01 1.795e+01 +1.161e+02 -9.167e-01 2.545e+00 5.684e+30 9.681e+04 1.178e+11 1.206e+10 +1.057e+11 1.161e+02 1.000e+00 
2.5806e-01 1.064e+02 8.862e+01 1.776e+01 +1.143e+02 -9.188e-01 2.519e+00 5.552e+30 9.645e+04 1.169e+11 1.215e+10 +1.047e+11 1.143e+02 1.000e+00 
2.6010e-01 1.046e+02 8.704e+01 1.757e+01 +1.126e+02 -9.206e-01 2.494e+00 5.424e+30 9.608e+04 1.160e+11 1.225e+10 +1.038e+11 1.126e+02 1.000e+00 
2.6214e-01 1.029e+02 8.549e+01 1.738e+01 +1.108e+02 -9.224e-01 2.468e+00 5.299e+30 9.571e+04 1.151e+11 1.234e+10 +1.028e+11 1.108e+02 1.000e+00 
2.6420e-01 1.012e+02 8.397e+01 1.720e+01 +1.091e+02 -9.239e-01 2.444e+00 5.177e+30 9.534e+04 1.142e+11 1.244e+10 +1.018e+11 1.091e+02 1.000e+00 
2.6626e-01 9.949e+01 8.247e+01 1.701e+01 +1.074e+02 -9.253e-01 2.419e+00 5.058e+30 9.498e+04 1.134e+11 1.253e+10 +1.008e+11 1.074e+02 1.000e+00 
2.6832e-01 9.784e+01 8.101e+01 1.683e+01 +1.058e+02 -9.266e-01 2.394e+00 4.942e+30 9.461e+04 1.125e+11 1.262e+10 +9.988e+10 1.058e+02 1.000e+00 
2.7040e-01 9.622e+01 7.956e+01 1.665e+01 +1.042e+02 -9.278e-01 2.370e+00 4.829e+30 9.425e+04 1.116e+11 1.271e+10 +9.892e+10 1.042e+02 1.000e+00 
2.7248e-01 9.462e+01 7.815e+01 1.647e+01 +1.026e+02 -9.288e-01 2.346e+00 4.719e+30 9.388e+04 1.108e+11 1.281e+10 +9.796e+10 1.026e+02 1.000e+00 
2.7458e-01 9.306e+01 7.676e+01 1.630e+01 +1.010e+02 -9.297e-01 2.321e+00 4.611e+30 9.352e+04 1.099e+11 1.290e+10 +9.701e+10 1.010e+02 1.000e+00 
2.7668e-01 9.152e+01 7.539e+01 1.612e+01 +9.947e+01 -9.305e-01 2.298e+00 4.506e+30 9.315e+04 1.090e+11 1.299e+10 +9.606e+10 9.947e+01 1.000e+00 
2.7878e-01 9.000e+01 7.405e+01 1.595e+01 +9.795e+01 -9.311e-01 2.274e+00 4.404e+30 9.279e+04 1.082e+11 1.309e+10 +9.512e+10 9.795e+01 1.000e+00 
2.8090e-01 8.852e+01 7.274e+01 1.578e+01 +9.647e+01 -9.317e-01 2.251e+00 4.304e+30 9.243e+04 1.074e+11 1.318e+10 +9.419e+10 9.647e+01 1.000e+00 
2.8302e-01 8.705e+01 7.145e+01 1.561e+01 +9.500e+01 -9.321e-01 2.227e+00 4.206e+30 9.207e+04 1.065e+11 1.327e+10 +9.326e+10 9.500e+01 1.000e+00 
2.8516e-01 8.562e+01 7.018e+01 1.544e+01 +9.357e+01 -9.325e-01 2.204e+00 4.111e+30 9.171e+04 1.057e+11 1.336e+10 +9.233e+10 9.357e+01 1.000e+00 
2.8730e-01 8.420e+01 6.893e+01 1.527e+01 +9.215e+01 -9.327e-01 2.181e+00 4.018e+30 9.135e+04 1.049e+11 1.346e+10 +9.141e+10 9.215e+01 1.000e+00 
2.8944e-01 8.281e+01 6.770e+01 1.511e+01 +9.076e+01 -9.329e-01 2.158e+00 3.928e+30 9.099e+04 1.040e+11 1.355e+10 +9.049e+10 9.076e+01 1.000e+00 
2.9160e-01 8.145e+01 6.650e+01 1.494e+01 +8.940e+01 -9.329e-01 2.136e+00 3.840e+30 9.063e+04 1.032e+11 1.364e+10 +8.958e+10 8.940e+01 1.000e+00 
2.9376e-01 8.010e+01 6.532e+01 1.478e+01 +8.805e+01 -9.329e-01 2.114e+00 3.753e+30 9.027e+04 1.024e+11 1.373e+10 +8.868e+10 8.805e+01 1.000e+00 
2.9594e-01 7.878e+01 6.416e+01 1.462e+01 +8.673e+01 -9.328e-01 2.091e+00 3.669e+30 8.991e+04 1.016e+11 1.382e+10 +8.777e+10 8.673e+01 1.000e+00 
2.9812e-01 7.748e+01 6.302e+01 1.446e+01 +8.543e+01 -9.326e-01 2.069e+00 3.587e+30 8.955e+04 1.008e+11 1.391e+10 +8.688e+10 8.543e+01 1.000e+00 
3.0030e-01 7.620e+01 6.190e+01 1.430e+01 +8.415e+01 -9.324e-01 2.047e+00 3.507e+30 8.920e+04 9.998e+10 1.401e+10 +8.598e+10 8.415e+01 1.000e+00 
3.0250e-01 7.495e+01 6.080e+01 1.415e+01 +8.290e+01 -9.320e-01 2.026e+00 3.429e+30 8.884e+04 9.918e+10 1.410e+10 +8.510e+10 8.290e+01 1.000e+00 
3.0470e-01 7.371e+01 5.972e+01 1.399e+01 +8.166e+01 -9.316e-01 2.004e+00 3.352e+30 8.848e+04 9.839e+10 1.419e+10 +8.422e+10 8.166e+01 1.000e+00 
3.0692e-01 7.250e+01 5.866e+01 1.384e+01 +8.045e+01 -9.311e-01 1.983e+00 3.278e+30 8.813e+04 9.760e+10 1.428e+10 +8.334e+10 8.045e+01 1.000e+00 
3.0914e-01 7.130e+01 5.762e+01 1.369e+01 +7.925e+01 -9.306e-01 1.962e+00 3.205e+30 8.778e+04 9.682e+10 1.437e+10 +8.247e+10 7.925e+01 1.000e+00 
3.1136e-01 7.013e+01 5.659e+01 1.354e+01 +7.808e+01 -9.300e-01 1.941e+00 3.134e+30 8.742e+04 9.604e+10 1.446e+10 +8.160e+10 7.808e+01 1.000e+00 
3.1360e-01 6.897e+01 5.558e+01 1.339e+01 +7.692e+01 -9.294e-01 1.920e+00 3.064e+30 8.707e+04 9.527e+10 1.455e+10 +8.074e+10 7.692e+01 1.000e+00 
3.1584e-01 6.784e+01 5.460e+01 1.324e+01 +7.578e+01 -9.287e-01 1.899e+00 2.997e+30 8.672e+04 9.450e+10 1.464e+10 +7.988e+10 7.578e+01 1.000e+00 
3.1810e-01 6.672e+01 5.362e+01 1.309e+01 +7.466e+01 -9.279e-01 1.879e+00 2.931e+30 8.637e+04 9.374e+10 1.473e+10 +7.903e+10 7.466e+01 1.000e+00 
3.2036e-01 6.562e+01 5.267e+01 1.295e+01 +7.356e+01 -9.271e-01 1.859e+00 2.866e+30 8.602e+04 9.299e+10 1.482e+10 +7.818e+10 7.356e+01 1.000e+00 
3.2262e-01 6.454e+01 5.173e+01 1.280e+01 +7.248e+01 -9.263e-01 1.838e+00 2.803e+30 8.567e+04 9.223e+10 1.491e+10 +7.734e+10 7.248e+01 1.000e+00 
3.2490e-01 6.347e+01 5.081e+01 1.266e+01 +7.142e+01 -9.254e-01 1.818e+00 2.742e+30 8.532e+04 9.149e+10 1.500e+10 +7.650e+10 7.142e+01 1.000e+00 
3.2718e-01 6.243e+01 4.991e+01 1.252e+01 +7.037e+01 -9.245e-01 1.799e+00 2.681e+30 8.498e+04 9.074e+10 1.509e+10 +7.567e+10 7.037e+01 1.000e+00 
3.2948e-01 6.140e+01 4.902e+01 1.238e+01 +6.934e+01 -9.235e-01 1.779e+00 2.623e+30 8.463e+04 9.001e+10 1.518e+10 +7.485e+10 6.934e+01 1.000e+00 
3.3178e-01 6.038e+01 4.814e+01 1.224e+01 +6.833e+01 -9.225e-01 1.759e+00 2.565e+30 8.429e+04 8.927e+10 1.527e+10 +7.402e+10 6.833e+01 1.000e+00 
3.3408e-01 5.939e+01 4.729e+01 1.210e+01 +6.733e+01 -9.215e-01 1.740e+00 2.510e+30 8.394e+04 8.855e+10 1.536e+10 +7.321e+10 6.733e+01 1.000e+00 
3.3640e-01 5.841e+01 4.644e+01 1.197e+01 +6.635e+01 -9.205e-01 1.721e+00 2.455e+30 8.360e+04 8.782e+10 1.545e+10 +7.240e+10 6.635e+01 1.000e+00 
3.3872e-01 5.744e+01 4.561e+01 1.183e+01 +6.538e+01 -9.194e-01 1.702e+00 2.401e+30 8.326e+04 8.710e+10 1.554e+10 +7.159e+10 6.538e+01 1.000e+00 
3.4106e-01 5.650e+01 4.480e+01 1.170e+01 +6.443e+01 -9.183e-01 1.683e+00 2.349e+30 8.291e+04 8.639e+10 1.563e+10 +7.079e+10 6.443e+01 1.000e+00 
3.4340e-01 5.556e+01 4.400e+01 1.156e+01 +6.350e+01 -9.172e-01 1.664e+00 2.298e+30 8.257e+04 8.568e+10 1.571e+10 +6.999e+10 6.350e+01 1.000e+00 
3.4574e-01 5.465e+01 4.321e+01 1.143e+01 +6.258e+01 -9.160e-01 1.646e+00 2.249e+30 8.223e+04 8.498e+10 1.580e+10 +6.920e+10 6.258e+01 1.000e+00 
3.4810e-01 5.374e+01 4.244e+01 1.130e+01 +6.167e+01 -9.149e-01 1.627e+00 2.200e+30 8.190e+04 8.428e+10 1.589e+10 +6.841e+10 6.167e+01 1.000e+00 
3.5046e-01 5.285e+01 4.168e+01 1.117e+01 +6.078e+01 -9.137e-01 1.609e+00 2.153e+30 8.156e+04 8.359e+10 1.598e+10 +6.763e+10 6.078e+01 1.000e+00 
3.5284e-01 5.198e+01 4.093e+01 1.104e+01 +5.991e+01 -9.125e-01 1.591e+00 2.106e+30 8.122e+04 8.290e+10 1.607e+10 +6.686e+10 5.991e+01 1.000e+00 
3.5522e-01 5.112e+01 4.020e+01 1.092e+01 +5.905e+01 -9.113e-01 1.573e+00 2.061e+30 8.089e+04 8.221e+10 1.616e+10 +6.609e+10 5.905e+01 1.000e+00 
3.5760e-01 5.027e+01 3.948e+01 1.079e+01 +5.820e+01 -9.102e-01 1.555e+00 2.017e+30 8.055e+04 8.154e+10 1.624e+10 +6.532e+10 5.820e+01 1.000e+00 
3.6000e-01 4.944e+01 3.877e+01 1.067e+01 +5.737e+01 -9.090e-01 1.537e+00 1.974e+30 8.022e+04 8.086e+10 1.633e+10 +6.456e+10 5.737e+01 1.000e+00 
3.6240e-01 4.862e+01 3.808e+01 1.054e+01 +5.654e+01 -9.077e-01 1.520e+00 1.931e+30 7.988e+04 8.019e+10 1.642e+10 +6.380e+10 5.654e+01 1.000e+00 
3.6482e-01 4.781e+01 3.739e+01 1.042e+01 +5.574e+01 -9.065e-01 1.503e+00 1.890e+30 7.955e+04 7.953e+10 1.651e+10 +6.305e+10 5.574e+01 1.000e+00 
3.6724e-01 4.702e+01 3.672e+01 1.030e+01 +5.494e+01 -9.053e-01 1.485e+00 1.850e+30 7.922e+04 7.887e+10 1.659e+10 +6.230e+10 5.494e+01 1.000e+00 
3.6966e-01 4.624e+01 3.606e+01 1.018e+01 +5.416e+01 -9.041e-01 1.468e+00 1.811e+30 7.889e+04 7.821e+10 1.668e+10 +6.156e+10 5.416e+01 1.000e+00 
3.7210e-01 4.547e+01 3.541e+01 1.006e+01 +5.339e+01 -9.029e-01 1.451e+00 1.772e+30 7.856e+04 7.756e+10 1.677e+10 +6.083e+10 5.339e+01 1.000e+00 
3.7454e-01 4.471e+01 3.477e+01 9.940e+00 +5.263e+01 -9.018e-01 1.434e+00 1.734e+30 7.824e+04 7.692e+10 1.685e+10 +6.010e+10 5.263e+01 1.000e+00 
3.7700e-01 4.397e+01 3.414e+01 9.822e+00 +5.189e+01 -9.006e-01 1.418e+00 1.698e+30 7.791e+04 7.628e+10 1.694e+10 +5.937e+10 5.189e+01 1.000e+00 
3.7946e-01 4.323e+01 3.353e+01 9.706e+00 +5.115e+01 -8.994e-01 1.401e+00 1.662e+30 7.758e+04 7.564e+10 1.703e+10 +5.865e+10 5.115e+01 1.000e+00 
3.8192e-01 4.251e+01 3.292e+01 9.591e+00 +5.043e+01 -8.983e-01 1.385e+00 1.627e+30 7.726e+04 7.501e+10 1.711e+10 +5.793e+10 5.043e+01 1.000e+00 
3.8440e-01 4.180e+01 3.233e+01 9.477e+00 +4.972e+01 -8.971e-01 1.369e+00 1.592e+30 7.694e+04 7.438e+10 1.720e+10 +5.722e+10 4.972e+01 1.000e+00 
3.8688e-01 4.110e+01 3.174e+01 9.363e+00 +4.902e+01 -8.960e-01 1.353e+00 1.559e+30 7.662e+04 7.376e+10 1.728e+10 +5.652e+10 4.902e+01 1.000e+00 
3.8938e-01 4.042e+01 3.116e+01 9.251e+00 +4.833e+01 -8.949e-01 1.337e+00 1.526e+30 7.629e+04 7.315e+10 1.737e+10 +5.581e+10 4.833e+01 1.000e+00 
3.9188e-01 3.974e+01 3.060e+01 9.140e+00 +4.765e+01 -8.938e-01 1.321e+00 1.494e+30 7.597e+04 7.254e+10 1.745e+10 +5.512e+10 4.765e+01 1.001e+00 
3.9438e-01 3.907e+01 3.004e+01 9.029e+00 +4.698e+01 -8.927e-01 1.305e+00 1.463e+30 7.566e+04 7.193e+10 1.754e+10 +5.443e+10 4.698e+01 1.001e+00 
3.9690e-01 3.842e+01 2.950e+01 8.920e+00 +4.633e+01 -8.917e-01 1.289e+00 1.432e+30 7.534e+04 7.133e+10 1.762e+10 +5.374e+10 4.633e+01 1.001e+00 
3.9942e-01 3.777e+01 2.896e+01 8.811e+00 +4.568e+01 -8.906e-01 1.274e+00 1.402e+30 7.502e+04 7.073e+10 1.771e+10 +5.306e+10 4.568e+01 1.001e+00 
4.0196e-01 3.713e+01 2.843e+01 8.704e+00 +4.504e+01 -8.897e-01 1.259e+00 1.373e+30 7.471e+04 7.014e+10 1.779e+10 +5.238e+10 4.504e+01 1.001e+00 
4.0450e-01 3.651e+01 2.791e+01 8.597e+00 +4.442e+01 -8.887e-01 1.244e+00 1.345e+30 7.439e+04 6.955e+10 1.788e+10 +5.171e+10 4.442e+01 1.001e+00 
4.0704e-01 3.589e+01 2.740e+01 8.492e+00 +4.380e+01 -8.877e-01 1.229e+00 1.317e+30 7.408e+04 6.896e+10 1.796e+10 +5.104e+10 4.380e+01 1.001e+00 
4.0960e-01 3.529e+01 2.690e+01 8.387e+00 +4.319e+01 -8.868e-01 1.214e+00 1.289e+30 7.377e+04 6.839e+10 1.805e+10 +5.038e+10 4.319e+01 1.001e+00 
4.1216e-01 3.469e+01 2.641e+01 8.283e+00 +4.259e+01 -8.860e-01 1.199e+00 1.263e+30 7.346e+04 6.781e+10 1.813e+10 +4.972e+10 4.259e+01 1.001e+00 
4.1474e-01 3.410e+01 2.592e+01 8.180e+00 +4.200e+01 -8.851e-01 1.184e+00 1.237e+30 7.315e+04 6.724e+10 1.821e+10 +4.907e+10 4.200e+01 1.001e+00 
4.1732e-01 3.352e+01 2.544e+01 8.078e+00 +4.142e+01 -8.843e-01 1.170e+00 1.211e+30 7.284e+04 6.668e+10 1.830e+10 +4.842e+10 4.142e+01 1.001e+00 
4.1990e-01 3.295e+01 2.498e+01 7.977e+00 +4.085e+01 -8.835e-01 1.155e+00 1.186e+30 7.254e+04 6.612e+10 1.838e+10 +4.778e+10 4.085e+01 1.001e+00 
4.2250e-01 3.239e+01 2.452e+01 7.877e+00 +4.029e+01 -8.828e-01 1.141e+00 1.162e+30 7.223e+04 6.556e+10 1.847e+10 +4.714e+10 4.029e+01 1.001e+00 
4.2510e-01 3.184e+01 2.406e+01 7.777e+00 +3.974e+01 -8.821e-01 1.127e+00 1.138e+30 7.193e+04 6.501e+10 1.855e+10 +4.651e+10 3.974e+01 1.001e+00 
4.2772e-01 3.130e+01 2.362e+01 7.679e+00 +3.920e+01 -8.814e-01 1.113e+00 1.115e+30 7.162e+04 6.446e+10 1.863e+10 +4.588e+10 3.920e+01 1.001e+00 
4.3034e-01 3.076e+01 2.318e+01 7.581e+00 +3.866e+01 -8.808e-01 1.099e+00 1.092e+30 7.132e+04 6.392e+10 1.871e+10 +4.526e+10 3.866e+01 1.001e+00 
4.3296e-01 3.023e+01 2.275e+01 7.484e+00 +3.813e+01 -8.803e-01 1.085e+00 1.070e+30 7.102e+04 6.339e+10 1.880e+10 +4.464e+10 3.813e+01 1.001e+00 
4.3560e-01 2.971e+01 2.233e+01 7.388e+00 +3.761e+01 -8.797e-01 1.071e+00 1.048e+30 7.072e+04 6.285e+10 1.888e+10 +4.403e+10 3.761e+01 1.001e+00 
4.3824e-01 2.920e+01 2.191e+01 7.293e+00 +3.710e+01 -8.792e-01 1.058e+00 1.027e+30 7.042e+04 6.233e+10 1.896e+10 +4.342e+10 3.710e+01 1.001e+00 
4.4090e-01 2.870e+01 2.150e+01 7.198e+00 +3.660e+01 -8.788e-01 1.044e+00 1.006e+30 7.013e+04 6.180e+10 1.904e+10 +4.281e+10 3.660e+01 1.001e+00 
4.4356e-01 2.820e+01 2.110e+01 7.105e+00 +3.610e+01 -8.784e-01 1.031e+00 9.853e+29 6.983e+04 6.128e+10 1.913e+10 +4.221e+10 3.610e+01 1.001e+00 
4.4622e-01 2.772e+01 2.070e+01 7.012e+00 +3.561e+01 -8.781e-01 1.018e+00 9.654e+29 6.954e+04 6.077e+10 1.921e+10 +4.162e+10 3.561e+01 1.001e+00 
4.4890e-01 2.724e+01 2.032e+01 6.920e+00 +3.513e+01 -8.778e-01 1.005e+00 9.459e+29 6.925e+04 6.026e+10 1.929e+10 +4.103e+10 3.513e+01 1.001e+00 
4.5158e-01 2.676e+01 1.993e+01 6.829e+00 +3.466e+01 -8.775e-01 9.915e-01 9.269e+29 6.896e+04 5.975e+10 1.937e+10 +4.044e+10 3.466e+01 1.001e+00 
4.5428e-01 2.630e+01 1.956e+01 6.739e+00 +3.419e+01 -8.774e-01 9.787e-01 9.082e+29 6.867e+04 5.925e+10 1.945e+10 +3.986e+10 3.419e+01 1.001e+00 
4.5698e-01 2.584e+01 1.919e+01 6.649e+00 +3.373e+01 -8.772e-01 9.659e-01 8.900e+29 6.838e+04 5.875e+10 1.953e+10 +3.928e+10 3.373e+01 1.001e+00 
4.5968e-01 2.539e+01 1.883e+01 6.560e+00 +3.328e+01 -8.771e-01 9.532e-01 8.722e+29 6.809e+04 5.826e+10 1.961e+10 +3.871e+10 3.328e+01 1.001e+00 
4.6240e-01 2.494e+01 1.847e+01 6.472e+00 +3.284e+01 -8.771e-01 9.407e-01 8.548e+29 6.781e+04 5.778e+10 1.969e+10 +3.814e+10 3.284e+01 1.001e+00 
4.6512e-01 2.450e+01 1.812e+01 6.385e+00 +3.240e+01 -8.771e-01 9.282e-01 8.377e+29 6.752e+04 5.729e+10 1.977e+10 +3.758e+10 3.240e+01 1.001e+00 
4.6786e-01 2.407e+01 1.777e+01 6.299e+00 +3.197e+01 -8.772e-01 9.159e-01 8.210e+29 6.724e+04 5.681e+10 1.985e+10 +3.702e+10 3.197e+01 1.001e+00 
4.7060e-01 2.365e+01 1.743e+01 6.213e+00 +3.154e+01 -8.774e-01 9.037e-01 8.047e+29 6.696e+04 5.634e+10 1.994e+10 +3.647e+10 3.154e+01 1.001e+00 
4.7334e-01 2.323e+01 1.710e+01 6.128e+00 +3.112e+01 -8.776e-01 8.916e-01 7.888e+29 6.668e+04 5.587e+10 2.001e+10 +3.592e+10 3.112e+01 1.001e+00 
4.7610e-01 2.282e+01 1.677e+01 6.044e+00 +3.071e+01 -8.778e-01 8.796e-01 7.732e+29 6.640e+04 5.540e+10 2.009e+10 +3.538e+10 3.071e+01 1.001e+00 
4.7886e-01 2.241e+01 1.645e+01 5.960e+00 +3.031e+01 -8.781e-01 8.677e-01 7.579e+29 6.612e+04 5.494e+10 2.017e+10 +3.484e+10 3.031e+01 1.001e+00 
4.8164e-01 2.201e+01 1.613e+01 5.877e+00 +2.991e+01 -8.785e-01 8.559e-01 7.430e+29 6.585e+04 5.448e+10 2.025e+10 +3.430e+10 2.991e+01 1.001e+00 
4.8442e-01 2.162e+01 1.582e+01 5.795e+00 +2.951e+01 -8.789e-01 8.442e-01 7.284e+29 6.557e+04 5.403e+10 2.033e+10 +3.377e+10 2.951e+01 1.001e+00 
4.8720e-01 2.123e+01 1.552e+01 5.714e+00 +2.913e+01 -8.794e-01 8.326e-01 7.141e+29 6.530e+04 5.358e+10 2.041e+10 +3.325e+10 2.913e+01 1.001e+00 
4.9000e-01 2.085e+01 1.521e+01 5.633e+00 +2.875e+01 -8.800e-01 8.211e-01 7.001e+29 6.503e+04 5.314e+10 2.049e+10 +3.273e+10 2.875e+01 1.001e+00 
4.9280e-01 2.047e+01 1.492e+01 5.553e+00 +2.837e+01 -8.806e-01 8.098e-01 6.864e+29 6.476e+04 5.270e+10 2.057e+10 +3.221e+10 2.837e+01 1.001e+00 
4.9562e-01 2.010e+01 1.463e+01 5.474e+00 +2.800e+01 -8.813e-01 7.985e-01 6.730e+29 6.449e+04 5.226e+10 2.065e+10 +3.170e+10 2.800e+01 1.002e+00 
4.9844e-01 1.974e+01 1.434e+01 5.396e+00 +2.764e+01 -8.821e-01 7.873e-01 6.600e+29 6.422e+04 5.183e+10 2.073e+10 +3.119e+10 2.764e+01 1.002e+00 
5.0126e-01 1.938e+01 1.406e+01 5.318e+00 +2.728e+01 -8.829e-01 7.762e-01 6.472e+29 6.396e+04 5.141e+10 2.080e+10 +3.068e+10 2.728e+01 1.002e+00 
5.0410e-01 1.902e+01 1.378e+01 5.241e+00 +2.693e+01 -8.838e-01 7.653e-01 6.346e+29 6.370e+04 5.098e+10 2.088e+10 +3.019e+10 2.693e+01 1.002e+00 
5.0694e-01 1.867e+01 1.351e+01 5.164e+00 +2.658e+01 -8.847e-01 7.544e-01 6.224e+29 6.343e+04 5.056e+10 2.096e+10 +2.969e+10 2.658e+01 1.002e+00 
5.0980e-01 1.833e+01 1.324e+01 5.089e+00 +2.624e+01 -8.857e-01 7.436e-01 6.104e+29 6.317e+04 5.015e+10 2.104e+10 +2.920e+10 2.624e+01 1.002e+00 
5.1266e-01 1.799e+01 1.298e+01 5.014e+00 +2.590e+01 -8.868e-01 7.329e-01 5.987e+29 6.291e+04 4.974e+10 2.111e+10 +2.872e+10 2.590e+01 1.002e+00 
5.1552e-01 1.766e+01 1.272e+01 4.939e+00 +2.557e+01 -8.880e-01 7.223e-01 5.872e+29 6.266e+04 4.933e+10 2.119e+10 +2.823e+10 2.557e+01 1.002e+00 
5.1840e-01 1.733e+01 1.247e+01 4.865e+00 +2.524e+01 -8.892e-01 7.118e-01 5.760e+29 6.240e+04 4.893e+10 2.127e+10 +2.776e+10 2.524e+01 1.002e+00 
5.2128e-01 1.701e+01 1.222e+01 4.792e+00 +2.492e+01 -8.905e-01 7.015e-01 5.650e+29 6.215e+04 4.854e+10 2.134e+10 +2.729e+10 2.492e+01 1.002e+00 
5.2418e-01 1.669e+01 1.197e+01 4.720e+00 +2.460e+01 -8.918e-01 6.911e-01 5.543e+29 6.190e+04 4.814e+10 2.142e+10 +2.682e+10 2.460e+01 1.002e+00 
5.2708e-01 1.638e+01 1.173e+01 4.648e+00 +2.429e+01 -8.932e-01 6.809e-01 5.437e+29 6.164e+04 4.775e+10 2.150e+10 +2.635e+10 2.429e+01 1.002e+00 
5.2998e-01 1.607e+01 1.149e+01 4.577e+00 +2.398e+01 -8.947e-01 6.708e-01 5.335e+29 6.140e+04 4.737e+10 2.157e+10 +2.589e+10 2.398e+01 1.002e+00 
5.3290e-01 1.576e+01 1.126e+01 4.506e+00 +2.368e+01 -8.962e-01 6.608e-01 5.234e+29 6.115e+04 4.699e+10 2.165e+10 +2.544e+10 2.368e+01 1.002e+00 
5.3582e-01 1.546e+01 1.103e+01 4.437e+00 +2.338e+01 -8.979e-01 6.509e-01 5.135e+29 6.090e+04 4.661e+10 2.172e+10 +2.499e+10 2.338e+01 1.002e+00 
5.3876e-01 1.517e+01 1.080e+01 4.367e+00 +2.309e+01 -8.996e-01 6.410e-01 5.039e+29 6.066e+04 4.624e+10 2.180e+10 +2.454e+10 2.309e+01 1.002e+00 
5.4170e-01 1.488e+01 1.058e+01 4.299e+00 +2.280e+01 -9.013e-01 6.313e-01 4.945e+29 6.042e+04 4.587e+10 2.188e+10 +2.410e+10 2.280e+01 1.002e+00 
5.4464e-01 1.459e+01 1.036e+01 4.231e+00 +2.251e+01 -9.031e-01 6.216e-01 4.853e+29 6.018e+04 4.551e+10 2.195e+10 +2.366e+10 2.251e+01 1.002e+00 
5.4760e-01 1.431e+01 1.015e+01 4.164e+00 +2.223e+01 -9.050e-01 6.121e-01 4.762e+29 5.994e+04 4.515e+10 2.203e+10 +2.323e+10 2.223e+01 1.002e+00 
5.5056e-01 1.403e+01 9.937e+00 4.097e+00 +2.196e+01 -9.070e-01 6.026e-01 4.674e+29 5.970e+04 4.479e+10 2.210e+10 +2.280e+10 2.196e+01 1.003e+00 
5.5354e-01 1.376e+01 9.729e+00 4.031e+00 +2.169e+01 -9.090e-01 5.932e-01 4.588e+29 5.947e+04 4.444e+10 2.217e+10 +2.238e+10 2.169e+01 1.003e+00 
5.5652e-01 1.349e+01 9.526e+00 3.965e+00 +2.142e+01 -9.111e-01 5.839e-01 4.503e+29 5.923e+04 4.409e+10 2.225e+10 +2.196e+10 2.142e+01 1.003e+00 
5.5950e-01 1.323e+01 9.325e+00 3.900e+00 +2.116e+01 -9.132e-01 5.747e-01 4.420e+29 5.900e+04 4.375e+10 2.232e+10 +2.154e+10 2.116e+01 1.003e+00 
5.6250e-01 1.296e+01 9.128e+00 3.836e+00 +2.090e+01 -9.155e-01 5.656e-01 4.340e+29 5.877e+04 4.341e+10 2.240e+10 +2.113e+10 2.090e+01 1.003e+00 
5.6550e-01 1.271e+01 8.934e+00 3.773e+00 +2.064e+01 -9.178e-01 5.565e-01 4.260e+29 5.854e+04 4.307e+10 2.247e+10 +2.072e+10 2.064e+01 1.003e+00 
5.6852e-01 1.245e+01 8.744e+00 3.709e+00 +2.039e+01 -9.201e-01 5.476e-01 4.183e+29 5.832e+04 4.274e+10 2.254e+10 +2.032e+10 2.039e+01 1.003e+00 
5.7154e-01 1.220e+01 8.557e+00 3.647e+00 +2.014e+01 -9.225e-01 5.387e-01 4.107e+29 5.809e+04 4.241e+10 2.262e+10 +1.992e+10 2.014e+01 1.003e+00 
5.7456e-01 1.196e+01 8.373e+00 3.585e+00 +1.990e+01 -9.250e-01 5.299e-01 4.033e+29 5.787e+04 4.209e+10 2.269e+10 +1.953e+10 1.990e+01 1.003e+00 
5.7760e-01 1.172e+01 8.192e+00 3.524e+00 +1.966e+01 -9.276e-01 5.212e-01 3.960e+29 5.765e+04 4.177e+10 2.276e+10 +1.914e+10 1.966e+01 1.003e+00 
5.8064e-01 1.148e+01 8.014e+00 3.463e+00 +1.943e+01 -9.302e-01 5.126e-01 3.889e+29 5.743e+04 4.145e+10 2.284e+10 +1.875e+10 1.943e+01 1.003e+00 
5.8370e-01 1.124e+01 7.840e+00 3.403e+00 +1.919e+01 -9.329e-01 5.040e-01 3.820e+29 5.722e+04 4.114e+10 2.291e+10 +1.837e+10 1.919e+01 1.003e+00 
5.8676e-01 1.101e+01 7.668e+00 3.344e+00 +1.897e+01 -9.356e-01 4.956e-01 3.752e+29 5.700e+04 4.083e+10 2.298e+10 +1.799e+10 1.897e+01 1.003e+00 
5.8982e-01 1.078e+01 7.499e+00 3.285e+00 +1.874e+01 -9.384e-01 4.872e-01 3.685e+29 5.679e+04 4.053e+10 2.305e+10 +1.762e+10 1.874e+01 1.003e+00 
5.9290e-01 1.056e+01 7.333e+00 3.226e+00 +1.852e+01 -9.413e-01 4.789e-01 3.620e+29 5.658e+04 4.023e+10 2.312e+10 +1.725e+10 1.852e+01 1.004e+00 
5.9598e-01 1.034e+01 7.170e+00 3.169e+00 +1.830e+01 -9.442e-01 4.707e-01 3.556e+29 5.637e+04 3.993e+10 2.320e+10 +1.688e+10 1.830e+01 1.004e+00 
5.9908e-01 1.012e+01 7.010e+00 3.112e+00 +1.809e+01 -9.472e-01 4.626e-01 3.494e+29 5.617e+04 3.964e+10 2.327e+10 +1.652e+10 1.809e+01 1.004e+00 
6.0218e-01 9.907e+00 6.852e+00 3.055e+00 +1.788e+01 -9.502e-01 4.545e-01 3.433e+29 5.596e+04 3.935e+10 2.334e+10 +1.617e+10 1.788e+01 1.004e+00 
6.0528e-01 9.697e+00 6.698e+00 2.999e+00 +1.767e+01 -9.533e-01 4.465e-01 3.373e+29 5.576e+04 3.907e+10 2.341e+10 +1.581e+10 1.767e+01 1.004e+00 
6.0840e-01 9.489e+00 6.546e+00 2.943e+00 +1.746e+01 -9.565e-01 4.386e-01 3.315e+29 5.556e+04 3.879e+10 2.348e+10 +1.547e+10 1.746e+01 1.004e+00 
6.1152e-01 9.285e+00 6.396e+00 2.888e+00 +1.726e+01 -9.597e-01 4.308e-01 3.258e+29 5.536e+04 3.852e+10 2.355e+10 +1.512e+10 1.726e+01 1.004e+00 
6.1466e-01 9.083e+00 6.249e+00 2.834e+00 +1.706e+01 -9.630e-01 4.231e-01 3.202e+29 5.517e+04 3.824e+10 2.362e+10 +1.478e+10 1.706e+01 1.004e+00 
6.1780e-01 8.885e+00 6.105e+00 2.780e+00 +1.687e+01 -9.663e-01 4.154e-01 3.147e+29 5.497e+04 3.798e+10 2.369e+10 +1.445e+10 1.687e+01 1.004e+00 
6.2094e-01 8.690e+00 5.963e+00 2.727e+00 +1.668e+01 -9.697e-01 4.078e-01 3.094e+29 5.478e+04 3.771e+10 2.376e+10 +1.412e+10 1.668e+01 1.004e+00 
6.2410e-01 8.498e+00 5.824e+00 2.674e+00 +1.649e+01 -9.731e-01 4.003e-01 3.042e+29 5.459e+04 3.745e+10 2.383e+10 +1.379e+10 1.649e+01 1.004e+00 
6.2726e-01 8.309e+00 5.687e+00 2.622e+00 +1.630e+01 -9.766e-01 3.929e-01 2.990e+29 5.440e+04 3.720e+10 2.390e+10 +1.347e+10 1.630e+01 1.005e+00 
6.3044e-01 8.123e+00 5.552e+00 2.571e+00 +1.612e+01 -9.801e-01 3.855e-01 2.940e+29 5.422e+04 3.694e+10 2.397e+10 +1.315e+10 1.612e+01 1.005e+00 
6.3362e-01 7.940e+00 5.420e+00 2.520e+00 +1.594e+01 -9.837e-01 3.783e-01 2.891e+29 5.404e+04 3.669e+10 2.404e+10 +1.283e+10 1.594e+01 1.005e+00 
6.3680e-01 7.759e+00 5.290e+00 2.469e+00 +1.576e+01 -9.873e-01 3.711e-01 2.843e+29 5.386e+04 3.645e+10 2.411e+10 +1.252e+10 1.576e+01 1.005e+00 
6.4000e-01 7.582e+00 5.163e+00 2.419e+00 +1.559e+01 -9.910e-01 3.639e-01 2.796e+29 5.368e+04 3.621e+10 2.418e+10 +1.221e+10 1.559e+01 1.005e+00 
6.4320e-01 7.407e+00 5.037e+00 2.370e+00 +1.542e+01 -9.947e-01 3.569e-01 2.751e+29 5.350e+04 3.597e+10 2.425e+10 +1.191e+10 1.542e+01 1.005e+00 
6.4642e-01 7.235e+00 4.914e+00 2.321e+00 +1.525e+01 -9.985e-01 3.499e-01 2.706e+29 5.333e+04 3.574e+10 2.431e+10 +1.161e+10 1.525e+01 1.005e+00 
6.4964e-01 7.066e+00 4.793e+00 2.273e+00 +1.509e+01 -1.002e+00 3.430e-01 2.662e+29 5.316e+04 3.551e+10 2.438e+10 +1.132e+10 1.509e+01 1.005e+00 
6.5286e-01 6.899e+00 4.674e+00 2.225e+00 +1.492e+01 -1.006e+00 3.361e-01 2.619e+29 5.299e+04 3.529e+10 2.445e+10 +1.103e+10 1.492e+01 1.005e+00 
6.5610e-01 6.736e+00 4.558e+00 2.178e+00 +1.476e+01 -1.010e+00 3.294e-01 2.577e+29 5.283e+04 3.507e+10 2.452e+10 +1.074e+10 1.476e+01 1.006e+00 
6.5934e-01 6.574e+00 4.443e+00 2.131e+00 +1.461e+01 -1.014e+00 3.227e-01 2.536e+29 5.266e+04 3.485e+10 2.459e+10 +1.046e+10 1.461e+01 1.006e+00 
6.6260e-01 6.416e+00 4.331e+00 2.085e+00 +1.445e+01 -1.018e+00 3.161e-01 2.496e+29 5.250e+04 3.464e+10 2.466e+10 +1.018e+10 1.445e+01 1.006e+00 
6.6586e-01 6.260e+00 4.220e+00 2.039e+00 +1.430e+01 -1.022e+00 3.095e-01 2.456e+29 5.234e+04 3.443e+10 2.472e+10 +9.910e+09 1.430e+01 1.006e+00 
6.6912e-01 6.106e+00 4.112e+00 1.994e+00 +1.415e+01 -1.026e+00 3.030e-01 2.418e+29 5.219e+04 3.422e+10 2.479e+10 +9.640e+09 1.415e+01 1.006e+00 
6.7240e-01 5.955e+00 4.005e+00 1.950e+00 +1.400e+01 -1.030e+00 2.966e-01 2.380e+29 5.203e+04 3.402e+10 2.486e+10 +9.375e+09 1.400e+01 1.006e+00 
6.7568e-01 5.806e+00 3.901e+00 1.906e+00 +1.386e+01 -1.034e+00 2.903e-01 2.344e+29 5.188e+04 3.382e+10 2.493e+10 +9.113e+09 1.386e+01 1.006e+00 
6.7898e-01 5.660e+00 3.798e+00 1.862e+00 +1.372e+01 -1.038e+00 2.840e-01 2.308e+29 5.173e+04 3.363e+10 2.499e+10 +8.856e+09 1.372e+01 1.007e+00 
6.8228e-01 5.516e+00 3.697e+00 1.819e+00 +1.358e+01 -1.042e+00 2.779e-01 2.272e+29 5.159e+04 3.344e+10 2.506e+10 +8.602e+09 1.358e+01 1.007e+00 
6.8558e-01 5.375e+00 3.598e+00 1.777e+00 +1.344e+01 -1.047e+00 2.717e-01 2.238e+29 5.144e+04 3.326e+10 2.513e+10 +8.353e+09 1.344e+01 1.007e+00 
6.8890e-01 5.236e+00 3.501e+00 1.735e+00 +1.330e+01 -1.051e+00 2.657e-01 2.204e+29 5.130e+04 3.307e+10 2.520e+10 +8.108e+09 1.330e+01 1.007e+00 
6.9222e-01 5.099e+00 3.406e+00 1.693e+00 +1.317e+01 -1.055e+00 2.597e-01 2.172e+29 5.116e+04 3.290e+10 2.526e+10 +7.867e+09 1.317e+01 1.007e+00 
6.9556e-01 4.965e+00 3.312e+00 1.652e+00 +1.304e+01 -1.059e+00 2.538e-01 2.140e+29 5.103e+04 3.272e+10 2.533e+10 +7.629e+09 1.304e+01 1.007e+00 
6.9890e-01 4.833e+00 3.221e+00 1.612e+00 +1.291e+01 -1.063e+00 2.479e-01 2.108e+29 5.090e+04 3.255e+10 2.540e+10 +7.396e+09 1.291e+01 1.007e+00 
7.0224e-01 4.703e+00 3.131e+00 1.572e+00 +1.279e+01 -1.068e+00 2.422e-01 2.077e+29 5.077e+04 3.239e+10 2.546e+10 +7.167e+09 1.279e+01 1.008e+00 
7.0560e-01 4.575e+00 3.042e+00 1.533e+00 +1.267e+01 -1.072e+00 2.364e-01 2.047e+29 5.064e+04 3.223e+10 2.553e+10 +6.942e+09 1.267e+01 1.008e+00 
7.0896e-01 4.450e+00 2.956e+00 1.494e+00 +1.254e+01 -1.076e+00 2.308e-01 2.018e+29 5.052e+04 3.207e+10 2.560e+10 +6.720e+09 1.254e+01 1.008e+00 
7.1234e-01 4.326e+00 2.871e+00 1.456e+00 +1.243e+01 -1.081e+00 2.252e-01 1.989e+29 5.039e+04 3.191e+10 2.566e+10 +6.503e+09 1.243e+01 1.008e+00 
7.1572e-01 4.205e+00 2.787e+00 1.418e+00 +1.231e+01 -1.085e+00 2.197e-01 1.961e+29 5.028e+04 3.176e+10 2.573e+10 +6.290e+09 1.231e+01 1.008e+00 
7.1910e-01 4.086e+00 2.706e+00 1.381e+00 +1.219e+01 -1.089e+00 2.143e-01 1.934e+29 5.016e+04 3.162e+10 2.580e+10 +6.081e+09 1.219e+01 1.008e+00 
7.2250e-01 3.969e+00 2.625e+00 1.344e+00 +1.208e+01 -1.094e+00 2.089e-01 1.907e+29 5.005e+04 3.148e+10 2.587e+10 +5.875e+09 1.208e+01 1.008e+00 
7.2590e-01 3.854e+00 2.547e+00 1.308e+00 +1.197e+01 -1.098e+00 2.036e-01 1.881e+29 4.994e+04 3.134e+10 2.593e+10 +5.674e+09 1.197e+01 1.009e+00 
7.2932e-01 3.742e+00 2.470e+00 1.272e+00 +1.186e+01 -1.102e+00 1.984e-01 1.856e+29 4.983e+04 3.120e+10 2.600e+10 +5.477e+09 1.186e+01 1.009e+00 
7.3274e-01 3.631e+00 2.394e+00 1.237e+00 +1.176e+01 -1.107e+00 1.932e-01 1.831e+29 4.973e+04 3.107e+10 2.607e+10 +5.283e+09 1.176e+01 1.009e+00 
7.3616e-01 3.522e+00 2.320e+00 1.202e+00 +1.165e+01 -1.111e+00 1.881e-01 1.806e+29 4.963e+04 3.095e+10 2.614e+10 +5.094e+09 1.165e+01 1.009e+00 
7.3960e-01 3.415e+00 2.247e+00 1.168e+00 +1.155e+01 -1.115e+00 1.831e-01 1.783e+29 4.953e+04 3.083e+10 2.620e+10 +4.908e+09 1.155e+01 1.009e+00 
7.4304e-01 3.310e+00 2.176e+00 1.134e+00 +1.145e+01 -1.120e+00 1.781e-01 1.759e+29 4.944e+04 3.071e+10 2.627e+10 +4.726e+09 1.145e+01 1.009e+00 
7.4650e-01 3.208e+00 2.107e+00 1.101e+00 +1.135e+01 -1.124e+00 1.732e-01 1.737e+29 4.934e+04 3.060e+10 2.634e+10 +4.548e+09 1.135e+01 1.010e+00 
7.4996e-01 3.107e+00 2.038e+00 1.068e+00 +1.125e+01 -1.128e+00 1.684e-01 1.715e+29 4.926e+04 3.049e+10 2.641e+10 +4.374e+09 1.125e+01 1.010e+00 
7.5342e-01 3.008e+00 1.972e+00 1.036e+00 +1.116e+01 -1.132e+00 1.636e-01 1.693e+29 4.917e+04 3.038e+10 2.648e+10 +4.204e+09 1.116e+01 1.010e+00 
7.5690e-01 2.910e+00 1.906e+00 1.004e+00 +1.107e+01 -1.137e+00 1.589e-01 1.672e+29 4.909e+04 3.028e+10 2.655e+10 +4.038e+09 1.107e+01 1.010e+00 
7.6038e-01 2.815e+00 1.842e+00 9.731e-01 +1.097e+01 -1.141e+00 1.543e-01 1.651e+29 4.901e+04 3.018e+10 2.662e+10 +3.875e+09 1.097e+01 1.010e+00 
7.6388e-01 2.722e+00 1.779e+00 9.424e-01 +1.089e+01 -1.145e+00 1.497e-01 1.631e+29 4.894e+04 3.009e+10 2.669e+10 +3.716e+09 1.089e+01 1.010e+00 
7.6738e-01 2.630e+00 1.718e+00 9.122e-01 +1.080e+01 -1.149e+00 1.452e-01 1.612e+29 4.886e+04 3.000e+10 2.676e+10 +3.562e+09 1.080e+01 1.011e+00 
7.7088e-01 2.541e+00 1.658e+00 8.826e-01 +1.071e+01 -1.154e+00 1.408e-01 1.593e+29 4.879e+04 2.992e+10 2.683e+10 +3.410e+09 1.071e+01 1.011e+00 
7.7440e-01 2.453e+00 1.599e+00 8.534e-01 +1.063e+01 -1.158e+00 1.364e-01 1.574e+29 4.873e+04 2.984e+10 2.690e+10 +3.263e+09 1.063e+01 1.011e+00 
7.7792e-01 2.366e+00 1.542e+00 8.247e-01 +1.055e+01 -1.162e+00 1.321e-01 1.556e+29 4.867e+04 2.976e+10 2.697e+10 +3.119e+09 1.055e+01 1.011e+00 
7.8146e-01 2.282e+00 1.485e+00 7.966e-01 +1.047e+01 -1.166e+00 1.279e-01 1.538e+29 4.861e+04 2.969e+10 2.705e+10 +2.980e+09 1.047e+01 1.011e+00 
7.8500e-01 2.199e+00 1.430e+00 7.689e-01 +1.039e+01 -1.170e+00 1.237e-01 1.521e+29 4.855e+04 2.963e+10 2.712e+10 +2.843e+09 1.039e+01 1.011e+00 
7.8854e-01 2.119e+00 1.377e+00 7.418e-01 +1.031e+01 -1.174e+00 1.196e-01 1.504e+29 4.850e+04 2.956e+10 2.719e+10 +2.711e+09 1.031e+01 1.012e+00 
7.9210e-01 2.039e+00 1.324e+00 7.151e-01 +1.024e+01 -1.178e+00 1.155e-01 1.488e+29 4.846e+04 2.950e+10 2.727e+10 +2.582e+09 1.024e+01 1.012e+00 
7.9566e-01 1.962e+00 1.273e+00 6.889e-01 +1.016e+01 -1.182e+00 1.116e-01 1.472e+29 4.841e+04 2.945e+10 2.735e+10 +2.457e+09 1.016e+01 1.012e+00 
7.9924e-01 1.886e+00 1.223e+00 6.632e-01 +1.009e+01 -1.186e+00 1.077e-01 1.456e+29 4.837e+04 2.940e+10 2.742e+10 +2.335e+09 1.009e+01 1.012e+00 
8.0282e-01 1.812e+00 1.174e+00 6.381e-01 +1.002e+01 -1.190e+00 1.038e-01 1.441e+29 4.833e+04 2.936e+10 2.750e+10 +2.217e+09 1.002e+01 1.012e+00 
8.0640e-01 1.740e+00 1.126e+00 6.134e-01 +9.951e+00 -1.194e+00 1.000e-01 1.426e+29 4.830e+04 2.932e+10 2.758e+10 +2.103e+09 9.951e+00 1.012e+00 
8.1000e-01 1.669e+00 1.080e+00 5.892e-01 +9.884e+00 -1.198e+00 9.632e-02 1.412e+29 4.827e+04 2.928e+10 2.766e+10 +1.992e+09 9.884e+00 1.013e+00 
8.1360e-01 1.600e+00 1.034e+00 5.655e-01 +9.819e+00 -1.201e+00 9.267e-02 1.398e+29 4.824e+04 2.925e+10 2.774e+10 +1.885e+09 9.819e+00 1.013e+00 
8.1722e-01 1.532e+00 9.898e-01 5.423e-01 +9.755e+00 -1.205e+00 8.909e-02 1.384e+29 4.822e+04 2.922e+10 2.782e+10 +1.781e+09 9.755e+00 1.013e+00 
8.2084e-01 1.466e+00 9.465e-01 5.196e-01 +9.693e+00 -1.209e+00 8.558e-02 1.371e+29 4.820e+04 2.920e+10 2.790e+10 +1.680e+09 9.693e+00 1.013e+00 
8.2446e-01 1.402e+00 9.044e-01 4.974e-01 +9.632e+00 -1.212e+00 8.213e-02 1.358e+29 4.819e+04 2.918e+10 2.799e+10 +1.583e+09 9.632e+00 1.013e+00 
8.2810e-01 1.339e+00 8.634e-01 4.757e-01 +9.573e+00 -1.216e+00 7.875e-02 1.346e+29 4.818e+04 2.917e+10 2.807e+10 +1.490e+09 9.573e+00 1.013e+00 
8.3174e-01 1.278e+00 8.235e-01 4.545e-01 +9.515e+00 -1.219e+00 7.544e-02 1.333e+29 4.817e+04 2.916e+10 2.816e+10 +1.400e+09 9.515e+00 1.014e+00 
8.3540e-01 1.218e+00 7.846e-01 4.338e-01 +9.459e+00 -1.223e+00 7.219e-02 1.322e+29 4.817e+04 2.916e+10 2.825e+10 +1.313e+09 9.459e+00 1.014e+00 
8.3906e-01 1.160e+00 7.467e-01 4.135e-01 +9.404e+00 -1.226e+00 6.901e-02 1.310e+29 4.817e+04 2.916e+10 2.834e+10 +1.229e+09 9.404e+00 1.014e+00 
8.4272e-01 1.104e+00 7.100e-01 3.938e-01 +9.351e+00 -1.230e+00 6.590e-02 1.299e+29 4.818e+04 2.917e+10 2.843e+10 +1.149e+09 9.351e+00 1.014e+00 
8.4640e-01 1.049e+00 6.742e-01 3.745e-01 +9.300e+00 -1.233e+00 6.286e-02 1.288e+29 4.819e+04 2.918e+10 2.852e+10 +1.072e+09 9.300e+00 1.014e+00 
8.5008e-01 9.953e-01 6.395e-01 3.558e-01 +9.249e+00 -1.236e+00 5.988e-02 1.278e+29 4.820e+04 2.919e+10 2.862e+10 +9.978e+08 9.249e+00 1.014e+00 
8.5378e-01 9.433e-01 6.058e-01 3.375e-01 +9.200e+00 -1.239e+00 5.697e-02 1.268e+29 4.822e+04 2.921e+10 2.871e+10 +9.270e+08 9.200e+00 1.015e+00 
8.5748e-01 8.928e-01 5.731e-01 3.197e-01 +9.153e+00 -1.242e+00 5.413e-02 1.258e+29 4.824e+04 2.924e+10 2.881e+10 +8.593e+08 9.153e+00 1.015e+00 
8.6118e-01 8.438e-01 5.414e-01 3.024e-01 +9.107e+00 -1.245e+00 5.135e-02 1.249e+29 4.826e+04 2.927e+10 2.891e+10 +7.947e+08 9.107e+00 1.015e+00 
8.6490e-01 7.963e-01 5.107e-01 2.856e-01 +9.062e+00 -1.248e+00 4.865e-02 1.239e+29 4.829e+04 2.931e+10 2.902e+10 +7.332e+08 9.062e+00 1.015e+00 
8.6862e-01 7.502e-01 4.809e-01 2.693e-01 +9.019e+00 -1.251e+00 4.601e-02 1.231e+29 4.833e+04 2.935e+10 2.912e+10 +6.746e+08 9.019e+00 1.015e+00 
8.7236e-01 7.056e-01 4.521e-01 2.535e-01 +8.977e+00 -1.254e+00 4.344e-02 1.222e+29 4.837e+04 2.940e+10 2.923e+10 +6.189e+08 8.977e+00 1.015e+00 
8.7610e-01 6.624e-01 4.243e-01 2.381e-01 +8.937e+00 -1.257e+00 4.094e-02 1.214e+29 4.841e+04 2.945e+10 2.934e+10 +5.661e+08 8.937e+00 1.015e+00 
8.7984e-01 6.207e-01 3.974e-01 2.233e-01 +8.898e+00 -1.259e+00 3.852e-02 1.206e+29 4.846e+04 2.951e+10 2.945e+10 +5.161e+08 8.898e+00 1.016e+00 
8.8360e-01 5.804e-01 3.715e-01 2.089e-01 +8.860e+00 -1.262e+00 3.616e-02 1.198e+29 4.851e+04 2.957e+10 2.957e+10 +4.689e+08 8.860e+00 1.016e+00 
8.8736e-01 5.415e-01 3.465e-01 1.950e-01 +8.824e+00 -1.264e+00 3.387e-02 1.191e+29 4.857e+04 2.964e+10 2.969e+10 +4.244e+08 8.824e+00 1.016e+00 
8.9114e-01 5.040e-01 3.224e-01 1.816e-01 +8.789e+00 -1.267e+00 3.165e-02 1.184e+29 4.863e+04 2.972e+10 2.981e+10 +3.826e+08 8.789e+00 1.016e+00 
8.9492e-01 4.680e-01 2.993e-01 1.687e-01 +8.755e+00 -1.269e+00 2.950e-02 1.177e+29 4.870e+04 2.980e+10 2.993e+10 +3.434e+08 8.755e+00 1.016e+00 
8.9870e-01 4.333e-01 2.770e-01 1.562e-01 +8.723e+00 -1.272e+00 2.742e-02 1.170e+29 4.877e+04 2.989e+10 3.006e+10 +3.067e+08 8.723e+00 1.016e+00 
9.0250e-01 4.000e-01 2.557e-01 1.443e-01 +8.692e+00 -1.274e+00 2.542e-02 1.164e+29 4.884e+04 2.998e+10 3.019e+10 +2.725e+08 8.692e+00 1.016e+00 
9.0630e-01 3.681e-01 2.353e-01 1.328e-01 +8.662e+00 -1.276e+00 2.349e-02 1.158e+29 4.892e+04 3.008e+10 3.033e+10 +2.407e+08 8.662e+00 1.016e+00 
9.1012e-01 3.375e-01 2.157e-01 1.218e-01 +8.633e+00 -1.278e+00 2.163e-02 1.153e+29 4.901e+04 3.018e+10 3.047e+10 +2.113e+08 8.633e+00 1.016e+00 
9.1394e-01 3.083e-01 1.971e-01 1.113e-01 +8.606e+00 -1.280e+00 1.984e-02 1.147e+29 4.910e+04 3.029e+10 3.061e+10 +1.842e+08 8.606e+00 1.017e+00 
9.1776e-01 2.805e-01 1.793e-01 1.012e-01 +8.580e+00 -1.282e+00 1.812e-02 1.142e+29 4.919e+04 3.041e+10 3.075e+10 +1.592e+08 8.580e+00 1.017e+00 
9.2160e-01 2.541e-01 1.624e-01 9.168e-02 +8.556e+00 -1.284e+00 1.648e-02 1.137e+29 4.929e+04 3.053e+10 3.091e+10 +1.365e+08 8.556e+00 1.017e+00 
9.2544e-01 2.289e-01 1.463e-01 8.261e-02 +8.532e+00 -1.285e+00 1.492e-02 1.132e+29 4.939e+04 3.066e+10 3.106e+10 +1.157e+08 8.532e+00 1.017e+00 
9.2930e-01 2.052e-01 1.311e-01 7.400e-02 +8.510e+00 -1.287e+00 1.342e-02 1.128e+29 4.950e+04 3.080e+10 3.122e+10 +9.703e+07 8.510e+00 1.017e+00 
9.3316e-01 1.827e-01 1.168e-01 6.588e-02 +8.489e+00 -1.289e+00 1.201e-02 1.124e+29 4.962e+04 3.094e+10 3.138e+10 +8.023e+07 8.489e+00 1.017e+00 
9.3702e-01 1.616e-01 1.033e-01 5.823e-02 +8.470e+00 -1.290e+00 1.067e-02 1.120e+29 4.974e+04 3.109e+10 3.155e+10 +6.525e+07 8.470e+00 1.017e+00 
9.4090e-01 1.418e-01 9.071e-02 5.106e-02 +8.451e+00 -1.292e+00 9.401e-03 1.116e+29 4.986e+04 3.124e+10 3.173e+10 +5.203e+07 8.451e+00 1.017e+00 
9.4478e-01 1.233e-01 7.892e-02 4.436e-02 +8.434e+00 -1.293e+00 8.213e-03 1.113e+29 4.999e+04 3.141e+10 3.191e+10 +4.047e+07 8.434e+00 1.017e+00 
9.4868e-01 1.061e-01 6.797e-02 3.813e-02 +8.418e+00 -1.294e+00 7.102e-03 1.110e+29 5.013e+04 3.158e+10 3.209e+10 +3.048e+07 8.418e+00 1.017e+00 
9.5258e-01 9.023e-02 5.785e-02 3.238e-02 +8.404e+00 -1.295e+00 6.069e-03 1.107e+29 5.027e+04 3.175e+10 3.228e+10 +2.197e+07 8.404e+00 1.017e+00 
9.5648e-01 7.566e-02 4.855e-02 2.710e-02 +8.390e+00 -1.296e+00 5.115e-03 1.104e+29 5.041e+04 3.194e+10 3.248e+10 +1.485e+07 8.390e+00 1.017e+00 
9.6040e-01 6.238e-02 4.008e-02 2.230e-02 +8.378e+00 -1.297e+00 4.240e-03 1.102e+29 5.056e+04 3.213e+10 3.268e+10 +9.026e+06 8.378e+00 1.017e+00 
9.6432e-01 5.039e-02 3.243e-02 1.796e-02 +8.367e+00 -1.298e+00 3.445e-03 1.100e+29 5.072e+04 3.233e+10 3.289e+10 +4.394e+06 8.367e+00 1.017e+00 
9.6826e-01 3.970e-02 2.560e-02 1.410e-02 +8.357e+00 -1.299e+00 2.730e-03 1.098e+29 5.088e+04 3.253e+10 3.310e+10 +8.571e+05 8.357e+00 1.018e+00 
9.7220e-01 3.028e-02 1.958e-02 1.070e-02 +8.348e+00 -1.300e+00 2.097e-03 1.096e+29 5.105e+04 3.275e+10 3.333e+10 -1.688e+06 8.348e+00 1.018e+00 
9.7614e-01 2.214e-02 1.437e-02 7.771e-03 +8.341e+00 -1.301e+00 1.545e-03 1.095e+29 5.122e+04 3.297e+10 3.355e+10 -3.345e+06 8.341e+00 1.018e+00 
9.8010e-01 1.528e-02 9.973e-03 5.311e-03 +8.335e+00 -1.301e+00 1.077e-03 1.093e+29 5.140e+04 3.320e+10 3.379e+10 -4.212e+06 8.335e+00 1.018e+00 
9.8406e-01 9.696e-03 6.377e-03 3.319e-03 +8.330e+00 -1.302e+00 6.912e-04 1.092e+29 5.159e+04 3.344e+10 3.403e+10 -4.390e+06 8.330e+00 1.018e+00 
9.8804e-01 5.376e-03 3.584e-03 1.792e-03 +8.326e+00 -1.302e+00 3.901e-04 1.092e+29 5.178e+04 3.369e+10 3.429e+10 -3.972e+06 8.326e+00 1.018e+00 
9.9202e-01 2.322e-03 1.592e-03 7.303e-04 +8.323e+00 -1.303e+00 1.739e-04 1.091e+29 5.197e+04 3.394e+10 3.454e+10 -3.036e+06 8.323e+00 1.018e+00 
9.9600e-01 5.311e-04 3.978e-04 1.334e-04 +8.321e+00 -1.303e+00 4.364e-05 1.091e+29 5.217e+04 3.421e+10 3.481e+10 -1.645e+06 8.321e+00 1.018e+00 
1.0000e+00 2.000e-10 1.000e-10 1.000e-10 +8.321e+00 +0.000e+00 1.102e-11 1.091e+29 5.238e+04 3.448e+10 3.509e+10 -1.116e+03 8.321e+00 1.018e+00 
