# All units in Hartree [AU] if not specified
# Convergence: Err(φ)=-inf, Err(n_e)=7.805e-10, Err(IET)=9.933e-13, Q_net=8.315e-08
# {"name":"Al", "Z":13, "Zstar":3.6245879239879537, "A":26.981539,  "μ[AU]": 5.6772264687e-02, "Te[AU]": 3.675e-01, "Ti[AU]": 3.675e-02, "rs[AU]": 2.990e+00 }
   r[AU]           n[AU]           nf[AU]          nb[AU]          n_ion[AU]       φtot[AU]        δVxc/δρ[Au]     U_ei[AU]        U_ii[AU]        g_ii            
   1.000000e-03    1.413586e+05    1.003569e+00    1.413576e+05    0.000000e+00    1.294727e+04   -3.865966e+01    6.536853e+00    5.878786e+03    0.000000e+00
   1.027128e-03    1.357813e+05    9.578018e-01    1.357803e+05    0.000000e+00    1.260393e+04   -3.814645e+01    6.400824e+00    5.858853e+03    0.000000e+00
   1.054991e-03    1.304236e+05    1.001376e+00    1.304226e+05    0.000000e+00    1.226965e+04   -3.764004e+01    6.530398e+00    5.838380e+03    0.000000e+00
   1.083610e-03    1.252768e+05    9.811122e-01    1.252758e+05    0.000000e+00    1.194421e+04   -3.714032e+01    6.470301e+00    5.817351e+03    0.000000e+00
   1.113006e-03    1.203325e+05    9.052750e-01    1.203316e+05    0.000000e+00    1.162736e+04   -3.664721e+01    6.242468e+00    5.795752e+03    0.000000e+00
   1.143199e-03    1.155831e+05    9.362461e-01    1.155822e+05    0.000000e+00    1.131888e+04   -3.616063e+01    6.336271e+00    5.773567e+03    0.000000e+00
   1.174211e-03    1.110207e+05    9.441734e-01    1.110197e+05    0.000000e+00    1.101855e+04   -3.568049e+01    6.360121e+00    5.750780e+03    0.000000e+00
   1.206065e-03    1.066379e+05    9.015459e-01    1.066370e+05    0.000000e+00    1.072616e+04   -3.520668e+01    6.231034e+00    5.727375e+03    0.000000e+00
   1.238782e-03    1.024276e+05    8.639486e-01    1.024268e+05    0.000000e+00    1.044149e+04   -3.473915e+01    6.115779e+00    5.703335e+03    0.000000e+00
   1.272387e-03    9.838329e+04    8.952800e-01    9.838239e+04    0.000000e+00    1.016433e+04   -3.427780e+01    6.211901e+00    5.678643e+03    0.000000e+00
   1.306904e-03    9.449816e+04    8.806276e-01    9.449728e+04    0.000000e+00    9.894503e+03   -3.382255e+01    6.167167e+00    5.653281e+03    0.000000e+00
   1.342357e-03    9.076601e+04    8.259463e-01    9.076518e+04    0.000000e+00    9.631800e+03   -3.337331e+01    5.997615e+00    5.627231e+03    0.000000e+00
   1.378772e-03    8.718090e+04    8.366931e-01    8.718007e+04    0.000000e+00    9.376036e+03   -3.293001e+01    6.031210e+00    5.600474e+03    0.000000e+00
   1.416175e-03    8.373700e+04    8.456092e-01    8.373615e+04    0.000000e+00    9.127030e+03   -3.249257e+01    6.058822e+00    5.572992e+03    0.000000e+00
   1.454592e-03    8.042871e+04    8.179516e-01    8.042789e+04    0.000000e+00    8.884601e+03   -3.206091e+01    5.972400e+00    5.544764e+03    0.000000e+00
   1.494051e-03    7.725071e+04    7.703793e-01    7.724993e+04    0.000000e+00    8.648577e+03   -3.163495e+01    5.821568e+00    5.515770e+03    0.000000e+00
   1.534581e-03    7.419796e+04    7.987957e-01    7.419716e+04    0.000000e+00    8.418787e+03   -3.121462e+01    5.912110e+00    5.485990e+03    0.000000e+00
   1.576211e-03    7.126544e+04    7.939253e-01    7.126464e+04    0.000000e+00    8.195069e+03   -3.079984e+01    5.896563e+00    5.455402e+03    0.000000e+00
   1.618969e-03    6.844841e+04    7.600518e-01    6.844765e+04    0.000000e+00    7.977260e+03   -3.039053e+01    5.788647e+00    5.423984e+03    0.000000e+00
   1.662888e-03    6.574238e+04    7.424014e-01    6.574164e+04    0.000000e+00    7.765206e+03   -2.998663e+01    5.731649e+00    5.391713e+03    0.000000e+00
   1.707998e-03    6.314299e+04    7.566420e-01    6.314223e+04    0.000000e+00    7.558754e+03   -2.958807e+01    5.777681e+00    5.358568e+03    0.000000e+00
   1.754332e-03    6.064598e+04    7.442997e-01    6.064524e+04    0.000000e+00    7.357756e+03   -2.919476e+01    5.737744e+00    5.324523e+03    0.000000e+00
   1.801923e-03    5.824734e+04    7.088629e-01    5.824664e+04    0.000000e+00    7.162068e+03   -2.880663e+01    5.622341e+00    5.289555e+03    0.000000e+00
   1.850804e-03    5.594325e+04    7.082034e-01    5.594254e+04    0.000000e+00    6.971551e+03   -2.842364e+01    5.620164e+00    5.253638e+03    0.000000e+00
   1.901012e-03    5.372996e+04    7.139959e-01    5.372924e+04    0.000000e+00    6.786067e+03   -2.804569e+01    5.639211e+00    5.216746e+03    0.000000e+00
   1.952582e-03    5.160387e+04    6.985200e-01    5.160317e+04    0.000000e+00    6.605483e+03   -2.767273e+01    5.588252e+00    5.178854e+03    0.000000e+00
   2.005551e-03    4.956154e+04    6.647899e-01    4.956088e+04    0.000000e+00    6.429670e+03   -2.730468e+01    5.475992e+00    5.139934e+03    0.000000e+00
   2.059956e-03    4.759975e+04    6.714851e-01    4.759908e+04    0.000000e+00    6.258503e+03   -2.694150e+01    5.498488e+00    5.099958e+03    0.000000e+00
   2.115838e-03    4.571527e+04    6.729002e-01    4.571460e+04    0.000000e+00    6.091858e+03   -2.658309e+01    5.503213e+00    5.058898e+03    0.000000e+00
   2.173235e-03    4.390506e+04    6.573820e-01    4.390441e+04    0.000000e+00    5.929617e+03   -2.622941e+01    5.451082e+00    5.016724e+03    0.000000e+00
   2.232190e-03    4.216619e+04    6.272663e-01    4.216557e+04    0.000000e+00    5.771662e+03   -2.588039e+01    5.348996e+00    4.973406e+03    0.000000e+00
   2.292744e-03    4.049591e+04    6.342461e-01    4.049527e+04    0.000000e+00    5.617881e+03   -2.553597e+01    5.372813e+00    4.928912e+03    0.000000e+00
   2.354940e-03    3.889147e+04    6.340827e-01    3.889083e+04    0.000000e+00    5.468163e+03   -2.519609e+01    5.372258e+00    4.883212e+03    0.000000e+00
   2.418824e-03    3.735027e+04    6.204290e-01    3.734965e+04    0.000000e+00    5.322401e+03   -2.486067e+01    5.325488e+00    4.836272e+03    0.000000e+00
   2.484440e-03    3.586983e+04    5.951146e-01    3.586923e+04    0.000000e+00    5.180491e+03   -2.452968e+01    5.238266e+00    4.788059e+03    0.000000e+00
   2.551837e-03    3.444779e+04    5.973930e-01    3.444720e+04    0.000000e+00    5.042331e+03   -2.420304e+01    5.246152e+00    4.738537e+03    0.000000e+00
   2.621062e-03    3.308183e+04    5.975267e-01    3.308124e+04    0.000000e+00    4.907822e+03   -2.388070e+01    5.246613e+00    4.687672e+03    0.000000e+00
   2.692165e-03    3.176974e+04    5.868538e-01    3.176915e+04    0.000000e+00    4.776867e+03   -2.356260e+01    5.209408e+00    4.635428e+03    0.000000e+00
   2.765197e-03    3.050938e+04    5.668586e-01    3.050881e+04    0.000000e+00    4.649373e+03   -2.324869e+01    5.139222e+00    4.581766e+03    0.000000e+00
   2.840210e-03    2.929875e+04    5.610742e-01    2.929819e+04    0.000000e+00    4.525249e+03   -2.293890e+01    5.118924e+00    4.526649e+03    0.000000e+00
   2.917258e-03    2.813589e+04    5.626786e-01    2.813533e+04    0.000000e+00    4.404404e+03   -2.263319e+01    5.124575e+00    4.470036e+03    0.000000e+00
   2.996396e-03    2.701890e+04    5.555099e-01    2.701834e+04    0.000000e+00    4.286754e+03   -2.233149e+01    5.099192e+00    4.411887e+03    0.000000e+00
   3.077681e-03    2.594597e+04    2.644629e+00    2.594332e+04    0.000000e+00    4.172213e+03   -2.203376e+01    1.061190e+01    4.352161e+03    0.000000e+00
   3.161170e-03    2.491537e+04    2.604385e+00    2.491277e+04    0.000000e+00    4.060699e+03   -2.173994e+01    1.052437e+01    4.290815e+03    0.000000e+00
   3.246925e-03    2.392547e+04    2.575128e+00    2.392289e+04    0.000000e+00    3.952133e+03   -2.144998e+01    1.045987e+01    4.227805e+03    0.000000e+00
   3.335006e-03    2.297462e+04    2.542449e+00    2.297208e+04    0.000000e+00    3.846436e+03   -2.116382e+01    1.038828e+01    4.163085e+03    0.000000e+00
   3.425477e-03    2.206130e+04    2.506917e+00    2.205880e+04    0.000000e+00    3.743533e+03   -2.088142e+01    1.030962e+01    4.096610e+03    0.000000e+00
   3.518402e-03    2.118403e+04    2.469016e+00    2.118156e+04    0.000000e+00    3.643351e+03   -2.060273e+01    1.022557e+01    4.028331e+03    0.000000e+00
   3.613847e-03    2.034140e+04    2.435680e+00    2.033897e+04    0.000000e+00    3.545816e+03   -2.032769e+01    1.015120e+01    3.958201e+03    0.000000e+00
   3.711882e-03    1.953205e+04    2.406484e+00    1.952964e+04    0.000000e+00    3.450860e+03   -2.005626e+01    1.008565e+01    3.886167e+03    0.000000e+00
   3.812576e-03    1.875465e+04    2.375003e+00    1.875228e+04    0.000000e+00    3.358414e+03   -1.978839e+01    1.001514e+01    3.812180e+03    0.000000e+00
   3.916002e-03    1.800795e+04    2.341646e+00    1.800561e+04    0.000000e+00    3.268412e+03   -1.952403e+01    9.939378e+00    3.736185e+03    0.000000e+00
   4.022233e-03    1.729074e+04    2.306787e+00    1.728843e+04    0.000000e+00    3.180790e+03   -1.926313e+01    9.860755e+00    3.658129e+03    0.000000e+00
   4.131346e-03    1.660187e+04    2.275576e+00    1.659959e+04    0.000000e+00    3.095484e+03   -1.900564e+01    9.789321e+00    3.577956e+03    0.000000e+00
   4.243420e-03    1.594021e+04    2.247755e+00    1.593797e+04    0.000000e+00    3.012434e+03   -1.875154e+01    9.725936e+00    3.495607e+03    0.000000e+00
   4.358533e-03    1.530470e+04    2.218417e+00    1.530248e+04    0.000000e+00    2.931580e+03   -1.850075e+01    9.658502e+00    3.411025e+03    0.000000e+00
   4.476769e-03    1.469430e+04    2.187879e+00    1.469212e+04    0.000000e+00    2.852864e+03   -1.825325e+01    9.588002e+00    3.324148e+03    0.000000e+00
   4.598213e-03    1.410803e+04    2.156401e+00    1.410587e+04    0.000000e+00    2.776229e+03   -1.800898e+01    9.515190e+00    3.234914e+03    0.000000e+00
   4.722951e-03    1.354492e+04    2.124233e+00    1.354280e+04    0.000000e+00    2.701621e+03   -1.776791e+01    9.440143e+00    3.143260e+03    0.000000e+00
   4.851073e-03    1.300409e+04    2.098343e+00    1.300200e+04    0.000000e+00    2.628986e+03   -1.752999e+01    9.379830e+00    3.049119e+03    0.000000e+00
   4.982671e-03    1.248465e+04    2.071525e+00    1.248258e+04    0.000000e+00    2.558273e+03   -1.729518e+01    9.316550e+00    2.952425e+03    0.000000e+00
   5.117839e-03    1.198574e+04    2.043935e+00    1.198370e+04    0.000000e+00    2.489429e+03   -1.706343e+01    9.251852e+00    2.853107e+03    0.000000e+00
   5.256673e-03    1.150657e+04    2.015775e+00    1.150455e+04    0.000000e+00    2.422407e+03   -1.683471e+01    9.185044e+00    2.751096e+03    0.000000e+00
   5.399273e-03    1.104635e+04    1.987228e+00    1.104437e+04    0.000000e+00    2.357158e+03   -1.660898e+01    9.117296e+00    2.646317e+03    0.000000e+00
   5.545742e-03    1.060434e+04    1.958430e+00    1.060239e+04    0.000000e+00    2.293635e+03   -1.638618e+01    9.048484e+00    2.538695e+03    0.000000e+00
   5.696185e-03    1.017983e+04    1.932593e+00    1.017790e+04    0.000000e+00    2.231792e+03   -1.616630e+01    8.986481e+00    2.428154e+03    0.000000e+00
   5.850708e-03    9.772127e+03    1.907790e+00    9.770219e+03    0.000000e+00    2.171586e+03   -1.594928e+01    8.926877e+00    2.314614e+03    0.000000e+00
   6.009423e-03    9.380561e+03    1.882635e+00    9.378678e+03    0.000000e+00    2.112973e+03   -1.573509e+01    8.865737e+00    2.212302e+03    0.000000e+00
   6.172444e-03    9.004499e+03    1.857271e+00    9.002641e+03    0.000000e+00    2.055911e+03   -1.552368e+01    8.804470e+00    2.172367e+03    0.000000e+00
   6.339887e-03    8.643330e+03    1.831792e+00    8.641499e+03    0.000000e+00    2.000359e+03   -1.531503e+01    8.742061e+00    2.131350e+03    0.000000e+00
   6.511873e-03    8.296469e+03    1.806307e+00    8.294663e+03    0.000000e+00    1.946277e+03   -1.510909e+01    8.679886e+00    2.089219e+03    0.000000e+00
   6.688524e-03    7.963351e+03    1.780891e+00    7.961570e+03    0.000000e+00    1.893627e+03   -1.490583e+01    8.617213e+00    2.045946e+03    0.000000e+00
   6.869967e-03    7.643434e+03    1.755623e+00    7.641678e+03    0.000000e+00    1.842370e+03   -1.470522e+01    8.554870e+00    2.001498e+03    0.000000e+00
   7.056332e-03    7.336201e+03    1.732064e+00    7.334469e+03    0.000000e+00    1.792470e+03   -1.450721e+01    8.496381e+00    1.955845e+03    0.000000e+00
   7.247753e-03    7.041152e+03    1.709308e+00    7.039442e+03    0.000000e+00    1.743892e+03   -1.431177e+01    8.439568e+00    1.908954e+03    0.000000e+00
   7.444367e-03    6.757803e+03    1.686570e+00    6.756116e+03    0.000000e+00    1.696600e+03   -1.411887e+01    8.382818e+00    1.860790e+03    0.000000e+00
   7.646314e-03    6.485694e+03    1.663906e+00    6.484030e+03    0.000000e+00    1.650560e+03   -1.392847e+01    8.325544e+00    1.811320e+03    0.000000e+00
   7.853740e-03    6.224382e+03    1.641371e+00    6.222740e+03    0.000000e+00    1.605739e+03   -1.374054e+01    8.268978e+00    1.760508e+03    0.000000e+00
   8.066792e-03    5.973441e+03    1.619002e+00    5.971822e+03    0.000000e+00    1.562106e+03   -1.355504e+01    8.212039e+00    1.708318e+03    0.000000e+00
   8.285624e-03    5.732462e+03    1.596837e+00    5.730865e+03    0.000000e+00    1.519629e+03   -1.337195e+01    8.155814e+00    1.654711e+03    0.000000e+00
   8.510393e-03    5.501053e+03    1.574903e+00    5.499478e+03    0.000000e+00    1.478277e+03   -1.319122e+01    8.099634e+00    1.599651e+03    0.000000e+00
   8.741259e-03    5.278836e+03    1.553225e+00    5.277282e+03    0.000000e+00    1.438020e+03   -1.301284e+01    8.044002e+00    1.543097e+03    0.000000e+00
   8.978388e-03    5.065448e+03    1.531818e+00    5.063916e+03    0.000000e+00    1.398831e+03   -1.283676e+01    7.988820e+00    1.485996e+03    0.000000e+00
   9.221949e-03    4.860542e+03    1.510695e+00    4.859032e+03    0.000000e+00    1.360680e+03   -1.266296e+01    7.933990e+00    1.456156e+03    0.000000e+00
   9.472118e-03    4.663783e+03    1.489870e+00    4.662293e+03    0.000000e+00    1.323540e+03   -1.249140e+01    7.879963e+00    1.425507e+03    0.000000e+00
   9.729073e-03    4.474849e+03    1.469341e+00    4.473380e+03    0.000000e+00    1.287385e+03   -1.232206e+01    7.826058e+00    1.394026e+03    0.000000e+00
   9.992999e-03    4.293433e+03    1.449109e+00    4.291983e+03    0.000000e+00    1.252189e+03   -1.215490e+01    7.773232e+00    1.361691e+03    0.000000e+00
   1.026408e-02    4.119236e+03    1.429177e+00    4.117807e+03    0.000000e+00    1.217926e+03   -1.198990e+01    7.720444e+00    1.328479e+03    0.000000e+00
   1.054252e-02    3.951974e+03    1.409541e+00    3.950565e+03    0.000000e+00    1.184571e+03   -1.182702e+01    7.668694e+00    1.294366e+03    0.000000e+00
   1.082852e-02    3.791374e+03    1.390188e+00    3.789984e+03    0.000000e+00    1.152102e+03   -1.166624e+01    7.617112e+00    1.259327e+03    0.000000e+00
   1.112227e-02    3.637173e+03    1.371111e+00    3.635802e+03    0.000000e+00    1.120494e+03   -1.150753e+01    7.566254e+00    1.223338e+03    0.000000e+00
   1.142399e-02    3.489117e+03    1.352301e+00    3.487765e+03    0.000000e+00    1.089725e+03   -1.135086e+01    7.515801e+00    1.186373e+03    0.000000e+00
   1.173389e-02    3.346965e+03    1.333744e+00    3.345631e+03    0.000000e+00    1.059773e+03   -1.119621e+01    7.465752e+00    1.148405e+03    0.000000e+00
   1.205220e-02    3.210483e+03    1.315426e+00    3.209167e+03    0.000000e+00    1.030615e+03   -1.104354e+01    7.416310e+00    1.113903e+03    0.000000e+00
   1.237915e-02    3.079447e+03    1.297337e+00    3.078150e+03    0.000000e+00    1.002232e+03   -1.089283e+01    7.366959e+00    1.089861e+03    0.000000e+00
   1.271496e-02    2.953642e+03    1.279454e+00    2.952363e+03    0.000000e+00    9.746031e+02   -1.074405e+01    7.318382e+00    1.065167e+03    0.000000e+00
   1.305989e-02    2.832862e+03    1.261766e+00    2.831600e+03    0.000000e+00    9.477079e+02   -1.059718e+01    7.269641e+00    1.039804e+03    0.000000e+00
   1.341417e-02    2.716908e+03    1.244256e+00    2.715663e+03    0.000000e+00    9.215272e+02   -1.045219e+01    7.221697e+00    1.013752e+03    0.000000e+00
   1.377807e-02    2.605588e+03    1.226904e+00    2.604362e+03    0.000000e+00    8.960424e+02   -1.030906e+01    7.173563e+00    9.869937e+02    0.000000e+00
   1.415183e-02    2.498721e+03    1.209693e+00    2.497512e+03    0.000000e+00    8.712351e+02   -1.016776e+01    7.125901e+00    9.595094e+02    0.000000e+00
   1.453574e-02    2.396130e+03    1.192608e+00    2.394938e+03    0.000000e+00    8.470874e+02   -1.002826e+01    7.078178e+00    9.312796e+02    0.000000e+00
   1.493005e-02    2.297646e+03    1.175702e+00    2.296471e+03    0.000000e+00    8.235819e+02   -9.890542e+00    7.030844e+00    9.022840e+02    0.000000e+00
   1.533507e-02    2.203108e+03    1.159737e+00    2.201949e+03    0.000000e+00    8.007018e+02   -9.754585e+00    6.985933e+00    8.819191e+02    0.000000e+00
   1.575107e-02    2.112359e+03    1.143847e+00    2.111215e+03    0.000000e+00    7.784306e+02   -9.620361e+00    6.940930e+00    8.615169e+02    0.000000e+00
   1.617836e-02    2.025249e+03    1.128007e+00    2.024121e+03    0.000000e+00    7.567523e+02   -9.487847e+00    6.896090e+00    8.405613e+02    0.000000e+00
   1.661724e-02    1.941633e+03    1.112200e+00    1.940520e+03    0.000000e+00    7.356512e+02   -9.357020e+00    6.850820e+00    8.190372e+02    0.000000e+00
   1.706802e-02    1.861373e+03    1.096407e+00    1.860277e+03    0.000000e+00    7.151122e+02   -9.227857e+00    6.805800e+00    7.969292e+02    0.000000e+00
   1.753104e-02    1.784337e+03    1.080652e+00    1.783256e+03    0.000000e+00    6.951204e+02   -9.100335e+00    6.760218e+00    7.742215e+02    0.000000e+00
   1.800661e-02    1.710399e+03    1.065940e+00    1.709333e+03    0.000000e+00    6.756615e+02   -8.974435e+00    6.717956e+00    7.518211e+02    0.000000e+00
   1.849509e-02    1.639434e+03    1.051170e+00    1.638383e+03    0.000000e+00    6.567215e+02   -8.850133e+00    6.674934e+00    7.347009e+02    0.000000e+00
   1.899681e-02    1.571325e+03    1.036320e+00    1.570289e+03    0.000000e+00    6.382867e+02   -8.727405e+00    6.631778e+00    7.171163e+02    0.000000e+00
   1.951215e-02    1.505958e+03    1.021377e+00    1.504937e+03    0.000000e+00    6.203438e+02   -8.606232e+00    6.587938e+00    6.990547e+02    0.000000e+00
   2.004146e-02    1.443226e+03    1.007186e+00    1.442219e+03    0.000000e+00    6.028799e+02   -8.486595e+00    6.546245e+00    6.805032e+02    0.000000e+00
   2.058514e-02    1.383024e+03    9.931707e-01    1.382031e+03    0.000000e+00    5.858824e+02   -8.368471e+00    6.504833e+00    6.614484e+02    0.000000e+00
   2.114356e-02    1.325251e+03    9.789853e-01    1.324273e+03    0.000000e+00    5.693390e+02   -8.251838e+00    6.462694e+00    6.437381e+02    0.000000e+00
   2.171714e-02    1.269812e+03    9.649146e-01    1.268847e+03    0.000000e+00    5.532379e+02   -8.136678e+00    6.420807e+00    6.286523e+02    0.000000e+00
   2.230627e-02    1.216614e+03    9.515615e-01    1.215662e+03    0.000000e+00    5.375672e+02   -8.022973e+00    6.380702e+00    6.131573e+02    0.000000e+00
   2.291138e-02    1.165567e+03    9.379616e-01    1.164629e+03    0.000000e+00    5.223159e+02   -7.910700e+00    6.339923e+00    5.972419e+02    0.000000e+00
   2.353291e-02    1.116586e+03    9.244475e-01    1.115662e+03    0.000000e+00    5.074727e+02   -7.799840e+00    6.298906e+00    5.808948e+02    0.000000e+00
   2.417130e-02    1.069591e+03    9.115506e-01    1.068679e+03    0.000000e+00    4.930271e+02   -7.690377e+00    6.259936e+00    5.655647e+02    0.000000e+00
   2.482701e-02    1.024501e+03    8.983375e-01    1.023602e+03    0.000000e+00    4.789686e+02   -7.582289e+00    6.219419e+00    5.521425e+02    0.000000e+00
   2.550051e-02    9.812408e+02    8.856265e-01    9.803552e+02    0.000000e+00    4.652870e+02   -7.475559e+00    6.180699e+00    5.383562e+02    0.000000e+00
   2.619227e-02    9.397382e+02    8.729700e-01    9.388652e+02    0.000000e+00    4.519724e+02   -7.370169e+00    6.141588e+00    5.241959e+02    0.000000e+00
   2.690280e-02    8.999229e+02    8.603301e-01    8.990625e+02    0.000000e+00    4.390151e+02   -7.266099e+00    6.102662e+00    5.096515e+02    0.000000e+00
   2.763261e-02    8.617285e+02    8.481328e-01    8.608804e+02    0.000000e+00    4.264059e+02   -7.163335e+00    6.064671e+00    4.976582e+02    0.000000e+00
   2.838221e-02    8.250895e+02    8.357256e-01    8.242538e+02    0.000000e+00    4.141355e+02   -7.061855e+00    6.026051e+00    4.853739e+02    0.000000e+00
   2.915215e-02    7.899454e+02    8.238826e-01    7.891216e+02    0.000000e+00    4.021952e+02   -6.961646e+00    5.988866e+00    4.727562e+02    0.000000e+00
   2.994298e-02    7.562353e+02    8.118149e-01    7.554235e+02    0.000000e+00    3.905761e+02   -6.862687e+00    5.950903e+00    4.599208e+02    0.000000e+00
   3.075526e-02    7.239034e+02    8.002181e-01    7.231032e+02    0.000000e+00    3.792699e+02   -6.764965e+00    5.914194e+00    4.490210e+02    0.000000e+00
   3.158957e-02    6.928938e+02    7.885538e-01    6.921052e+02    0.000000e+00    3.682685e+02   -6.668461e+00    5.877110e+00    4.378256e+02    0.000000e+00
   3.244652e-02    6.631543e+02    7.770960e-01    6.623772e+02    0.000000e+00    3.575637e+02   -6.573160e+00    5.840542e+00    4.263264e+02    0.000000e+00
   3.332671e-02    6.346344e+02    7.658639e-01    6.338685e+02    0.000000e+00    3.471478e+02   -6.479045e+00    5.804452e+00    4.154852e+02    0.000000e+00
   3.423079e-02    6.072847e+02    7.544947e-01    6.065302e+02    0.000000e+00    3.370134e+02   -6.386100e+00    5.767860e+00    4.053668e+02    0.000000e+00
   3.515938e-02    5.810598e+02    7.436438e-01    5.803162e+02    0.000000e+00    3.271529e+02   -6.294312e+00    5.732629e+00    3.949739e+02    0.000000e+00
   3.611317e-02    5.559139e+02    7.327609e-01    5.551811e+02    0.000000e+00    3.175592e+02   -6.203662e+00    5.697300e+00    3.846964e+02    0.000000e+00
   3.709283e-02    5.318038e+02    7.218558e-01    5.310819e+02    0.000000e+00    3.082253e+02   -6.114137e+00    5.661532e+00    3.754103e+02    0.000000e+00
   3.809907e-02    5.086889e+02    7.113443e-01    5.079775e+02    0.000000e+00    2.991444e+02   -6.025722e+00    5.627102e+00    3.658722e+02    0.000000e+00
   3.913260e-02    4.865288e+02    7.009117e-01    4.858279e+02    0.000000e+00    2.903100e+02   -5.938403e+00    5.592521e+00    3.564271e+02    0.000000e+00
   4.019417e-02    4.652855e+02    6.905201e-01    4.645949e+02    0.000000e+00    2.817154e+02   -5.852163e+00    5.558169e+00    3.477934e+02    0.000000e+00
   4.128454e-02    4.449221e+02    6.802034e-01    4.442419e+02    0.000000e+00    2.733546e+02   -5.766989e+00    5.523580e+00    3.389255e+02    0.000000e+00
   4.240449e-02    4.254037e+02    6.701141e-01    4.247336e+02    0.000000e+00    2.652213e+02   -5.682868e+00    5.489881e+00    3.304019e+02    0.000000e+00
   4.355482e-02    4.066965e+02    6.602048e-01    4.060363e+02    0.000000e+00    2.573096e+02   -5.599786e+00    5.456310e+00    3.222852e+02    0.000000e+00
   4.473635e-02    3.887678e+02    6.503826e-01    3.881174e+02    0.000000e+00    2.496137e+02   -5.517729e+00    5.423196e+00    3.139484e+02    0.000000e+00
   4.594994e-02    3.715862e+02    6.406622e-01    3.709456e+02    0.000000e+00    2.421280e+02   -5.436682e+00    5.389928e+00    3.063464e+02    0.000000e+00
   4.719645e-02    3.551220e+02    6.310533e-01    3.544909e+02    0.000000e+00    2.348470e+02   -5.356634e+00    5.357221e+00    2.986419e+02    0.000000e+00
   4.847677e-02    3.393462e+02    6.215614e-01    3.387246e+02    0.000000e+00    2.277653e+02   -5.277571e+00    5.324403e+00    2.911860e+02    0.000000e+00
   4.979183e-02    3.242312e+02    6.121889e-01    3.236190e+02    0.000000e+00    2.208777e+02   -5.199480e+00    5.292183e+00    2.840056e+02    0.000000e+00
   5.114255e-02    3.097505e+02    6.029343e-01    3.091475e+02    0.000000e+00    2.141791e+02   -5.122349e+00    5.259860e+00    2.768170e+02    0.000000e+00
   5.252993e-02    2.958784e+02    5.937943e-01    2.952846e+02    0.000000e+00    2.076647e+02   -5.046165e+00    5.228118e+00    2.700751e+02    0.000000e+00
   5.395493e-02    2.825905e+02    5.847629e-01    2.820058e+02    0.000000e+00    2.013296e+02   -4.970916e+00    5.196254e+00    2.632175e+02    0.000000e+00
   5.541860e-02    2.698632e+02    5.758323e-01    2.692874e+02    0.000000e+00    1.951691e+02   -4.896589e+00    5.164915e+00    2.568453e+02    0.000000e+00
   5.692197e-02    2.576739e+02    5.669932e-01    2.571069e+02    0.000000e+00    1.891787e+02   -4.823174e+00    5.133415e+00    2.503475e+02    0.000000e+00
   5.846612e-02    2.460008e+02    5.582650e-01    2.454426e+02    0.000000e+00    1.833539e+02   -4.750658e+00    5.102454e+00    2.442889e+02    0.000000e+00
   6.005216e-02    2.348233e+02    5.497345e-01    2.342736e+02    0.000000e+00    1.776904e+02   -4.679031e+00    5.071739e+00    2.381581e+02    0.000000e+00
   6.168123e-02    2.241211e+02    5.412719e-01    2.235798e+02    0.000000e+00    1.721840e+02   -4.608281e+00    5.041390e+00    2.323670e+02    0.000000e+00
   6.335449e-02    2.138748e+02    5.328630e-01    2.133419e+02    0.000000e+00    1.668306e+02   -4.538395e+00    5.010811e+00    2.265978e+02    0.000000e+00
   6.507314e-02    2.040662e+02    5.245731e-01    2.035416e+02    0.000000e+00    1.616262e+02   -4.469364e+00    4.980743e+00    2.210355e+02    0.000000e+00
   6.683841e-02    1.946775e+02    5.164435e-01    1.941611e+02    0.000000e+00    1.565670e+02   -4.401177e+00    4.950874e+00    2.156149e+02    0.000000e+00
   6.865157e-02    1.856914e+02    5.083269e-01    1.851831e+02    0.000000e+00    1.516491e+02   -4.333823e+00    4.921092e+00    2.102489e+02    0.000000e+00
   7.051392e-02    1.770919e+02    5.003897e-01    1.765915e+02    0.000000e+00    1.468689e+02   -4.267292e+00    4.891633e+00    2.051595e+02    0.000000e+00
   7.242679e-02    1.688629e+02    4.924977e-01    1.683704e+02    0.000000e+00    1.422227e+02   -4.201573e+00    4.862326e+00    2.001038e+02    0.000000e+00
   7.439155e-02    1.609895e+02    4.847376e-01    1.605048e+02    0.000000e+00    1.377071e+02   -4.136657e+00    4.833230e+00    1.951847e+02    0.000000e+00
   7.640961e-02    1.534571e+02    4.770270e-01    1.529801e+02    0.000000e+00    1.333187e+02   -4.072533e+00    4.804242e+00    1.904448e+02    0.000000e+00
   7.848241e-02    1.462519e+02    4.694759e-01    1.457824e+02    0.000000e+00    1.290542e+02   -4.009193e+00    4.775636e+00    1.857706e+02    0.000000e+00
   8.061145e-02    1.393602e+02    4.619538e-01    1.388983e+02    0.000000e+00    1.249103e+02   -3.946625e+00    4.746995e+00    1.811994e+02    0.000000e+00
   8.279823e-02    1.327695e+02    4.545596e-01    1.323149e+02    0.000000e+00    1.208839e+02   -3.884821e+00    4.718694e+00    1.768138e+02    0.000000e+00
   8.504435e-02    1.264673e+02    4.472708e-01    1.260200e+02    0.000000e+00    1.169719e+02   -3.823772e+00    4.690573e+00    1.725055e+02    0.000000e+00
   8.735139e-02    1.204416e+02    4.400467e-01    1.200016e+02    0.000000e+00    1.131713e+02   -3.763467e+00    4.662634e+00    1.682853e+02    0.000000e+00
   8.972102e-02    1.146812e+02    4.329006e-01    1.142483e+02    0.000000e+00    1.094793e+02   -3.703900e+00    4.634689e+00    1.641600e+02    0.000000e+00
   9.215493e-02    1.091750e+02    4.258415e-01    1.087492e+02    0.000000e+00    1.058930e+02   -3.645059e+00    4.607100e+00    1.601869e+02    0.000000e+00
   9.465486e-02    1.039127e+02    4.188915e-01    1.034939e+02    0.000000e+00    1.024097e+02   -3.586938e+00    4.579550e+00    1.563005e+02    0.000000e+00
   9.722262e-02    9.888416e+01    4.093502e-01    9.847481e+01    0.000000e+00    9.902661e+01   -3.529528e+00    4.541922e+00    1.525022e+02    0.000000e+00
   9.986002e-02    9.407960e+01    4.034960e-01    9.367610e+01    0.000000e+00    9.574120e+01   -3.472820e+00    4.518428e+00    1.487937e+02    0.000000e+00
   1.025690e-01    8.948974e+01    3.975069e-01    8.909223e+01    0.000000e+00    9.255089e+01   -3.416805e+00    4.494260e+00    1.451752e+02    0.000000e+00
   1.053514e-01    8.510571e+01    3.895758e-01    8.471614e+01    0.000000e+00    8.945320e+01   -3.361477e+00    4.462276e+00    1.416459e+02    0.000000e+00
   1.082093e-01    8.091890e+01    3.853415e-01    8.053356e+01    0.000000e+00    8.644571e+01   -3.306827e+00    4.444760e+00    1.382044e+02    0.000000e+00
   1.111448e-01    7.692104e+01    3.773787e-01    7.654367e+01    0.000000e+00    8.352607e+01   -3.252847e+00    4.412293e+00    1.348487e+02    0.000000e+00
   1.141599e-01    7.310423e+01    3.709569e-01    7.273327e+01    0.000000e+00    8.069199e+01   -3.199529e+00    4.385677e+00    1.315764e+02    0.000000e+00
   1.172568e-01    6.946090e+01    3.669308e-01    6.909397e+01    0.000000e+00    7.794122e+01   -3.146867e+00    4.368787e+00    1.283847e+02    0.000000e+00
   1.204376e-01    6.598379e+01    3.586398e-01    6.562515e+01    0.000000e+00    7.527158e+01   -3.094853e+00    4.334304e+00    1.252709e+02    0.000000e+00
   1.237048e-01    6.266580e+01    3.528495e-01    6.231295e+01    0.000000e+00    7.268096e+01   -3.043478e+00    4.309874e+00    1.222321e+02    0.000000e+00
   1.270606e-01    5.950035e+01    3.483828e-01    5.915197e+01    0.000000e+00    7.016727e+01   -2.992739e+00    4.290703e+00    1.192652e+02    0.000000e+00
   1.305075e-01    5.648083e+01    3.407999e-01    5.614003e+01    0.000000e+00    6.772851e+01   -2.942624e+00    4.258512e+00    1.163672e+02    0.000000e+00
   1.340478e-01    5.360120e+01    3.351636e-01    5.326603e+01    0.000000e+00    6.536270e+01   -2.893131e+00    4.234287e+00    1.135352e+02    0.000000e+00
   1.376842e-01    5.085540e+01    3.310158e-01    5.052438e+01    0.000000e+00    6.306793e+01   -2.844250e+00    4.216008e+00    1.107705e+02    0.000000e+00
   1.414192e-01    4.823773e+01    3.237935e-01    4.791394e+01    0.000000e+00    6.084234e+01   -2.795975e+00    4.184785e+00    1.080829e+02    0.000000e+00
   1.452556e-01    4.574277e+01    3.179820e-01    4.542479e+01    0.000000e+00    5.868409e+01   -2.748300e+00    4.159220e+00    1.054528e+02    0.000000e+00
   1.491960e-01    4.336523e+01    3.133218e-01    4.305190e+01    0.000000e+00    5.659142e+01   -2.701220e+00    4.138414e+00    1.028774e+02    0.000000e+00
   1.532433e-01    4.110004e+01    3.077089e-01    4.079233e+01    0.000000e+00    5.456259e+01   -2.654727e+00    4.113394e+00    1.003709e+02    0.000000e+00
   1.574004e-01    3.894237e+01    3.016303e-01    3.864074e+01    0.000000e+00    5.259592e+01   -2.608815e+00    4.086081e+00    9.792081e+01    0.000000e+00
   1.616703e-01    3.688756e+01    2.964476e-01    3.659111e+01    0.000000e+00    5.068976e+01   -2.563478e+00    4.062615e+00    9.552112e+01    0.000000e+00
   1.660560e-01    3.493113e+01    2.919529e-01    3.463918e+01    0.000000e+00    4.884252e+01   -2.518711e+00    4.041852e+00    9.318654e+01    0.000000e+00
   1.705607e-01    3.306885e+01    2.863997e-01    3.278245e+01    0.000000e+00    4.705261e+01   -2.474509e+00    4.016361e+00    9.089521e+01    0.000000e+00
   1.751876e-01    3.129657e+01    2.807877e-01    3.101578e+01    0.000000e+00    4.531853e+01   -2.430864e+00    3.990415e+00    8.866593e+01    0.000000e+00
   1.799400e-01    2.961032e+01    2.757346e-01    2.933458e+01    0.000000e+00    4.363877e+01   -2.387772e+00    3.966651e+00    8.648035e+01    0.000000e+00
   1.848214e-01    2.800635e+01    2.711235e-01    2.773523e+01    0.000000e+00    4.201190e+01   -2.345227e+00    3.944804e+00    8.434634e+01    0.000000e+00
   1.898351e-01    2.648101e+01    2.666557e-01    2.621436e+01    0.000000e+00    4.043649e+01   -2.303224e+00    3.923359e+00    8.226163e+01    0.000000e+00
   1.949849e-01    2.503083e+01    2.612072e-01    2.476963e+01    0.000000e+00    3.891117e+01   -2.261758e+00    3.897278e+00    8.022023e+01    0.000000e+00
   2.002743e-01    2.365244e+01    2.561354e-01    2.339630e+01    0.000000e+00    3.743458e+01   -2.220823e+00    3.872792e+00    7.822340e+01    0.000000e+00
   2.057073e-01    2.234267e+01    2.513742e-01    2.209129e+01    0.000000e+00    3.600543e+01   -2.180415e+00    3.849443e+00    7.627484e+01    0.000000e+00
   2.112876e-01    2.109841e+01    2.468366e-01    2.085157e+01    0.000000e+00    3.462241e+01   -2.140528e+00    3.826921e+00    7.436767e+01    0.000000e+00
   2.170193e-01    1.991672e+01    2.424646e-01    1.967426e+01    0.000000e+00    3.328429e+01   -2.101158e+00    3.805054e+00    7.250148e+01    0.000000e+00
   2.229065e-01    1.879478e+01    2.382000e-01    1.855658e+01    0.000000e+00    3.198985e+01   -2.062300e+00    3.783406e+00    7.067552e+01    0.000000e+00
   2.289534e-01    1.772986e+01    2.333783e-01    1.749648e+01    0.000000e+00    3.073788e+01   -2.023949e+00    3.759005e+00    6.888884e+01    0.000000e+00
   2.351644e-01    1.671936e+01    2.287424e-01    1.649062e+01    0.000000e+00    2.952724e+01   -1.986101e+00    3.735277e+00    6.714032e+01    0.000000e+00
   2.415438e-01    1.576079e+01    2.242529e-01    1.553654e+01    0.000000e+00    2.835679e+01   -1.948750e+00    3.711967e+00    6.542871e+01    0.000000e+00
   2.480963e-01    1.485178e+01    2.198926e-01    1.463188e+01    0.000000e+00    2.722542e+01   -1.911894e+00    3.689062e+00    6.375271e+01    0.000000e+00
   2.548265e-01    1.399000e+01    2.156225e-01    1.377438e+01    0.000000e+00    2.613205e+01   -1.875526e+00    3.666444e+00    6.211434e+01    0.000000e+00
   2.617393e-01    1.317328e+01    2.114321e-01    1.296184e+01    0.000000e+00    2.507562e+01   -1.839644e+00    3.643937e+00    6.050967e+01    0.000000e+00
   2.688397e-01    1.239949e+01    2.073055e-01    1.219219e+01    0.000000e+00    2.405512e+01   -1.804242e+00    3.621489e+00    5.893682e+01    0.000000e+00
   2.761326e-01    1.166665e+01    2.032400e-01    1.146341e+01    0.000000e+00    2.306952e+01   -1.769317e+00    3.599221e+00    5.739855e+01    0.000000e+00
   2.836234e-01    1.097280e+01    1.992228e-01    1.077358e+01    0.000000e+00    2.211786e+01   -1.734864e+00    3.576916e+00    5.589054e+01    0.000000e+00
   2.913174e-01    1.031610e+01    1.952532e-01    1.012084e+01    0.000000e+00    2.119918e+01   -1.700880e+00    3.554577e+00    5.441467e+01    0.000000e+00
   2.992202e-01    9.694765e+00    1.913313e-01    9.503433e+00    0.000000e+00    2.031253e+01   -1.667360e+00    3.532302e+00    5.296746e+01    0.000000e+00
   3.073373e-01    9.107112e+00    1.874579e-01    8.919654e+00    0.000000e+00    1.945702e+01   -1.634300e+00    3.510041e+00    5.155102e+01    0.000000e+00
   3.156746e-01    8.551510e+00    1.836339e-01    8.367876e+00    0.000000e+00    1.863174e+01   -1.601697e+00    3.487756e+00    5.016308e+01    0.000000e+00
   3.242380e-01    8.026402e+00    1.798610e-01    7.846541e+00    0.000000e+00    1.783582e+01   -1.569547e+00    3.465457e+00    4.880281e+01    0.000000e+00
   3.330338e-01    7.530305e+00    1.761468e-01    7.354159e+00    0.000000e+00    1.706843e+01   -1.537845e+00    3.443288e+00    4.746983e+01    0.000000e+00
   3.420682e-01    7.061790e+00    1.724919e-01    6.889299e+00    0.000000e+00    1.632872e+01   -1.506589e+00    3.421161e+00    4.616359e+01    0.000000e+00
   3.513477e-01    6.619497e+00    1.689019e-01    6.450595e+00    0.000000e+00    1.561588e+01   -1.475774e+00    3.399093e+00    4.488345e+01    0.000000e+00
   3.608789e-01    6.202117e+00    1.653784e-01    6.036739e+00    0.000000e+00    1.492913e+01   -1.445397e+00    3.377095e+00    4.362868e+01    0.000000e+00
   3.706686e-01    5.808410e+00    1.619283e-01    5.646482e+00    0.000000e+00    1.426770e+01   -1.415454e+00    3.355271e+00    4.239847e+01    0.000000e+00
   3.807239e-01    5.437183e+00    1.585549e-01    5.278628e+00    0.000000e+00    1.363082e+01   -1.385941e+00    3.333606e+00    4.119361e+01    0.000000e+00
   3.910520e-01    5.087295e+00    1.552324e-01    4.932062e+00    0.000000e+00    1.301776e+01   -1.356856e+00    3.311929e+00    4.001204e+01    0.000000e+00
   4.016603e-01    4.757659e+00    1.518065e-01    4.605853e+00    0.000000e+00    1.242781e+01   -1.328193e+00    3.289388e+00    3.885409e+01    0.000000e+00
   4.125564e-01    4.447237e+00    1.484720e-01    4.298765e+00    0.000000e+00    1.186026e+01   -1.299951e+00    3.267052e+00    3.771858e+01    0.000000e+00
   4.237480e-01    4.155029e+00    1.452298e-01    4.009799e+00    0.000000e+00    1.131441e+01   -1.272124e+00    3.244970e+00    3.660628e+01    0.000000e+00
   4.352432e-01    3.880095e+00    1.420854e-01    3.738009e+00    0.000000e+00    1.078962e+01   -1.244710e+00    3.223160e+00    3.551578e+01    0.000000e+00
   4.470503e-01    3.621522e+00    1.390371e-01    3.482485e+00    0.000000e+00    1.028521e+01   -1.217706e+00    3.201594e+00    3.444686e+01    0.000000e+00
   4.591777e-01    3.378454e+00    1.359003e-01    3.242553e+00    0.000000e+00    9.800553e+00   -1.191107e+00    3.179204e+00    3.339922e+01    0.000000e+00
   4.716340e-01    3.150062e+00    1.328305e-01    3.017231e+00    0.000000e+00    9.335024e+00   -1.164910e+00    3.156882e+00    3.237243e+01    0.000000e+00
   4.844283e-01    2.935561e+00    1.298730e-01    2.805688e+00    0.000000e+00    8.888015e+00   -1.139111e+00    3.134896e+00    3.136607e+01    0.000000e+00
   4.975696e-01    2.734200e+00    1.270207e-01    2.607180e+00    0.000000e+00    8.458931e+00   -1.113708e+00    3.113212e+00    3.038047e+01    0.000000e+00
   5.110675e-01    2.545271e+00    1.240610e-01    2.421210e+00    0.000000e+00    8.047193e+00   -1.088696e+00    3.090582e+00    2.941436e+01    0.000000e+00
   5.249315e-01    2.368086e+00    1.212247e-01    2.246861e+00    0.000000e+00    7.652234e+00   -1.064073e+00    3.068363e+00    2.846827e+01    0.000000e+00
   5.391716e-01    2.202002e+00    1.185100e-01    2.083492e+00    0.000000e+00    7.273504e+00   -1.039833e+00    3.046548e+00    2.754135e+01    0.000000e+00
   5.537980e-01    2.046399e+00    1.157080e-01    1.930691e+00    0.000000e+00    6.910462e+00   -1.015975e+00    3.023843e+00    2.663354e+01    0.000000e+00
   5.688211e-01    1.900691e+00    1.130278e-01    1.787664e+00    0.000000e+00    6.562583e+00   -9.924940e-01    3.001540e+00    2.574467e+01    0.000000e+00
   5.842519e-01    1.764322e+00    1.104061e-01    1.653915e+00    0.000000e+00    6.229356e+00   -9.693868e-01    2.979247e+00    2.487449e+01    0.000000e+00
   6.001012e-01    1.636758e+00    1.077796e-01    1.528978e+00    0.000000e+00    5.910279e+00   -9.466498e-01    2.956555e+00    2.402267e+01    0.000000e+00
   6.163804e-01    1.517494e+00    1.052829e-01    1.412212e+00    0.000000e+00    5.604864e+00   -9.242793e-01    2.934329e+00    2.318904e+01    0.000000e+00
   6.331013e-01    1.406051e+00    1.027274e-01    1.303324e+00    0.000000e+00    5.312638e+00   -9.022714e-01    2.911339e+00    2.237355e+01    0.000000e+00
   6.502758e-01    1.301975e+00    1.003073e-01    1.201668e+00    0.000000e+00    5.033136e+00   -8.806229e-01    2.888853e+00    2.157589e+01    0.000000e+00
   6.679162e-01    1.204832e+00    9.785681e-02    1.106975e+00    0.000000e+00    4.765906e+00   -8.593299e-01    2.865770e+00    2.079586e+01    0.000000e+00
   6.860351e-01    1.114211e+00    9.552586e-02    1.018686e+00    0.000000e+00    4.510508e+00   -8.383886e-01    2.843090e+00    2.003336e+01    0.000000e+00
   7.046455e-01    1.029725e+00    9.316300e-02    9.365619e-01    0.000000e+00    4.266514e+00   -8.177954e-01    2.819782e+00    1.928819e+01    0.000000e+00
   7.237608e-01    9.510041e-01    9.089778e-02    8.601064e-01    0.000000e+00    4.033506e+00   -7.975467e-01    2.796729e+00    1.856016e+01    0.000000e+00
   7.433947e-01    8.776993e-01    8.864928e-02    7.890500e-01    0.000000e+00    3.811077e+00   -7.776386e-01    2.773365e+00    1.784933e+01    0.000000e+00
   7.635611e-01    8.094801e-01    8.644758e-02    7.230325e-01    0.000000e+00    3.598831e+00   -7.580677e-01    2.749896e+00    1.715533e+01    0.000000e+00
   7.842746e-01    7.460332e-01    8.431249e-02    6.617207e-01    0.000000e+00    3.396384e+00   -7.388301e-01    2.726479e+00    1.647811e+01   1.778636e-322
   8.055501e-01    6.870718e-01    8.218343e-02    6.048883e-01    0.000000e+00    3.203359e+00   -7.199549e-01    2.702657e+00    1.581755e+01  -2.443767e-318
   8.274027e-01    6.323732e-01    8.010988e-02    5.522633e-01    0.000000e+00    3.019393e+00   -7.016553e-01    2.678778e+00    1.517348e+01   2.926327e-314
   8.498481e-01    5.816061e-01    7.808872e-02    5.035174e-01    0.000000e+00    2.844131e+00   -6.836864e-01    2.654818e+00    1.454581e+01   5.017664e-310
   8.729023e-01    5.345207e-01    7.610686e-02    4.584138e-01    0.000000e+00    2.677229e+00   -6.660454e-01    2.630675e+00    1.393438e+01  -4.236931e-306
   8.965820e-01    4.908825e-01    7.414813e-02    4.167344e-01    0.000000e+00    2.518353e+00   -6.487302e-01    2.606230e+00    1.333913e+01  -2.942884e-301
   9.209041e-01    4.504703e-01    7.223460e-02    3.782357e-01    0.000000e+00    2.367179e+00   -6.317388e-01    2.581650e+00    1.275985e+01  -1.543702e-297
   9.458859e-01    4.130765e-01    7.036281e-02    3.427137e-01    0.000000e+00    2.223391e+00   -6.150701e-01    2.556884e+00    1.219653e+01   1.579247e-291
   9.715455e-01    3.785046e-01    6.852988e-02    3.099748e-01    0.000000e+00    2.086683e+00   -5.987229e-01    2.531907e+00    1.164888e+01   3.565457e-287
   9.979011e-01    3.465709e-01    6.673429e-02    2.798366e-01    0.000000e+00    1.956760e+00   -5.826973e-01    2.506731e+00    1.111692e+01  -1.135903e-281
   1.024972e+00    3.171019e-01    6.497489e-02    2.521270e-01    0.000000e+00    1.833334e+00   -5.669935e-01    2.481305e+00    1.060042e+01   1.433898e-276
   1.052777e+00    2.899359e-01    6.325146e-02    2.266844e-01    0.000000e+00    1.716127e+00   -5.516132e-01    2.455638e+00    1.009926e+01   1.395607e-271
   1.081336e+00    2.649197e-01    6.156354e-02    2.033562e-01    0.000000e+00    1.604870e+00   -5.365586e-01    2.429723e+00    9.613357e+00  -1.268699e-265
   1.110670e+00    2.419105e-01    5.991133e-02    1.819992e-01    0.000000e+00    1.499303e+00   -5.218331e-01    2.403543e+00    9.142503e+00  -5.775337e-260
   1.140800e+00    2.207736e-01    5.829477e-02    1.624788e-01    0.000000e+00    1.399176e+00   -5.074411e-01    2.377107e+00    8.686568e+00  -3.339293e-254
   1.171747e+00    2.013828e-01    5.671403e-02    1.446688e-01    0.000000e+00    1.304245e+00   -4.933885e-01    2.350400e+00    8.245383e+00  -1.072549e-248
   1.203533e+00    1.836191e-01    5.516018e-02    1.284589e-01    0.000000e+00    1.214278e+00   -4.796819e-01    2.323335e+00    7.818840e+00   3.356700e-242
   1.236182e+00    1.673709e-01    5.364261e-02    1.137283e-01    0.000000e+00    1.129050e+00   -4.663294e-01    2.296002e+00    7.406722e+00  -5.819096e-236
   1.269717e+00    1.525325e-01    5.215981e-02    1.003727e-01    0.000000e+00    1.048344e+00   -4.533399e-01    2.268368e+00    7.008878e+00   1.367513e-229
   1.304161e+00    1.390048e-01    5.070550e-02    8.829927e-02    0.000000e+00    9.719554e-01   -4.407236e-01    2.240371e+00    6.625122e+00   3.016865e-223
   1.339540e+00    1.266932e-01    4.928603e-02    7.740716e-02    0.000000e+00    8.996843e-01   -4.284909e-01    2.212066e+00    6.255281e+00  -1.065023e-217
   1.375878e+00    1.155089e-01    4.789651e-02    6.761244e-02    0.000000e+00    8.313416e-01   -4.166529e-01    2.183404e+00    5.899186e+00   1.437254e-209
   1.413202e+00    1.053673e-01    4.653849e-02    5.882882e-02    0.000000e+00    7.667465e-01   -4.052207e-01    2.154388e+00    5.556622e+00   3.892435e-202
   1.451539e+00    9.618818e-02    4.521209e-02    5.097609e-02    0.000000e+00    7.057271e-01   -3.942051e-01    2.125013e+00    5.227383e+00  -9.180290e-195
   1.490916e+00    8.789560e-02    4.391665e-02    4.397895e-02    0.000000e+00    6.481198e-01   -3.836165e-01    2.095268e+00    4.911268e+00   2.890197e-187
   1.531360e+00    8.041739e-02    4.265192e-02    3.776547e-02    0.000000e+00    5.937698e-01   -3.734637e-01    2.065145e+00    4.608063e+00   7.856537e-180
   1.572902e+00    7.368543e-02    4.141805e-02    3.226739e-02    0.000000e+00    5.425309e-01   -3.637546e-01    2.034636e+00    4.317557e+00   1.772678e-172
   1.615571e+00    6.763540e-02    4.021523e-02    2.742017e-02    0.000000e+00    4.942649e-01   -3.544952e-01    2.003739e+00    4.039538e+00   1.864696e-163
   1.659398e+00    6.220681e-02    3.904350e-02    2.316331e-02    0.000000e+00    4.488422e-01   -3.456896e-01    1.972452e+00    3.773746e+00   6.334727e-156
   1.704413e+00    5.734303e-02    3.790272e-02    1.944032e-02    0.000000e+00    4.061411e-01   -3.373398e-01    1.940766e+00    3.519971e+00   1.246026e-147
   1.750650e+00    5.299133e-02    3.679348e-02    1.619785e-02    0.000000e+00    3.660480e-01   -3.294457e-01    1.908683e+00    3.277976e+00  -1.511373e-137
   1.798141e+00    4.910283e-02    3.571596e-02    1.338687e-02    0.000000e+00    3.284568e-01   -3.220050e-01    1.876203e+00    3.047496e+00  -1.708755e-128
   1.846920e+00    4.563257e-02    3.467055e-02    1.096202e-02    0.000000e+00    2.932692e-01   -3.150138e-01    1.843329e+00    2.828291e+00  -3.271688e-119
   1.897022e+00    4.253933e-02    3.365775e-02    8.881578e-03    0.000000e+00    2.603941e-01   -3.084662e-01    1.810063e+00    2.620107e+00   1.487038e-109
   1.948484e+00    3.978560e-02    3.267817e-02    7.107432e-03    0.000000e+00    2.297475e-01   -3.023551e-01    1.776411e+00    2.422682e+00  -9.280860e-100
   2.001341e+00    3.733746e-02    3.173246e-02    5.604999e-03    0.000000e+00    2.012526e-01   -2.966719e-01    1.742383e+00    2.235752e+00   -1.183750e-89
   2.055633e+00    3.516440e-02    3.082153e-02    4.342874e-03    0.000000e+00    1.748391e-01   -2.914076e-01    1.707992e+00    2.059050e+00   -3.284295e-79
   2.111397e+00    3.323913e-02    2.994634e-02    3.292791e-03    0.000000e+00    1.504437e-01   -2.865523e-01    1.673251e+00    1.892297e+00    6.308837e-69
   2.168674e+00    3.153739e-02    2.910804e-02    2.429352e-03    0.000000e+00    1.280094e-01   -2.820961e-01    1.638182e+00    1.735224e+00   -1.113551e-57
   2.227505e+00    3.003779e-02    2.830797e-02    1.729811e-03    0.000000e+00    1.074856e-01   -2.780292e-01    1.602806e+00    1.587538e+00    3.297603e-47
   2.287931e+00    2.872153e-02    2.754764e-02    1.173884e-03    0.000000e+00    8.882840e-02   -2.743421e-01    1.567152e+00    1.448962e+00   -4.735157e-35
   2.349997e+00    2.757226e-02    2.682872e-02    7.435473e-04    0.000000e+00    7.200003e-02   -2.710257e-01    1.531253e+00    1.319198e+00   -1.584441e-23
   2.413747e+00    2.657590e-02    2.615300e-02    4.228966e-04    0.000000e+00    5.696932e-02   -2.680722e-01    1.495143e+00    1.197956e+00    3.128853e-12
   2.479226e+00    2.572043e-02    2.552232e-02    1.981102e-04    0.000000e+00    4.371165e-02   -2.654745e-01    1.458861e+00    1.084932e+00    9.025023e-11
   2.546481e+00    2.499578e-02    2.493789e-02    5.789499e-05    0.000000e+00    3.220916e-02   -2.632268e-01    1.422434e+00    9.798267e-01    1.327085e-09
   2.615561e+00    2.439371e-02    2.439371e-02   -3.399255e-23    0.000000e+00    2.245105e-02   -2.613246e-01    1.385771e+00    8.823307e-01    1.551321e-08
   2.686515e+00    2.390769e-02    2.390769e-02   -2.808512e-21    0.000000e+00    1.443391e-02   -2.597652e-01    1.349172e+00    7.921363e-01    1.479425e-07
   2.759393e+00    2.353288e-02    2.353288e-02   -5.996699e-21    0.000000e+00    8.162204e-03   -2.585475e-01    1.313539e+00    7.089283e-01    1.162285e-06
   2.834249e+00    2.326608e-02    2.326608e-02   -8.013712e-21    0.000000e+00    3.648895e-03   -2.576724e-01    1.278848e+00    6.323930e-01    7.589419e-06
   2.911135e+00    2.310572e-02    2.310572e-02   -8.307583e-21    0.000000e+00    9.163730e-04   -2.571432e-01    1.245073e+00    5.622129e-01    4.155593e-05
   2.990107e+00    2.305214e-02    2.305214e-02   -7.016451e-21    0.000000e+00    0.000000e+00   -2.569658e-01    1.212194e+00    4.980656e-01    1.925167e-04
