# All units in Hartree [AU] if not specified
# Convergence: Err(φ)=-inf, Err(n_e)=7.727e-10, Err(IET)=9.965e-13, Q_net=1.602e-07
# {"name":"Al", "Z":13, "Zstar":4.890591073260936, "A":26.981539,  "μ[AU]": -1.4479913020e+00, "Te[AU]": 1.102e+00, "Ti[AU]": 3.675e-02, "rs[AU]": 2.990e+00 }
   r[AU]           n[AU]           nf[AU]          nb[AU]          n_ion[AU]       φtot[AU]        δVxc/δρ[Au]     U_ei[AU]        U_ii[AU]        g_ii            
   1.000000e-03    1.413520e+05    4.304295e+00    1.413477e+05    0.000000e+00    1.294839e+04   -3.865905e+01    1.597165e+01    1.071939e+04    0.000000e+00
   1.027128e-03    1.357747e+05    4.252510e+00    1.357705e+05    0.000000e+00    1.260505e+04   -3.814584e+01    1.587360e+01    1.068310e+04    0.000000e+00
   1.054991e-03    1.304170e+05    4.187869e+00    1.304129e+05    0.000000e+00    1.227078e+04   -3.763941e+01    1.575197e+01    1.064583e+04    0.000000e+00
   1.083610e-03    1.252703e+05    4.125925e+00    1.252662e+05    0.000000e+00    1.194533e+04   -3.713969e+01    1.563363e+01    1.060754e+04    0.000000e+00
   1.113006e-03    1.203263e+05    4.081842e+00    1.203222e+05    0.000000e+00    1.162848e+04   -3.664658e+01    1.555008e+01    1.056821e+04    0.000000e+00
   1.143199e-03    1.155769e+05    4.026155e+00    1.155729e+05    0.000000e+00    1.132001e+04   -3.615999e+01    1.544321e+01    1.052782e+04    0.000000e+00
   1.174211e-03    1.110145e+05    3.960365e+00    1.110105e+05    0.000000e+00    1.101968e+04   -3.567982e+01    1.531671e+01    1.048633e+04    0.000000e+00
   1.206065e-03    1.066318e+05    3.915378e+00    1.066279e+05    0.000000e+00    1.072728e+04   -3.520602e+01    1.522965e+01    1.044372e+04    0.000000e+00
   1.238782e-03    1.024217e+05    3.867439e+00    1.024178e+05    0.000000e+00    1.044261e+04   -3.473848e+01    1.513632e+01    1.039995e+04    0.000000e+00
   1.272387e-03    9.837736e+04    3.810373e+00    9.837355e+04    0.000000e+00    1.016546e+04   -3.427712e+01    1.502537e+01    1.035500e+04    0.000000e+00
   1.306904e-03    9.449229e+04    3.753317e+00    9.448854e+04    0.000000e+00    9.895626e+03   -3.382185e+01    1.491317e+01    1.030882e+04    0.000000e+00
   1.342357e-03    9.076030e+04    3.712072e+00    9.075658e+04    0.000000e+00    9.632923e+03   -3.337261e+01    1.483238e+01    1.026139e+04    0.000000e+00
   1.378772e-03    8.717525e+04    3.662573e+00    8.717158e+04    0.000000e+00    9.377160e+03   -3.292930e+01    1.473421e+01    1.021268e+04    0.000000e+00
   1.416175e-03    8.373136e+04    3.605915e+00    8.372776e+04    0.000000e+00    9.128153e+03   -3.249185e+01    1.462206e+01    1.016264e+04    0.000000e+00
   1.454592e-03    8.042317e+04    3.560296e+00    8.041961e+04    0.000000e+00    8.885725e+03   -3.206018e+01    1.453085e+01    1.011124e+04    0.000000e+00
   1.494051e-03    7.724530e+04    3.517360e+00    7.724179e+04    0.000000e+00    8.649700e+03   -3.163421e+01    1.444490e+01    1.005846e+04    0.000000e+00
   1.534581e-03    7.419258e+04    3.467966e+00    7.418911e+04    0.000000e+00    8.419911e+03   -3.121387e+01    1.434566e+01    1.000423e+04    0.000000e+00
   1.576211e-03    7.126009e+04    3.413005e+00    7.125667e+04    0.000000e+00    8.196192e+03   -3.079907e+01    1.423443e+01    9.948543e+03    0.000000e+00
   1.618969e-03    6.844319e+04    3.375057e+00    6.843981e+04    0.000000e+00    7.978384e+03   -3.038976e+01    1.415757e+01    9.891341e+03    0.000000e+00
   1.662888e-03    6.573724e+04    3.331956e+00    6.573391e+04    0.000000e+00    7.766330e+03   -2.998585e+01    1.406920e+01    9.832587e+03    0.000000e+00
   1.707998e-03    6.313788e+04    3.283789e+00    6.313459e+04    0.000000e+00    7.559878e+03   -2.958727e+01    1.397108e+01    9.772240e+03    0.000000e+00
   1.754332e-03    6.064093e+04    3.235892e+00    6.063769e+04    0.000000e+00    7.358880e+03   -2.919395e+01    1.387212e+01    9.710255e+03    0.000000e+00
   1.801923e-03    5.824241e+04    3.198246e+00    5.823921e+04    0.000000e+00    7.163192e+03   -2.880582e+01    1.379467e+01    9.646588e+03    0.000000e+00
   1.850804e-03    5.593837e+04    3.156017e+00    5.593522e+04    0.000000e+00    6.972674e+03   -2.842281e+01    1.370697e+01    9.581195e+03    0.000000e+00
   1.901012e-03    5.372511e+04    3.109856e+00    5.372200e+04    0.000000e+00    6.787190e+03   -2.804485e+01    1.361075e+01    9.514027e+03    0.000000e+00
   1.952582e-03    5.159908e+04    3.067143e+00    5.159602e+04    0.000000e+00    6.606607e+03   -2.767188e+01    1.352135e+01    9.445038e+03    0.000000e+00
   2.005551e-03    4.955687e+04    3.030087e+00    4.955384e+04    0.000000e+00    6.430794e+03   -2.730383e+01    1.344315e+01    9.374177e+03    0.000000e+00
   2.059956e-03    4.759512e+04    2.989428e+00    4.759213e+04    0.000000e+00    6.259627e+03   -2.694063e+01    1.335760e+01    9.301394e+03    0.000000e+00
   2.115838e-03    4.571068e+04    2.945710e+00    4.570773e+04    0.000000e+00    6.092982e+03   -2.658221e+01    1.326437e+01    9.226636e+03    0.000000e+00
   2.173235e-03    4.390054e+04    2.906236e+00    4.389763e+04    0.000000e+00    5.930740e+03   -2.622852e+01    1.318066e+01    9.149850e+03    0.000000e+00
   2.232190e-03    4.216176e+04    2.870405e+00    4.215889e+04    0.000000e+00    5.772786e+03   -2.587949e+01    1.310366e+01    9.070981e+03    0.000000e+00
   2.292744e-03    4.049152e+04    2.831761e+00    4.048869e+04    0.000000e+00    5.619004e+03   -2.553505e+01    1.302077e+01    8.989973e+03    0.000000e+00
   2.354940e-03    3.888711e+04    2.790757e+00    3.888432e+04    0.000000e+00    5.469287e+03   -2.519515e+01    1.293208e+01    8.906767e+03    0.000000e+00
   2.418824e-03    3.734598e+04    2.753112e+00    3.734323e+04    0.000000e+00    5.323525e+03   -2.485973e+01    1.285041e+01    8.821304e+03    0.000000e+00
   2.484440e-03    3.586563e+04    2.718906e+00    3.586291e+04    0.000000e+00    5.181615e+03   -2.452872e+01    1.277592e+01    8.733523e+03    0.000000e+00
   2.551837e-03    3.444364e+04    2.682519e+00    3.444095e+04    0.000000e+00    5.043455e+03   -2.420207e+01    1.269600e+01    8.643360e+03    0.000000e+00
   2.621062e-03    3.307771e+04    2.644314e+00    3.307507e+04    0.000000e+00    4.908945e+03   -2.387972e+01    1.261225e+01    8.550751e+03    0.000000e+00
   2.692165e-03    3.176567e+04    2.607448e+00    3.176306e+04    0.000000e+00    4.777991e+03   -2.356160e+01    1.253040e+01    8.455631e+03    0.000000e+00
   2.765197e-03    3.050539e+04    2.575116e+00    3.050282e+04    0.000000e+00    4.650497e+03   -2.324768e+01    1.245902e+01    8.357929e+03    0.000000e+00
   2.840210e-03    2.929482e+04    2.541086e+00    2.929228e+04    0.000000e+00    4.526372e+03   -2.293788e+01    1.238289e+01    8.257578e+03    0.000000e+00
   2.917258e-03    2.813199e+04    2.505662e+00    2.812949e+04    0.000000e+00    4.405528e+03   -2.263215e+01    1.230379e+01    8.154504e+03    0.000000e+00
   2.996396e-03    2.701504e+04    2.469116e+00    2.701257e+04    0.000000e+00    4.287878e+03   -2.233044e+01    1.222139e+01    8.048634e+03    0.000000e+00
   3.077681e-03    2.594218e+04    2.438497e+00    2.593974e+04    0.000000e+00    4.173337e+03   -2.203269e+01    1.215226e+01    7.939892e+03    0.000000e+00
   3.161170e-03    2.491165e+04    2.406824e+00    2.490924e+04    0.000000e+00    4.061823e+03   -2.173886e+01    1.208041e+01    7.828200e+03    0.000000e+00
   3.246925e-03    2.392178e+04    2.374083e+00    2.391940e+04    0.000000e+00    3.953257e+03   -2.144888e+01    1.200558e+01    7.713478e+03    0.000000e+00
   3.335006e-03    2.297097e+04    2.340490e+00    2.296863e+04    0.000000e+00    3.847560e+03   -2.116271e+01    1.192882e+01    7.595644e+03    0.000000e+00
   3.425477e-03    2.205770e+04    2.308498e+00    2.205539e+04    0.000000e+00    3.744657e+03   -2.088029e+01    1.185488e+01    7.474614e+03    0.000000e+00
   3.518402e-03    2.118049e+04    2.279101e+00    2.117822e+04    0.000000e+00    3.644474e+03   -2.060159e+01    1.178723e+01    7.350300e+03    0.000000e+00
   3.613847e-03    2.033791e+04    2.248874e+00    2.033567e+04    0.000000e+00    3.546940e+03   -2.032654e+01    1.171673e+01    7.222614e+03    0.000000e+00
   3.711882e-03    1.952860e+04    2.218039e+00    1.952638e+04    0.000000e+00    3.451984e+03   -2.005509e+01    1.164506e+01    7.091464e+03    0.000000e+00
   3.812576e-03    1.875124e+04    2.186713e+00    1.874905e+04    0.000000e+00    3.359538e+03   -1.978720e+01    1.157145e+01    6.956756e+03    0.000000e+00
   3.916002e-03    1.800459e+04    2.157276e+00    1.800243e+04    0.000000e+00    3.269536e+03   -1.952282e+01    1.150226e+01    6.818394e+03    0.000000e+00
   4.022233e-03    1.728743e+04    2.129413e+00    1.728530e+04    0.000000e+00    3.181913e+03   -1.926191e+01    1.143631e+01    6.676279e+03    0.000000e+00
   4.131346e-03    1.659861e+04    2.101073e+00    1.659651e+04    0.000000e+00    3.096608e+03   -1.900441e+01    1.136890e+01    6.530308e+03    0.000000e+00
   4.243420e-03    1.593699e+04    2.072384e+00    1.593492e+04    0.000000e+00    3.013558e+03   -1.875028e+01    1.130053e+01    6.380378e+03    0.000000e+00
   4.358533e-03    1.530152e+04    2.043467e+00    1.529947e+04    0.000000e+00    2.932703e+03   -1.849948e+01    1.123098e+01    6.226380e+03    0.000000e+00
   4.476769e-03    1.469116e+04    2.015065e+00    1.468914e+04    0.000000e+00    2.853987e+03   -1.825196e+01    1.116274e+01    6.068205e+03    0.000000e+00
   4.598213e-03    1.410493e+04    1.988986e+00    1.410294e+04    0.000000e+00    2.777353e+03   -1.800768e+01    1.109925e+01    5.905738e+03    0.000000e+00
   4.722951e-03    1.354188e+04    1.962657e+00    1.353992e+04    0.000000e+00    2.702745e+03   -1.776659e+01    1.103556e+01    5.738865e+03    0.000000e+00
   4.851073e-03    1.300108e+04    1.936169e+00    1.299915e+04    0.000000e+00    2.630110e+03   -1.752865e+01    1.097059e+01    5.567464e+03    0.000000e+00
   4.982671e-03    1.248167e+04    1.909609e+00    1.247976e+04    0.000000e+00    2.559396e+03   -1.729382e+01    1.090561e+01    5.391414e+03    0.000000e+00
   5.117839e-03    1.198281e+04    1.883057e+00    1.198092e+04    0.000000e+00    2.490553e+03   -1.706205e+01    1.083997e+01    5.210589e+03    0.000000e+00
   5.256673e-03    1.150367e+04    1.856997e+00    1.150181e+04    0.000000e+00    2.423531e+03   -1.683331e+01    1.077549e+01    5.024857e+03    0.000000e+00
   5.399273e-03    1.104350e+04    1.832648e+00    1.104167e+04    0.000000e+00    2.358281e+03   -1.660756e+01    1.071482e+01    4.834088e+03    0.000000e+00
   5.545742e-03    1.060153e+04    1.808263e+00    1.059973e+04    0.000000e+00    2.294758e+03   -1.638475e+01    1.065378e+01    4.638143e+03    0.000000e+00
   5.696185e-03    1.017706e+04    1.783899e+00    1.017528e+04    0.000000e+00    2.232916e+03   -1.616484e+01    1.059263e+01    4.436883e+03    0.000000e+00
   5.850708e-03    9.769388e+03    1.759611e+00    9.767629e+03    0.000000e+00    2.172709e+03   -1.594780e+01    1.053113e+01    4.230163e+03    0.000000e+00
   6.009423e-03    9.377856e+03    1.735442e+00    9.376121e+03    0.000000e+00    2.114096e+03   -1.573359e+01    1.046999e+01    4.043883e+03    0.000000e+00
   6.172444e-03    9.001828e+03    1.711435e+00    9.000117e+03    0.000000e+00    2.057034e+03   -1.552216e+01    1.040853e+01    3.971166e+03    0.000000e+00
   6.339887e-03    8.640694e+03    1.687631e+00    8.639006e+03    0.000000e+00    2.001482e+03   -1.531349e+01    1.034780e+01    3.896476e+03    0.000000e+00
   6.511873e-03    8.293871e+03    1.665115e+00    8.292206e+03    0.000000e+00    1.947400e+03   -1.510753e+01    1.028954e+01    3.819761e+03    0.000000e+00
   6.688524e-03    7.960791e+03    1.642828e+00    7.959149e+03    0.000000e+00    1.894750e+03   -1.490425e+01    1.023217e+01    3.740964e+03    0.000000e+00
   6.869967e-03    7.640912e+03    1.620684e+00    7.639292e+03    0.000000e+00    1.843493e+03   -1.470361e+01    1.017444e+01    3.660030e+03    0.000000e+00
   7.056332e-03    7.333714e+03    1.598709e+00    7.332115e+03    0.000000e+00    1.793594e+03   -1.450558e+01    1.011721e+01    3.576900e+03    0.000000e+00
   7.247753e-03    7.038696e+03    1.576929e+00    7.037119e+03    0.000000e+00    1.745015e+03   -1.431012e+01    1.005996e+01    3.491515e+03    0.000000e+00
   7.444367e-03    6.755379e+03    1.555363e+00    6.753824e+03    0.000000e+00    1.697723e+03   -1.411719e+01    1.000316e+01    3.403814e+03    0.000000e+00
   7.646314e-03    6.483302e+03    1.534028e+00    6.481768e+03    0.000000e+00    1.651683e+03   -1.392677e+01    9.946602e+00    3.313733e+03    0.000000e+00
   7.853740e-03    6.222021e+03    1.512938e+00    6.220508e+03    0.000000e+00    1.606863e+03   -1.373882e+01    9.890428e+00    3.221209e+03    0.000000e+00
   8.066792e-03    5.971111e+03    1.492106e+00    5.969619e+03    0.000000e+00    1.563229e+03   -1.355330e+01    9.834723e+00    3.126175e+03    0.000000e+00
   8.285624e-03    5.730164e+03    1.471538e+00    5.728692e+03    0.000000e+00    1.520752e+03   -1.337018e+01    9.779326e+00    3.028563e+03    0.000000e+00
   8.510393e-03    5.498785e+03    1.451243e+00    5.497334e+03    0.000000e+00    1.479400e+03   -1.318943e+01    9.724574e+00    2.928303e+03    0.000000e+00
   8.741259e-03    5.276599e+03    1.431244e+00    5.275167e+03    0.000000e+00    1.439143e+03   -1.301102e+01    9.670108e+00    2.825324e+03    0.000000e+00
   8.978388e-03    5.063242e+03    1.411763e+00    5.061831e+03    0.000000e+00    1.399954e+03   -1.283492e+01    9.617082e+00    2.721349e+03    0.000000e+00
   9.221949e-03    4.858367e+03    1.392497e+00    4.856975e+03    0.000000e+00    1.361803e+03   -1.266109e+01    9.564018e+00    2.667002e+03    0.000000e+00
   9.472118e-03    4.661638e+03    1.373449e+00    4.660265e+03    0.000000e+00    1.324663e+03   -1.248951e+01    9.511712e+00    2.611182e+03    0.000000e+00
   9.729073e-03    4.472734e+03    1.354626e+00    4.471380e+03    0.000000e+00    1.288508e+03   -1.232014e+01    9.459289e+00    2.553847e+03    0.000000e+00
   9.992999e-03    4.291346e+03    1.336025e+00    4.290010e+03    0.000000e+00    1.253312e+03   -1.215295e+01    9.407747e+00    2.494957e+03    0.000000e+00
   1.026408e-02    4.117178e+03    1.317647e+00    4.115860e+03    0.000000e+00    1.219049e+03   -1.198792e+01    9.356094e+00    2.434469e+03    0.000000e+00
   1.054252e-02    3.949945e+03    1.299494e+00    3.948645e+03    0.000000e+00    1.185694e+03   -1.182502e+01    9.305223e+00    2.372341e+03    0.000000e+00
   1.082852e-02    3.789372e+03    1.281559e+00    3.788090e+03    0.000000e+00    1.153225e+03   -1.166421e+01    9.254344e+00    2.308527e+03    0.000000e+00
   1.112227e-02    3.635198e+03    1.263842e+00    3.633934e+03    0.000000e+00    1.121617e+03   -1.150547e+01    9.204138e+00    2.242982e+03    0.000000e+00
   1.142399e-02    3.487169e+03    1.246337e+00    3.485922e+03    0.000000e+00    1.090848e+03   -1.134877e+01    9.153999e+00    2.175659e+03    0.000000e+00
   1.173389e-02    3.345043e+03    1.229042e+00    3.343814e+03    0.000000e+00    1.060896e+03   -1.119409e+01    9.104442e+00    2.106509e+03    0.000000e+00
   1.205220e-02    3.208586e+03    1.211978e+00    3.207374e+03    0.000000e+00    1.031738e+03   -1.104139e+01    9.055084e+00    2.043668e+03    0.000000e+00
   1.237915e-02    3.077577e+03    1.195295e+00    3.076381e+03    0.000000e+00    1.003355e+03   -1.089065e+01    9.006748e+00    1.999872e+03    0.000000e+00
   1.271496e-02    2.951798e+03    1.178820e+00    2.950619e+03    0.000000e+00    9.757260e+02   -1.074184e+01    8.958629e+00    1.954888e+03    0.000000e+00
   1.305989e-02    2.831043e+03    1.162545e+00    2.829881e+03    0.000000e+00    9.488307e+02   -1.059494e+01    8.910946e+00    1.908683e+03    0.000000e+00
   1.341417e-02    2.715114e+03    1.146460e+00    2.713968e+03    0.000000e+00    9.226500e+02   -1.044992e+01    8.863493e+00    1.861225e+03    0.000000e+00
   1.377807e-02    2.603820e+03    1.130556e+00    2.602690e+03    0.000000e+00    8.971651e+02   -1.030675e+01    8.816378e+00    1.812480e+03    0.000000e+00
   1.415183e-02    2.496978e+03    1.114823e+00    2.495863e+03    0.000000e+00    8.723577e+02   -1.016542e+01    8.769487e+00    1.762412e+03    0.000000e+00
   1.453574e-02    2.394411e+03    1.099252e+00    2.393312e+03    0.000000e+00    8.482100e+02   -1.002589e+01    8.722847e+00    1.710986e+03    0.000000e+00
   1.493005e-02    2.295951e+03    1.083835e+00    2.294867e+03    0.000000e+00    8.247045e+02   -9.888137e+00    8.676408e+00    1.658165e+03    0.000000e+00
   1.533507e-02    2.201435e+03    1.068562e+00    2.200367e+03    0.000000e+00    8.018243e+02   -9.752144e+00    8.630156e+00    1.621056e+03    0.000000e+00
   1.575107e-02    2.110708e+03    1.053540e+00    2.109655e+03    0.000000e+00    7.795531e+02   -9.617884e+00    8.584408e+00    1.583878e+03    0.000000e+00
   1.617836e-02    2.023621e+03    1.038931e+00    2.022582e+03    0.000000e+00    7.578747e+02   -9.485336e+00    8.539677e+00    1.545692e+03    0.000000e+00
   1.661724e-02    1.940028e+03    1.024437e+00    1.939004e+03    0.000000e+00    7.367735e+02   -9.354473e+00    8.495056e+00    1.506470e+03    0.000000e+00
   1.706802e-02    1.859791e+03    1.010048e+00    1.858781e+03    0.000000e+00    7.162345e+02   -9.225274e+00    8.450508e+00    1.466184e+03    0.000000e+00
   1.753104e-02    1.782778e+03    9.957550e-01    1.781782e+03    0.000000e+00    6.962426e+02   -9.097716e+00    8.406011e+00    1.424805e+03    0.000000e+00
   1.800661e-02    1.708859e+03    9.815500e-01    1.707878e+03    0.000000e+00    6.767837e+02   -8.971775e+00    8.361547e+00    1.383984e+03    0.000000e+00
   1.849509e-02    1.637916e+03    9.678757e-01    1.636949e+03    0.000000e+00    6.578436e+02   -8.847435e+00    8.318476e+00    1.352776e+03    0.000000e+00
   1.899681e-02    1.569829e+03    9.542694e-01    1.568874e+03    0.000000e+00    6.394088e+02   -8.724670e+00    8.275412e+00    1.320722e+03    0.000000e+00
   1.951215e-02    1.504483e+03    9.407159e-01    1.503542e+03    0.000000e+00    6.214658e+02   -8.603458e+00    8.232224e+00    1.287798e+03    0.000000e+00
   2.004146e-02    1.441770e+03    9.272084e-01    1.440843e+03    0.000000e+00    6.040018e+02   -8.483778e+00    8.188998e+00    1.253981e+03    0.000000e+00
   2.058514e-02    1.381589e+03    9.142197e-01    1.380675e+03    0.000000e+00    5.870042e+02   -8.365613e+00    8.147102e+00    1.219246e+03    0.000000e+00
   2.114356e-02    1.323837e+03    9.012510e-01    1.322936e+03    0.000000e+00    5.704608e+02   -8.248940e+00    8.105136e+00    1.186959e+03    0.000000e+00
   2.171714e-02    1.268417e+03    8.882934e-01    1.267528e+03    0.000000e+00    5.543595e+02   -8.133737e+00    8.062827e+00    1.159448e+03    0.000000e+00
   2.230627e-02    1.215238e+03    8.756912e-01    1.214362e+03    0.000000e+00    5.386888e+02   -8.019989e+00    8.021591e+00    1.131191e+03    0.000000e+00
   2.291138e-02    1.164210e+03    8.632208e-01    1.163347e+03    0.000000e+00    5.234373e+02   -7.907672e+00    7.980357e+00    1.102167e+03    0.000000e+00
   2.353291e-02    1.115249e+03    8.507283e-01    1.114398e+03    0.000000e+00    5.085941e+02   -7.796767e+00    7.939018e+00    1.072357e+03    0.000000e+00
   2.417130e-02    1.068272e+03    8.386437e-01    1.067433e+03    0.000000e+00    4.941484e+02   -7.687260e+00    7.898537e+00    1.044396e+03    0.000000e+00
   2.482701e-02    1.023200e+03    8.265769e-01    1.022374e+03    0.000000e+00    4.800897e+02   -7.579126e+00    7.858155e+00    1.019909e+03    0.000000e+00
   2.550051e-02    9.799585e+02    8.146368e-01    9.791439e+02    0.000000e+00    4.664080e+02   -7.472348e+00    7.817683e+00    9.947565e+02    0.000000e+00
   2.619227e-02    9.384742e+02    8.029541e-01    9.376713e+02    0.000000e+00    4.530933e+02   -7.366911e+00    7.778088e+00    9.689222e+02    0.000000e+00
   2.690280e-02    8.986764e+02    7.912371e-01    8.978852e+02    0.000000e+00    4.401359e+02   -7.262792e+00    7.737925e+00    9.423870e+02    0.000000e+00
   2.763261e-02    8.604998e+02    7.798933e-01    8.597200e+02    0.000000e+00    4.275266e+02   -7.159979e+00    7.698943e+00    9.204955e+02    0.000000e+00
   2.838221e-02    8.238780e+02    7.684528e-01    8.231095e+02    0.000000e+00    4.152561e+02   -7.058448e+00    7.659282e+00    8.980724e+02    0.000000e+00
   2.915215e-02    7.887512e+02    7.573998e-01    7.879938e+02    0.000000e+00    4.033156e+02   -6.958189e+00    7.620758e+00    8.750410e+02    0.000000e+00
   2.994298e-02    7.550578e+02    7.462686e-01    7.543115e+02    0.000000e+00    3.916964e+02   -6.859177e+00    7.581724e+00    8.516114e+02    0.000000e+00
   3.075526e-02    7.227427e+02    7.354577e-01    7.220072e+02    0.000000e+00    3.803900e+02   -6.761403e+00    7.543495e+00    8.317052e+02    0.000000e+00
   3.158957e-02    6.917494e+02    7.246527e-01    6.910248e+02    0.000000e+00    3.693884e+02   -6.664845e+00    7.505164e+00    8.112589e+02    0.000000e+00
   3.244652e-02    6.620262e+02    7.140359e-01    6.613122e+02    0.000000e+00    3.586835e+02   -6.569489e+00    7.467062e+00    7.902579e+02    0.000000e+00
   3.332671e-02    6.335223e+02    7.035606e-01    6.328187e+02    0.000000e+00    3.482675e+02   -6.475319e+00    7.429463e+00    7.704533e+02    0.000000e+00
   3.423079e-02    6.061885e+02    6.931129e-01    6.054953e+02    0.000000e+00    3.381328e+02   -6.382316e+00    7.391519e+00    7.519632e+02    0.000000e+00
   3.515938e-02    5.799792e+02    6.829397e-01    5.792963e+02    0.000000e+00    3.282721e+02   -6.290471e+00    7.354397e+00    7.329716e+02    0.000000e+00
   3.611317e-02    5.548487e+02    6.728317e-01    5.541758e+02    0.000000e+00    3.186783e+02   -6.199763e+00    7.317206e+00    7.141882e+02    0.000000e+00
   3.709283e-02    5.307538e+02    6.627907e-01    5.300910e+02    0.000000e+00    3.093442e+02   -6.110177e+00    7.279981e+00    6.972086e+02    0.000000e+00
   3.809907e-02    5.076538e+02    6.529438e-01    5.070009e+02    0.000000e+00    3.002631e+02   -6.021701e+00    7.243312e+00    6.797685e+02    0.000000e+00
   3.913260e-02    4.855086e+02    6.432271e-01    4.848654e+02    0.000000e+00    2.914284e+02   -5.934319e+00    7.206719e+00    6.624955e+02    0.000000e+00
   4.019417e-02    4.642799e+02    6.335967e-01    4.636463e+02    0.000000e+00    2.828337e+02   -5.848016e+00    7.170393e+00    6.466985e+02    0.000000e+00
   4.128454e-02    4.439310e+02    6.240646e-01    4.433070e+02    0.000000e+00    2.744726e+02   -5.762778e+00    7.134056e+00    6.304730e+02    0.000000e+00
   4.240449e-02    4.244268e+02    6.146393e-01    4.238121e+02    0.000000e+00    2.663391e+02   -5.678590e+00    7.097891e+00    6.148725e+02    0.000000e+00
   4.355482e-02    4.057336e+02    6.053811e-01    4.051282e+02    0.000000e+00    2.584272e+02   -5.595441e+00    7.062155e+00    6.000114e+02    0.000000e+00
   4.473635e-02    3.878187e+02    5.962342e-01    3.872225e+02    0.000000e+00    2.507310e+02   -5.513315e+00    7.026465e+00    5.847471e+02    0.000000e+00
   4.594994e-02    3.706509e+02    5.871899e-01    3.700637e+02    0.000000e+00    2.432451e+02   -5.432199e+00    6.991082e+00    5.708193e+02    0.000000e+00
   4.719645e-02    3.542002e+02    5.782505e-01    3.536219e+02    0.000000e+00    2.359638e+02   -5.352080e+00    6.955755e+00    5.567024e+02    0.000000e+00
   4.847677e-02    3.384378e+02    5.694170e-01    3.378683e+02    0.000000e+00    2.288818e+02   -5.272944e+00    6.920562e+00    5.430365e+02    0.000000e+00
   4.979183e-02    3.233359e+02    5.606887e-01    3.227753e+02    0.000000e+00    2.219939e+02   -5.194779e+00    6.885616e+00    5.298702e+02    0.000000e+00
   5.114255e-02    3.088682e+02    5.520641e-01    3.083161e+02    0.000000e+00    2.152950e+02   -5.117572e+00    6.850720e+00    5.166868e+02    0.000000e+00
   5.252993e-02    2.950089e+02    5.435404e-01    2.944654e+02    0.000000e+00    2.087803e+02   -5.041310e+00    6.816020e+00    5.043147e+02    0.000000e+00
   5.395493e-02    2.817336e+02    5.351142e-01    2.811985e+02    0.000000e+00    2.024448e+02   -4.965982e+00    6.781465e+00    4.917297e+02    0.000000e+00
   5.541860e-02    2.690188e+02    5.267907e-01    2.684920e+02    0.000000e+00    1.962840e+02   -4.891576e+00    6.746978e+00    4.800267e+02    0.000000e+00
   5.692197e-02    2.568419e+02    5.186010e-01    2.563233e+02    0.000000e+00    1.902932e+02   -4.818079e+00    6.712858e+00    4.680925e+02    0.000000e+00
   5.846612e-02    2.451811e+02    5.105000e-01    2.446706e+02    0.000000e+00    1.844680e+02   -4.745480e+00    6.678821e+00    4.569563e+02    0.000000e+00
   6.005216e-02    2.340155e+02    5.024814e-01    2.335130e+02    0.000000e+00    1.788041e+02   -4.673767e+00    6.644788e+00    4.456860e+02    0.000000e+00
   6.168123e-02    2.233249e+02    4.945387e-01    2.228304e+02    0.000000e+00    1.732973e+02   -4.602928e+00    6.610875e+00    4.350323e+02    0.000000e+00
   6.335449e-02    2.130905e+02    4.867331e-01    2.126037e+02    0.000000e+00    1.679435e+02   -4.532954e+00    6.577262e+00    4.244161e+02    0.000000e+00
   6.507314e-02    2.032934e+02    4.790081e-01    2.028144e+02    0.000000e+00    1.627387e+02   -4.463832e+00    6.543658e+00    4.141744e+02    0.000000e+00
   6.683841e-02    1.939159e+02    4.713426e-01    1.934446e+02    0.000000e+00    1.576790e+02   -4.395550e+00    6.510063e+00    4.041883e+02    0.000000e+00
   6.865157e-02    1.849413e+02    4.638239e-01    1.844774e+02    0.000000e+00    1.527607e+02   -4.328102e+00    6.476858e+00    3.942994e+02    0.000000e+00
   7.051392e-02    1.763526e+02    4.563485e-01    1.758963e+02    0.000000e+00    1.479799e+02   -4.261473e+00    6.443511e+00    3.849120e+02    0.000000e+00
   7.242679e-02    1.681347e+02    4.489986e-01    1.676857e+02    0.000000e+00    1.433333e+02   -4.195655e+00    6.410394e+00    3.755835e+02    0.000000e+00
   7.439155e-02    1.602720e+02    4.416956e-01    1.598303e+02    0.000000e+00    1.388172e+02   -4.130636e+00    6.377293e+00    3.665012e+02    0.000000e+00
   7.640961e-02    1.527503e+02    4.345242e-01    1.523158e+02    0.000000e+00    1.344282e+02   -4.066409e+00    6.344458e+00    3.577433e+02    0.000000e+00
   7.848241e-02    1.455555e+02    4.274095e-01    1.451281e+02    0.000000e+00    1.301631e+02   -4.002961e+00    6.311555e+00    3.491022e+02    0.000000e+00
   8.061145e-02    1.386742e+02    4.203781e-01    1.382538e+02    0.000000e+00    1.260186e+02   -3.940284e+00    6.278710e+00    3.406463e+02    0.000000e+00
   8.279823e-02    1.320937e+02    4.134499e-01    1.316802e+02    0.000000e+00    1.219915e+02   -3.878368e+00    6.246123e+00    3.325262e+02    0.000000e+00
   8.504435e-02    1.258015e+02    4.065921e-01    1.253949e+02    0.000000e+00    1.180789e+02   -3.817204e+00    6.213534e+00    3.245445e+02    0.000000e+00
   8.735139e-02    1.197857e+02    3.998097e-01    1.193859e+02    0.000000e+00    1.142777e+02   -3.756783e+00    6.180973e+00    3.167206e+02    0.000000e+00
   8.972102e-02    1.140351e+02    3.931062e-01    1.136420e+02    0.000000e+00    1.105850e+02   -3.697094e+00    6.148462e+00    3.090669e+02    0.000000e+00
   9.215493e-02    1.085386e+02    3.864833e-01    1.081521e+02    0.000000e+00    1.069979e+02   -3.638131e+00    6.116024e+00    3.016885e+02    0.000000e+00
   9.465486e-02    1.032858e+02    3.799415e-01    1.029059e+02    0.000000e+00    1.035138e+02   -3.579884e+00    6.083705e+00    2.944653e+02    0.000000e+00
   9.722262e-02    9.826663e+01    3.806054e-01    9.788602e+01    0.000000e+00    1.001300e+02   -3.522344e+00    6.086476e+00    2.874002e+02    0.000000e+00
   9.986002e-02    9.347134e+01    3.727173e-01    9.309862e+01    0.000000e+00    9.684374e+01   -3.465503e+00    6.047161e+00    2.804961e+02    0.000000e+00
   1.025690e-01    8.889065e+01    3.718150e-01    8.851883e+01    0.000000e+00    9.365258e+01   -3.409353e+00    6.042155e+00    2.737535e+02    0.000000e+00
   1.053514e-01    8.451562e+01    3.613505e-01    8.415427e+01    0.000000e+00    9.055401e+01   -3.353885e+00    5.989350e+00    2.671712e+02    0.000000e+00
   1.082093e-01    8.033765e+01    3.562558e-01    7.998139e+01    0.000000e+00    8.754561e+01   -3.299091e+00    5.962991e+00    2.607463e+02    0.000000e+00
   1.111448e-01    7.634850e+01    3.528239e-01    7.599568e+01    0.000000e+00    8.462501e+01   -3.244964e+00    5.944971e+00    2.544754e+02    0.000000e+00
   1.141599e-01    7.254036e+01    3.440463e-01    7.219632e+01    0.000000e+00    8.178994e+01   -3.191496e+00    5.899213e+00    2.483539e+02    0.000000e+00
   1.172568e-01    6.890556e+01    3.399677e-01    6.856559e+01    0.000000e+00    7.903813e+01   -3.138678e+00    5.877390e+00    2.423772e+02    0.000000e+00
   1.204376e-01    6.543679e+01    3.352759e-01    6.510151e+01    0.000000e+00    7.636743e+01   -3.086504e+00    5.852143e+00    2.365400e+02    0.000000e+00
   1.237048e-01    6.212712e+01    3.276667e-01    6.179945e+01    0.000000e+00    7.377568e+01   -3.034967e+00    5.811197e+00    2.308372e+02    0.000000e+00
   1.270606e-01    5.896977e+01    3.235421e-01    5.864623e+01    0.000000e+00    7.126084e+01   -2.984058e+00    5.788397e+00    2.252631e+02    0.000000e+00
   1.305075e-01    5.595831e+01    3.193137e-01    5.563900e+01    0.000000e+00    6.882087e+01   -2.933771e+00    5.764885e+00    2.198125e+02    0.000000e+00
   1.340478e-01    5.308658e+01    3.119774e-01    5.277461e+01    0.000000e+00    6.645382e+01   -2.884099e+00    5.724128e+00    2.144799e+02    0.000000e+00
   1.376842e-01    5.034858e+01    3.072592e-01    5.004133e+01    0.000000e+00    6.415775e+01   -2.835035e+00    5.697332e+00    2.092679e+02    0.000000e+00
   1.414192e-01    4.773862e+01    3.045644e-01    4.743406e+01    0.000000e+00    6.193080e+01   -2.786572e+00    5.681558e+00    2.041945e+02    0.000000e+00
   1.452556e-01    4.525123e+01    2.972216e-01    4.495401e+01    0.000000e+00    5.977115e+01   -2.738704e+00    5.639513e+00    1.992239e+02    0.000000e+00
   1.491960e-01    4.288114e+01    2.916969e-01    4.258944e+01    0.000000e+00    5.767702e+01   -2.691423e+00    5.607221e+00    1.943510e+02    0.000000e+00
   1.532433e-01    4.062332e+01    2.877245e-01    4.033559e+01    0.000000e+00    5.564667e+01   -2.644724e+00    5.583506e+00    1.896019e+02    0.000000e+00
   1.574004e-01    3.847290e+01    2.838862e-01    3.818901e+01    0.000000e+00    5.367843e+01   -2.598601e+00    5.560333e+00    1.849539e+02    0.000000e+00
   1.616703e-01    3.642524e+01    2.775607e-01    3.614768e+01    0.000000e+00    5.177063e+01   -2.553046e+00    5.522303e+00    1.803960e+02    0.000000e+00
   1.660560e-01    3.447586e+01    2.724655e-01    3.420339e+01    0.000000e+00    4.992168e+01   -2.508054e+00    5.491052e+00    1.759555e+02    0.000000e+00
   1.705607e-01    3.262050e+01    2.683041e-01    3.235219e+01    0.000000e+00    4.813001e+01   -2.463619e+00    5.465045e+00    1.715920e+02    0.000000e+00
   1.751876e-01    3.085504e+01    2.648239e-01    3.059022e+01    0.000000e+00    4.639409e+01   -2.419735e+00    5.442898e+00    1.673405e+02    0.000000e+00
   1.799400e-01    2.917552e+01    2.595307e-01    2.891599e+01    0.000000e+00    4.471242e+01   -2.376395e+00    5.409393e+00    1.631673e+02    0.000000e+00
   1.848214e-01    2.757819e+01    2.543499e-01    2.732384e+01    0.000000e+00    4.308357e+01   -2.333595e+00    5.376135e+00    1.590869e+02    0.000000e+00
   1.898351e-01    2.605939e+01    2.497655e-01    2.580962e+01    0.000000e+00    4.150610e+01   -2.291329e+00    5.346159e+00    1.550955e+02    0.000000e+00
   1.949849e-01    2.461563e+01    2.456154e-01    2.437001e+01    0.000000e+00    3.997863e+01   -2.249590e+00    5.318557e+00    1.511820e+02    0.000000e+00
   2.002743e-01    2.324358e+01    2.417698e-01    2.300181e+01    0.000000e+00    3.849982e+01   -2.208374e+00    5.292577e+00    1.473489e+02    0.000000e+00
   2.057073e-01    2.194004e+01    2.381246e-01    2.170191e+01    0.000000e+00    3.706835e+01   -2.167675e+00    5.267592e+00    1.436034e+02    0.000000e+00
   2.112876e-01    2.070193e+01    2.333979e-01    2.046853e+01    0.000000e+00    3.568294e+01   -2.127488e+00    5.235217e+00    1.399327e+02    0.000000e+00
   2.170193e-01    1.952630e+01    2.288385e-01    1.929746e+01    0.000000e+00    3.434232e+01   -2.087807e+00    5.203467e+00    1.363364e+02    0.000000e+00
   2.229065e-01    1.841032e+01    2.245285e-01    1.818580e+01    0.000000e+00    3.304528e+01   -2.048627e+00    5.172957e+00    1.328132e+02    0.000000e+00
   2.289534e-01    1.735128e+01    2.204013e-01    1.713088e+01    0.000000e+00    3.179062e+01   -2.009943e+00    5.143257e+00    1.293616e+02    0.000000e+00
   2.351644e-01    1.634657e+01    2.164069e-01    1.613016e+01    0.000000e+00    3.057718e+01   -1.971750e+00    5.114063e+00    1.259797e+02    0.000000e+00
   2.415438e-01    1.539371e+01    2.125117e-01    1.518120e+01    0.000000e+00    2.940382e+01   -1.934043e+00    5.085157e+00    1.226653e+02    0.000000e+00
   2.480963e-01    1.449030e+01    2.086836e-01    1.428162e+01    0.000000e+00    2.826942e+01   -1.896817e+00    5.056319e+00    1.194163e+02    0.000000e+00
   2.548265e-01    1.363406e+01    2.049056e-01    1.342915e+01    0.000000e+00    2.717291e+01   -1.860066e+00    5.027433e+00    1.162366e+02    0.000000e+00
   2.617393e-01    1.282279e+01    2.011702e-01    1.262162e+01    0.000000e+00    2.611322e+01   -1.823787e+00    4.998446e+00    1.131192e+02    0.000000e+00
   2.688397e-01    1.205438e+01    1.974694e-01    1.185691e+01    0.000000e+00    2.508932e+01   -1.787973e+00    4.969286e+00    1.100606e+02    0.000000e+00
   2.761326e-01    1.132683e+01    1.938040e-01    1.113302e+01    0.000000e+00    2.410021e+01   -1.752621e+00    4.939963e+00    1.070665e+02    0.000000e+00
   2.836234e-01    1.063819e+01    1.901783e-01    1.044801e+01    0.000000e+00    2.314489e+01   -1.717724e+00    4.910503e+00    1.041288e+02    0.000000e+00
   2.913174e-01    9.986631e+00    1.866022e-01    9.800029e+00    0.000000e+00    2.222240e+01   -1.683280e+00    4.880974e+00    1.012514e+02    0.000000e+00
   2.992202e-01    9.370369e+00    1.830817e-01    9.187287e+00    0.000000e+00    2.133181e+01   -1.649282e+00    4.851421e+00    9.842784e+01    0.000000e+00
   3.073373e-01    8.787715e+00    1.796298e-01    8.608085e+00    0.000000e+00    2.047218e+01   -1.615727e+00    4.821949e+00    9.566254e+01    0.000000e+00
   3.156746e-01    8.237038e+00    1.762572e-01    8.060781e+00    0.000000e+00    1.964264e+01   -1.582608e+00    4.792648e+00    9.295135e+01    0.000000e+00
   3.242380e-01    7.716800e+00    1.729795e-01    7.543820e+00    0.000000e+00    1.884230e+01   -1.549923e+00    4.763653e+00    9.029297e+01    0.000000e+00
   3.330338e-01    7.225503e+00    1.698073e-01    7.055696e+00    0.000000e+00    1.807030e+01   -1.517665e+00    4.735069e+00    8.768693e+01    0.000000e+00
   3.420682e-01    6.761727e+00    1.667533e-01    6.594973e+00    0.000000e+00    1.732581e+01   -1.485831e+00    4.707019e+00    8.513246e+01    0.000000e+00
   3.513477e-01    6.324115e+00    1.633992e-01    6.160716e+00    0.000000e+00    1.660801e+01   -1.454415e+00    4.675987e+00    8.262858e+01    0.000000e+00
   3.608789e-01    5.911366e+00    1.601086e-01    5.751258e+00    0.000000e+00    1.591610e+01   -1.423413e+00    4.644970e+00    8.017412e+01    0.000000e+00
   3.706686e-01    5.522232e+00    1.569806e-01    5.365251e+00    0.000000e+00    1.524930e+01   -1.392820e+00    4.614833e+00    7.776782e+01    0.000000e+00
   3.807239e-01    5.155529e+00    1.540287e-01    5.001501e+00    0.000000e+00    1.460686e+01   -1.362631e+00    4.585738e+00    7.541147e+01    0.000000e+00
   3.910520e-01    4.810123e+00    1.512282e-01    4.658895e+00    0.000000e+00    1.398802e+01   -1.332843e+00    4.557512e+00    7.310131e+01    0.000000e+00
   4.016603e-01    4.484926e+00    1.480667e-01    4.336859e+00    0.000000e+00    1.339206e+01   -1.303449e+00    4.525535e+00    7.083823e+01    0.000000e+00
   4.125564e-01    4.178905e+00    1.451379e-01    4.033767e+00    0.000000e+00    1.281826e+01   -1.274446e+00    4.495122e+00    6.862018e+01    0.000000e+00
   4.237480e-01    3.891072e+00    1.424478e-01    3.748624e+00    0.000000e+00    1.226594e+01   -1.245830e+00    4.466407e+00    6.644893e+01    0.000000e+00
   4.352432e-01    3.620481e+00    1.395399e-01    3.480941e+00    0.000000e+00    1.173442e+01   -1.217594e+00    4.435127e+00    6.432191e+01    0.000000e+00
   4.470503e-01    3.366234e+00    1.367642e-01    3.229469e+00    0.000000e+00    1.122302e+01   -1.189736e+00    4.404548e+00    6.223896e+01    0.000000e+00
   4.591777e-01    3.127475e+00    1.341872e-01    2.993288e+00    0.000000e+00    1.073110e+01   -1.162250e+00    4.375361e+00    6.019966e+01    0.000000e+00
   4.716340e-01    2.903388e+00    1.313927e-01    2.771995e+00    0.000000e+00    1.025804e+01   -1.135133e+00    4.343485e+00    5.820342e+01    0.000000e+00
   4.844283e-01    2.693190e+00    1.289194e-01    2.564271e+00    0.000000e+00    9.803205e+00   -1.108380e+00    4.314254e+00    5.624955e+01    0.000000e+00
   4.975696e-01    2.496146e+00    1.262214e-01    2.369924e+00    0.000000e+00    9.365998e+00   -1.081989e+00    4.282183e+00    5.433894e+01    0.000000e+00
   5.110675e-01    2.311549e+00    1.238215e-01    2.187727e+00    0.000000e+00    8.945827e+00   -1.055954e+00    4.252606e+00    5.246920e+01    0.000000e+00
   5.249315e-01    2.138731e+00    1.212336e-01    2.017498e+00    0.000000e+00    8.542116e+00   -1.030274e+00    4.220484e+00    5.064158e+01    0.000000e+00
   5.391716e-01    1.977053e+00    1.188336e-01    1.858219e+00    0.000000e+00    8.154302e+00   -1.004946e+00    4.189758e+00    4.885451e+01    0.000000e+00
   5.537980e-01    1.825913e+00    1.164670e-01    1.709446e+00    0.000000e+00    7.781837e+00   -9.799676e-01    4.158808e+00    4.710802e+01    0.000000e+00
   5.688211e-01    1.684737e+00    1.140713e-01    1.570666e+00    0.000000e+00    7.424182e+00   -9.553379e-01    4.126929e+00    4.540187e+01    0.000000e+00
   5.842519e-01    1.552979e+00    1.117757e-01    1.441203e+00    0.000000e+00    7.080816e+00   -9.310560e-01    4.095550e+00    4.373566e+01    0.000000e+00
   6.001012e-01    1.430125e+00    1.095433e-01    1.320581e+00    0.000000e+00    6.751228e+00   -9.071229e-01    4.064276e+00    4.210883e+01    0.000000e+00
   6.163804e-01    1.315685e+00    1.073505e-01    1.208334e+00    0.000000e+00    6.434919e+00   -8.835402e-01    4.032841e+00    4.052109e+01    0.000000e+00
   6.331013e-01    1.209193e+00    1.051503e-01    1.104043e+00    0.000000e+00    6.131404e+00   -8.603103e-01    4.000686e+00    3.897241e+01    0.000000e+00
   6.502758e-01    1.110209e+00    1.030045e-01    1.007205e+00    0.000000e+00    5.840211e+00   -8.374375e-01    3.968530e+00    3.746218e+01    0.000000e+00
   6.679162e-01    1.018317e+00    1.009094e-01    9.174073e-01    0.000000e+00    5.560878e+00   -8.149277e-01    3.936336e+00    3.599004e+01    0.000000e+00
   6.860351e-01    9.331169e-01    9.883807e-02    8.342788e-01    0.000000e+00    5.292958e+00   -7.927879e-01    3.903772e+00    3.455575e+01    0.000000e+00
   7.046455e-01    8.542326e-01    9.679562e-02    7.574369e-01    0.000000e+00    5.036016e+00   -7.710271e-01    3.870893e+00    3.315892e+01    0.000000e+00
   7.237608e-01    7.813027e-01    9.480617e-02    6.864966e-01    0.000000e+00    4.789627e+00   -7.496558e-01    3.838005e+00    3.179911e+01    0.000000e+00
   7.433947e-01    7.139849e-01    9.288011e-02    6.211048e-01    0.000000e+00    4.553381e+00   -7.286864e-01    3.805253e+00    3.047642e+01    0.000000e+00
   7.635611e-01    6.519999e-01    9.094690e-02    5.610530e-01    0.000000e+00    4.326880e+00   -7.083404e-01    3.771707e+00    2.919002e+01    0.000000e+00
   7.842746e-01    5.950016e-01    8.908302e-02    5.059186e-01    0.000000e+00    4.109738e+00   -6.885276e-01    3.738380e+00    2.793969e+01    0.000000e+00
   8.055501e-01    5.426628e-01    8.724196e-02    4.554208e-01    0.000000e+00    3.901582e+00   -6.691691e-01    3.704648e+00    2.672513e+01    0.000000e+00
   8.274027e-01    4.946908e-01    8.543414e-02    4.092567e-01    0.000000e+00    3.702051e+00   -6.502818e-01    3.670646e+00    2.554587e+01    0.000000e+00
   8.498481e-01    4.508039e-01    8.366531e-02    3.671386e-01    0.000000e+00    3.510799e+00   -6.318832e-01    3.636454e+00    2.440157e+01    0.000000e+00
   8.729023e-01    4.107308e-01    8.193084e-02    3.287999e-01    0.000000e+00    3.327491e+00   -6.139909e-01    3.602005e+00    2.329180e+01    0.000000e+00
   8.965820e-01    3.742084e-01    8.022343e-02    2.939850e-01    0.000000e+00    3.151804e+00   -5.966217e-01    3.567189e+00    2.221627e+01    0.000000e+00
   9.209041e-01    3.409832e-01    7.855470e-02    2.624285e-01    0.000000e+00    2.983430e+00   -5.797913e-01    3.532174e+00    2.117438e+01    0.000000e+00
   9.458859e-01    3.108109e-01    7.691711e-02    2.338938e-01    0.000000e+00    2.822072e+00   -5.635139e-01    3.496846e+00    2.016592e+01    0.000000e+00
   9.715455e-01    2.834568e-01    7.531097e-02    2.081458e-01    0.000000e+00    2.667446e+00   -5.478016e-01    3.461204e+00    1.919014e+01    0.000000e+00
   9.979011e-01    2.586957e-01    7.373728e-02    1.849584e-01    0.000000e+00    2.519281e+00   -5.326640e-01    3.425263e+00    1.824686e+01   4.940656e-324
   1.024972e+00    2.363129e-01    7.219431e-02    1.641186e-01    0.000000e+00    2.377317e+00   -5.181078e-01    3.388990e+00    1.733542e+01  -1.058837e-318
   1.052777e+00    2.161050e-01    7.068243e-02    1.454226e-01    0.000000e+00    2.241309e+00   -5.041370e-01    3.352388e+00    1.645538e+01  -1.030566e-313
   1.081336e+00    1.978792e-01    6.920118e-02    1.286781e-01    0.000000e+00    2.111021e+00   -4.907523e-01    3.315446e+00    1.560634e+01   9.368526e-308
   1.110670e+00    1.814551e-01    6.774926e-02    1.137058e-01    0.000000e+00    1.986230e+00   -4.779513e-01    3.278136e+00    1.478766e+01   4.264714e-302
   1.140800e+00    1.666639e-01    6.632739e-02    1.003365e-01    0.000000e+00    1.866724e+00   -4.657287e-01    3.240469e+00    1.399887e+01   2.465852e-296
   1.171747e+00    1.533491e-01    6.493483e-02    8.841422e-02    0.000000e+00    1.752301e+00   -4.540766e-01    3.202425e+00    1.323940e+01   7.920081e-291
   1.203533e+00    1.413661e-01    6.357127e-02    7.779484e-02    0.000000e+00    1.642770e+00   -4.429844e-01    3.163996e+00    1.250881e+01  -2.478707e-284
   1.236182e+00    1.305825e-01    6.223639e-02    6.834607e-02    0.000000e+00    1.537952e+00   -4.324397e-01    3.125169e+00    1.180645e+01   4.297027e-278
   1.269717e+00    1.208769e-01    6.092988e-02    5.994705e-02    0.000000e+00    1.437675e+00   -4.224280e-01    3.085938e+00    1.113179e+01  -1.009820e-271
   1.304161e+00    1.121394e-01    5.965149e-02    5.248791e-02    0.000000e+00    1.341778e+00   -4.129335e-01    3.046289e+00    1.048426e+01  -2.227760e-265
   1.339540e+00    1.042702e-01    5.840098e-02    4.586920e-02    0.000000e+00    1.250109e+00   -4.039395e-01    3.006213e+00    9.863284e+00   7.864509e-260
   1.375878e+00    9.717932e-02    5.717813e-02    4.000119e-02    0.000000e+00    1.162523e+00   -3.954283e-01    2.965701e+00    9.268333e+00  -1.061319e-251
   1.413202e+00    9.078605e-02    5.598281e-02    3.480324e-02    0.000000e+00    1.078885e+00   -3.873820e-01    2.924744e+00    8.698782e+00  -2.874313e-244
   1.451539e+00    8.501788e-02    5.481487e-02    3.020301e-02    0.000000e+00    9.990664e-01   -3.797823e-01    2.883335e+00    8.154033e+00   6.779052e-237
   1.490916e+00    7.980986e-02    5.367414e-02    2.613572e-02    0.000000e+00    9.229479e-01   -3.726109e-01    2.841464e+00    7.633510e+00  -2.134224e-229
   1.531360e+00    7.510466e-02    5.256089e-02    2.254377e-02    0.000000e+00    8.504159e-01   -3.658506e-01    2.799132e+00    7.136613e+00  -5.801547e-222
   1.572902e+00    7.085007e-02    5.147469e-02    1.937538e-02    0.000000e+00    7.813646e-01   -3.594828e-01    2.756327e+00    6.662765e+00  -1.309009e-214
   1.615571e+00    6.700112e-02    5.041621e-02    1.658491e-02    0.000000e+00    7.156944e-01   -3.534920e-01    2.713053e+00    6.211392e+00  -1.376958e-205
   1.659398e+00    6.351633e-02    4.938506e-02    1.413127e-02    0.000000e+00    6.533125e-01   -3.478606e-01    2.669299e+00    5.781852e+00  -4.677788e-198
   1.704413e+00    6.035993e-02    4.838175e-02    1.197818e-02    0.000000e+00    5.941323e-01   -3.425737e-01    2.625076e+00    5.373593e+00  -9.201096e-190
   1.750650e+00    5.749962e-02    4.740639e-02    1.009323e-02    0.000000e+00    5.380730e-01   -3.376161e-01    2.580373e+00    4.986032e+00   1.116052e-179
   1.798141e+00    5.490804e-02    4.646023e-02    8.447802e-03    0.000000e+00    4.850602e-01   -3.329756e-01    2.535227e+00    4.618547e+00   1.261806e-170
   1.846920e+00    5.255856e-02    4.554263e-02    7.015934e-03    0.000000e+00    4.350250e-01   -3.286365e-01    2.489609e+00    4.270571e+00   2.415931e-161
   1.897022e+00    5.043058e-02    4.465557e-02    5.775010e-03    0.000000e+00    3.879043e-01   -3.245898e-01    2.443571e+00    3.941523e+00  -1.098082e-151
   1.948484e+00    4.850298e-02    4.379863e-02    4.704353e-03    0.000000e+00    3.436408e-01   -3.208214e-01    2.397101e+00    3.630820e+00   6.853317e-142
   2.001341e+00    4.675818e-02    4.297248e-02    3.785691e-03    0.000000e+00    3.021825e-01   -3.173204e-01    2.350209e+00    3.337886e+00   8.741234e-132
   2.055633e+00    4.518327e-02    4.218036e-02    3.002908e-03    0.000000e+00    2.634834e-01   -3.140821e-01    2.302981e+00    3.062150e+00   2.425240e-121
   2.111397e+00    4.376226e-02    4.142124e-02    2.341027e-03    0.000000e+00    2.275030e-01   -3.110929e-01    2.255393e+00    2.803032e+00  -4.658670e-111
   2.168674e+00    4.248413e-02    4.069722e-02    1.786906e-03    0.000000e+00    1.942064e-01   -3.083465e-01    2.207500e+00    2.559976e+00   8.222856e-100
   2.227505e+00    4.133816e-02    4.000957e-02    1.328592e-03    0.000000e+00    1.635648e-01   -3.058352e-01    2.159336e+00    2.332402e+00   -2.435067e-89
   2.287931e+00    4.031612e-02    3.936079e-02    9.553327e-04    0.000000e+00    1.355551e-01   -3.035546e-01    2.110972e+00    2.119758e+00    3.496609e-77
   2.349997e+00    3.940967e-02    3.875236e-02    6.573023e-04    0.000000e+00    1.101606e-01   -3.014984e-01    2.062450e+00    1.921472e+00    1.170008e-65
   2.413747e+00    3.861317e-02    3.818755e-02    4.256199e-04    0.000000e+00    8.737092e-02   -2.996645e-01    2.013864e+00    1.736990e+00    5.584859e-53
   2.479226e+00    3.791977e-02    3.766768e-02    2.520864e-04    0.000000e+00    6.718232e-02   -2.980465e-01    1.965256e+00    1.565746e+00    1.182237e-40
   2.546481e+00    3.732513e-02    3.719593e-02    1.292040e-04    0.000000e+00    4.959825e-02   -2.966427e-01    1.916712e+00    1.407187e+00    1.683288e-27
   2.615561e+00    3.682510e-02    3.677513e-02    4.997610e-05    0.000000e+00    3.462962e-02   -2.954502e-01    1.868305e+00    1.260753e+00   -2.211081e-14
   2.686515e+00    3.641931e-02    3.641126e-02    8.055008e-06    0.000000e+00    2.229527e-02   -2.944742e-01    1.820212e+00    1.125891e+00    5.058484e-11
   2.759393e+00    3.610300e-02    3.610300e-02   -3.153090e-22    0.000000e+00    1.262279e-02   -2.937082e-01    1.772366e+00    1.002044e+00    1.184954e-09
   2.834249e+00    3.587745e-02    3.587745e-02   -1.214838e-21    0.000000e+00    5.649013e-03   -2.931592e-01    1.725579e+00    8.886635e-01    2.017323e-08
   2.911135e+00    3.574067e-02    3.574067e-02   -1.668393e-21    0.000000e+00    1.421168e-03   -2.928251e-01    1.679996e+00    7.852015e-01    2.609199e-07
   2.990107e+00    3.569469e-02    3.569469e-02   -1.512719e-21    0.000000e+00    0.000000e+00   -2.927125e-01    1.635623e+00    6.911067e-01    2.606044e-06
