# All units in Hartree [AU] if not specified
# Convergence: Err(φ)=-inf, Err(n_e)=8.587e-10, Err(IET)=9.993e-13, Q_net=3.013e-07
# {"name":"Al", "Z":13, "Zstar":3.3611538308164173, "A":26.981539,  "μ[AU]": 3.2965230488e-01, "Te[AU]": 1.102e-01, "Ti[AU]": 3.675e-02, "rs[AU]": 2.990e+00 }
   r[AU]           n[AU]           nf[AU]          nb[AU]          n_ion[AU]       φtot[AU]        δVxc/δρ[Au]     U_ei[AU]        U_ii[AU]        g_ii            
   1.000000e-03    1.413595e+05    5.495741e+00    1.413540e+05    0.000000e+00    1.294704e+04   -3.865974e+01    1.580524e+01    5.051223e+03    0.000000e+00
   1.027128e-03    1.357821e+05    5.389200e+00    1.357767e+05    0.000000e+00    1.260370e+04   -3.814653e+01    1.562015e+01    5.034083e+03    0.000000e+00
   1.054991e-03    1.304243e+05    5.274545e+00    1.304191e+05    0.000000e+00    1.226943e+04   -3.764011e+01    1.542043e+01    5.016478e+03    0.000000e+00
   1.083610e-03    1.252776e+05    5.262945e+00    1.252723e+05    0.000000e+00    1.194398e+04   -3.714040e+01    1.539998e+01    4.998396e+03    0.000000e+00
   1.113006e-03    1.203334e+05    5.190922e+00    1.203282e+05    0.000000e+00    1.162713e+04   -3.664730e+01    1.527387e+01    4.979822e+03    0.000000e+00
   1.143199e-03    1.155839e+05    5.066036e+00    1.155788e+05    0.000000e+00    1.131866e+04   -3.616071e+01    1.505298e+01    4.960746e+03    0.000000e+00
   1.174211e-03    1.110215e+05    5.028109e+00    1.110164e+05    0.000000e+00    1.101833e+04   -3.568057e+01    1.498610e+01    4.941151e+03    0.000000e+00
   1.206065e-03    1.066387e+05    4.985365e+00    1.066337e+05    0.000000e+00    1.072593e+04   -3.520677e+01    1.491011e+01    4.921025e+03    0.000000e+00
   1.238782e-03    1.024284e+05    4.894571e+00    1.024235e+05    0.000000e+00    1.044126e+04   -3.473924e+01    1.474764e+01    4.900353e+03    0.000000e+00
   1.272387e-03    9.838400e+04    4.793091e+00    9.837920e+04    0.000000e+00    1.016411e+04   -3.427788e+01    1.456508e+01    4.879120e+03    0.000000e+00
   1.306904e-03    9.449891e+04    4.774860e+00    9.449414e+04    0.000000e+00    9.894276e+03   -3.382264e+01    1.453186e+01    4.857312e+03    0.000000e+00
   1.342357e-03    9.076679e+04    4.713014e+00    9.076208e+04    0.000000e+00    9.631573e+03   -3.337340e+01    1.442062e+01    4.834911e+03    0.000000e+00
   1.378772e-03    8.718162e+04    4.613246e+00    8.717700e+04    0.000000e+00    9.375810e+03   -3.293010e+01    1.423864e+01    4.811903e+03    0.000000e+00
   1.416175e-03    8.373769e+04    4.561312e+00    8.373313e+04    0.000000e+00    9.126803e+03   -3.249266e+01    1.414410e+01    4.788271e+03    0.000000e+00
   1.454592e-03    8.042943e+04    4.523962e+00    8.042491e+04    0.000000e+00    8.884374e+03   -3.206101e+01    1.407544e+01    4.763998e+03    0.000000e+00
   1.494051e-03    7.725145e+04    4.452069e+00    7.724699e+04    0.000000e+00    8.648350e+03   -3.163505e+01    1.394298e+01    4.739066e+03    0.000000e+00
   1.534581e-03    7.419861e+04    4.350265e+00    7.419426e+04    0.000000e+00    8.418561e+03   -3.121471e+01    1.375386e+01    4.713458e+03    0.000000e+00
   1.576211e-03    7.126611e+04    4.329539e+00    7.126178e+04    0.000000e+00    8.194842e+03   -3.079994e+01    1.371556e+01    4.687155e+03    0.000000e+00
   1.618969e-03    6.844911e+04    4.281419e+00    6.844483e+04    0.000000e+00    7.977033e+03   -3.039063e+01    1.362612e+01    4.660139e+03    0.000000e+00
   1.662888e-03    6.574305e+04    4.205906e+00    6.573885e+04    0.000000e+00    7.764979e+03   -2.998673e+01    1.348406e+01    4.632389e+03    0.000000e+00
   1.707998e-03    6.314361e+04    4.131605e+00    6.313948e+04    0.000000e+00    7.558527e+03   -2.958816e+01    1.334443e+01    4.603887e+03    0.000000e+00
   1.754332e-03    6.064663e+04    4.103525e+00    6.064253e+04    0.000000e+00    7.357529e+03   -2.919486e+01    1.329099e+01    4.574612e+03    0.000000e+00
   1.801923e-03    5.824801e+04    4.050409e+00    5.824396e+04    0.000000e+00    7.161842e+03   -2.880674e+01    1.319036e+01    4.544543e+03    0.000000e+00
   1.850804e-03    5.594388e+04    3.975687e+00    5.593990e+04    0.000000e+00    6.971324e+03   -2.842374e+01    1.304754e+01    4.513658e+03    0.000000e+00
   1.901012e-03    5.373056e+04    3.920340e+00    5.372664e+04    0.000000e+00    6.785840e+03   -2.804580e+01    1.294169e+01    4.481935e+03    0.000000e+00
   1.952582e-03    5.160448e+04    3.886303e+00    5.160060e+04    0.000000e+00    6.605256e+03   -2.767284e+01    1.287622e+01    4.449352e+03    0.000000e+00
   2.005551e-03    4.956217e+04    3.832379e+00    4.955834e+04    0.000000e+00    6.429444e+03   -2.730480e+01    1.277159e+01    4.415884e+03    0.000000e+00
   2.059956e-03    4.760034e+04    3.761299e+00    4.759657e+04    0.000000e+00    6.258276e+03   -2.694161e+01    1.263400e+01    4.381509e+03    0.000000e+00
   2.115838e-03    4.571585e+04    3.715541e+00    4.571213e+04    0.000000e+00    6.091632e+03   -2.658320e+01    1.254429e+01    4.346201e+03    0.000000e+00
   2.173235e-03    4.390565e+04    3.679324e+00    4.390197e+04    0.000000e+00    5.929390e+03   -2.622953e+01    1.247382e+01    4.309936e+03    0.000000e+00
   2.232190e-03    4.216679e+04    3.627257e+00    4.216316e+04    0.000000e+00    5.771435e+03   -2.588051e+01    1.237127e+01    4.272687e+03    0.000000e+00
   2.292744e-03    4.049646e+04    3.561686e+00    4.049290e+04    0.000000e+00    5.617654e+03   -2.553609e+01    1.224198e+01    4.234427e+03    0.000000e+00
   2.354940e-03    3.889201e+04    3.518635e+00    3.888849e+04    0.000000e+00    5.467936e+03   -2.519620e+01    1.215632e+01    4.195129e+03    0.000000e+00
   2.418824e-03    3.735082e+04    3.482801e+00    3.734734e+04    0.000000e+00    5.322174e+03   -2.486080e+01    1.208484e+01    4.154765e+03    0.000000e+00
   2.484440e-03    3.587039e+04    3.434420e+00    3.586696e+04    0.000000e+00    5.180264e+03   -2.452980e+01    1.198840e+01    4.113307e+03    0.000000e+00
   2.551837e-03    3.444832e+04    3.375253e+00    3.444495e+04    0.000000e+00    5.042104e+03   -2.420316e+01    1.186922e+01    4.070723e+03    0.000000e+00
   2.621062e-03    3.308235e+04    3.330003e+00    3.307902e+04    0.000000e+00    4.907595e+03   -2.388083e+01    1.177813e+01    4.026985e+03    0.000000e+00
   2.692165e-03    3.177026e+04    3.296232e+00    3.176696e+04    0.000000e+00    4.776640e+03   -2.356273e+01    1.170932e+01    3.982060e+03    0.000000e+00
   2.765197e-03    3.050991e+04    3.252432e+00    3.050666e+04    0.000000e+00    4.649146e+03   -2.324882e+01    1.162052e+01    3.935916e+03    0.000000e+00
   2.840210e-03    2.929926e+04    3.200101e+00    2.929606e+04    0.000000e+00    4.525022e+03   -2.293903e+01    1.151335e+01    3.888520e+03    0.000000e+00
   2.917258e-03    2.813638e+04    3.149291e+00    2.813323e+04    0.000000e+00    4.404178e+03   -2.263332e+01    1.140922e+01    3.839839e+03    0.000000e+00
   2.996396e-03    2.701939e+04    3.118563e+00    2.701627e+04    0.000000e+00    4.286527e+03   -2.233163e+01    1.134581e+01    3.789837e+03    0.000000e+00
   3.077681e-03    2.594646e+04    3.079795e+00    2.594338e+04    0.000000e+00    4.171986e+03   -2.203390e+01    1.126526e+01    3.738479e+03    0.000000e+00
   3.161170e-03    2.491586e+04    3.034206e+00    2.491283e+04    0.000000e+00    4.060473e+03   -2.174008e+01    1.117086e+01    3.685727e+03    0.000000e+00
   3.246925e-03    2.392593e+04    2.982902e+00    2.392295e+04    0.000000e+00    3.951906e+03   -2.145012e+01    1.106337e+01    3.631544e+03    0.000000e+00
   3.335006e-03    2.297508e+04    2.948458e+00    2.297213e+04    0.000000e+00    3.846210e+03   -2.116396e+01    1.099140e+01    3.575892e+03    0.000000e+00
   3.425477e-03    2.206177e+04    2.914744e+00    2.205885e+04    0.000000e+00    3.743307e+03   -2.088157e+01    1.092013e+01    3.518730e+03    0.000000e+00
   3.518402e-03    2.118450e+04    2.875579e+00    2.118162e+04    0.000000e+00    3.643124e+03   -2.060288e+01    1.083749e+01    3.460017e+03    0.000000e+00
   3.613847e-03    2.034185e+04    2.831832e+00    2.033902e+04    0.000000e+00    3.545589e+03   -2.032784e+01    1.074449e+01    3.399712e+03    0.000000e+00
   3.711882e-03    1.953248e+04    2.784496e+00    1.952970e+04    0.000000e+00    3.450633e+03   -2.005641e+01    1.064354e+01    3.337770e+03    0.000000e+00
   3.812576e-03    1.875508e+04    2.755628e+00    1.875233e+04    0.000000e+00    3.358187e+03   -1.978854e+01    1.058165e+01    3.274148e+03    0.000000e+00
   3.916002e-03    1.800838e+04    2.722315e+00    1.800566e+04    0.000000e+00    3.268185e+03   -1.952418e+01    1.050963e+01    3.208801e+03    0.000000e+00
   4.022233e-03    1.729117e+04    2.685337e+00    1.728849e+04    0.000000e+00    3.180563e+03   -1.926329e+01    1.043015e+01    3.141680e+03    0.000000e+00
   4.131346e-03    1.660229e+04    2.645308e+00    1.659964e+04    0.000000e+00    3.095257e+03   -1.900581e+01    1.034284e+01    3.072739e+03    0.000000e+00
   4.243420e-03    1.594062e+04    2.602858e+00    1.593802e+04    0.000000e+00    3.012207e+03   -1.875170e+01    1.025072e+01    3.001928e+03    0.000000e+00
   4.358533e-03    1.530511e+04    2.572730e+00    1.530253e+04    0.000000e+00    2.931353e+03   -1.850092e+01    1.018447e+01    2.929195e+03    0.000000e+00
   4.476769e-03    1.469471e+04    2.541638e+00    1.469217e+04    0.000000e+00    2.852637e+03   -1.825342e+01    1.011627e+01    2.854490e+03    0.000000e+00
   4.598213e-03    1.410843e+04    2.508060e+00    1.410592e+04    0.000000e+00    2.776002e+03   -1.800915e+01    1.004220e+01    2.777758e+03    0.000000e+00
   4.722951e-03    1.354532e+04    2.472479e+00    1.354285e+04    0.000000e+00    2.701394e+03   -1.776808e+01    9.963162e+00    2.698944e+03    0.000000e+00
   4.851073e-03    1.300448e+04    2.435347e+00    1.300205e+04    0.000000e+00    2.628760e+03   -1.753016e+01    9.880679e+00    2.617993e+03    0.000000e+00
   4.982671e-03    1.248502e+04    2.399170e+00    1.248262e+04    0.000000e+00    2.558046e+03   -1.729535e+01    9.799496e+00    2.534845e+03    0.000000e+00
   5.117839e-03    1.198612e+04    2.371056e+00    1.198375e+04    0.000000e+00    2.489203e+03   -1.706361e+01    9.736605e+00    2.449442e+03    0.000000e+00
   5.256673e-03    1.150694e+04    2.341235e+00    1.150460e+04    0.000000e+00    2.422180e+03   -1.683489e+01    9.669059e+00    2.361722e+03    0.000000e+00
   5.399273e-03    1.104672e+04    2.310090e+00    1.104441e+04    0.000000e+00    2.356931e+03   -1.660916e+01    9.598768e+00    2.271622e+03    0.000000e+00
   5.545742e-03    1.060471e+04    2.277933e+00    1.060243e+04    0.000000e+00    2.293408e+03   -1.638637e+01    9.525550e+00    2.179079e+03    0.000000e+00
   5.696185e-03    1.018019e+04    2.245060e+00    1.017795e+04    0.000000e+00    2.231565e+03   -1.616649e+01    9.450483e+00    2.084024e+03    0.000000e+00
   5.850708e-03    9.772476e+03    2.211696e+00    9.770264e+03    0.000000e+00    2.171359e+03   -1.594947e+01    9.373940e+00    1.986392e+03    0.000000e+00
   6.009423e-03    9.380904e+03    2.181707e+00    9.378722e+03    0.000000e+00    2.112746e+03   -1.573528e+01    9.304710e+00    1.898413e+03    0.000000e+00
   6.172444e-03    9.004839e+03    2.154543e+00    9.002685e+03    0.000000e+00    2.055684e+03   -1.552388e+01    9.242017e+00    1.864076e+03    0.000000e+00
   6.339887e-03    8.643668e+03    2.126691e+00    8.641542e+03    0.000000e+00    2.000132e+03   -1.531523e+01    9.176895e+00    1.828806e+03    0.000000e+00
   6.511873e-03    8.296804e+03    2.098367e+00    8.294706e+03    0.000000e+00    1.946050e+03   -1.510930e+01    9.111200e+00    1.792580e+03    0.000000e+00
   6.688524e-03    7.963683e+03    2.069730e+00    7.961613e+03    0.000000e+00    1.893400e+03   -1.490604e+01    9.043886e+00    1.755371e+03    0.000000e+00
   6.869967e-03    7.643763e+03    2.040954e+00    7.641722e+03    0.000000e+00    1.842143e+03   -1.470543e+01    8.976325e+00    1.717152e+03    0.000000e+00
   7.056332e-03    7.336524e+03    2.012160e+00    7.334512e+03    0.000000e+00    1.792244e+03   -1.450742e+01    8.908203e+00    1.677897e+03    0.000000e+00
   7.247753e-03    7.041467e+03    1.983460e+00    7.039484e+03    0.000000e+00    1.743665e+03   -1.431198e+01    8.840059e+00    1.637577e+03    0.000000e+00
   7.444367e-03    6.758112e+03    1.954978e+00    6.756157e+03    0.000000e+00    1.696373e+03   -1.411908e+01    8.772187e+00    1.596163e+03    0.000000e+00
   7.646314e-03    6.485998e+03    1.928214e+00    6.484070e+03    0.000000e+00    1.650333e+03   -1.392868e+01    8.707928e+00    1.553626e+03    0.000000e+00
   7.853740e-03    6.224683e+03    1.903116e+00    6.222779e+03    0.000000e+00    1.605513e+03   -1.374076e+01    8.647755e+00    1.509935e+03    0.000000e+00
   8.066792e-03    5.973738e+03    1.877983e+00    5.971860e+03    0.000000e+00    1.561879e+03   -1.355526e+01    8.586679e+00    1.465058e+03    0.000000e+00
   8.285624e-03    5.732756e+03    1.852899e+00    5.730903e+03    0.000000e+00    1.519402e+03   -1.337217e+01    8.526200e+00    1.418965e+03    0.000000e+00
   8.510393e-03    5.501344e+03    1.827924e+00    5.499516e+03    0.000000e+00    1.478050e+03   -1.319146e+01    8.465182e+00    1.371620e+03    0.000000e+00
   8.741259e-03    5.279123e+03    1.803120e+00    5.277320e+03    0.000000e+00    1.437793e+03   -1.301307e+01    8.404643e+00    1.322992e+03    0.000000e+00
   8.978388e-03    5.065732e+03    1.778526e+00    5.063954e+03    0.000000e+00    1.398604e+03   -1.283700e+01    8.344208e+00    1.273893e+03    0.000000e+00
   9.221949e-03    4.860823e+03    1.754179e+00    4.859068e+03    0.000000e+00    1.360453e+03   -1.266320e+01    8.284073e+00    1.248237e+03    0.000000e+00
   9.472118e-03    4.664060e+03    1.730104e+00    4.662330e+03    0.000000e+00    1.323313e+03   -1.249165e+01    8.224557e+00    1.221885e+03    0.000000e+00
   9.729073e-03    4.475123e+03    1.706318e+00    4.473416e+03    0.000000e+00    1.287158e+03   -1.232231e+01    8.165121e+00    1.194818e+03    0.000000e+00
   9.992999e-03    4.293702e+03    1.682838e+00    4.292019e+03    0.000000e+00    1.251962e+03   -1.215515e+01    8.106718e+00    1.167017e+03    0.000000e+00
   1.026408e-02    4.119502e+03    1.659667e+00    4.117842e+03    0.000000e+00    1.217699e+03   -1.199015e+01    8.048257e+00    1.138461e+03    0.000000e+00
   1.054252e-02    3.952237e+03    1.636807e+00    3.950600e+03    0.000000e+00    1.184345e+03   -1.182728e+01    7.990933e+00    1.109131e+03    0.000000e+00
   1.082852e-02    3.791633e+03    1.614247e+00    3.790019e+03    0.000000e+00    1.151875e+03   -1.166650e+01    7.933659e+00    1.079005e+03    0.000000e+00
   1.112227e-02    3.637428e+03    1.591987e+00    3.635836e+03    0.000000e+00    1.120267e+03   -1.150780e+01    7.877185e+00    1.048062e+03    0.000000e+00
   1.142399e-02    3.489368e+03    1.570002e+00    3.487798e+03    0.000000e+00    1.089498e+03   -1.135113e+01    7.821023e+00    1.016280e+03    0.000000e+00
   1.173389e-02    3.347212e+03    1.548292e+00    3.345664e+03    0.000000e+00    1.059546e+03   -1.119648e+01    7.765305e+00    9.836351e+02    0.000000e+00
   1.205220e-02    3.210727e+03    1.526830e+00    3.209200e+03    0.000000e+00    1.030389e+03   -1.104381e+01    7.710130e+00    9.539706e+02    0.000000e+00
   1.237915e-02    3.079687e+03    1.505593e+00    3.078182e+03    0.000000e+00    1.002006e+03   -1.089311e+01    7.655002e+00    9.333018e+02    0.000000e+00
   1.271496e-02    2.953879e+03    1.508744e+00    2.952370e+03    0.000000e+00    9.743764e+02   -1.074434e+01    7.663052e+00    9.120723e+02    0.000000e+00
   1.305989e-02    2.833095e+03    1.487565e+00    2.831608e+03    0.000000e+00    9.474812e+02   -1.059747e+01    7.608365e+00    8.902670e+02    0.000000e+00
   1.341417e-02    2.717137e+03    1.466544e+00    2.715671e+03    0.000000e+00    9.213006e+02   -1.045248e+01    7.553292e+00    8.678701e+02    0.000000e+00
   1.377807e-02    2.605815e+03    1.445667e+00    2.604369e+03    0.000000e+00    8.958158e+02   -1.030935e+01    7.498851e+00    8.448656e+02    0.000000e+00
   1.415183e-02    2.498945e+03    1.425722e+00    2.497519e+03    0.000000e+00    8.710084e+02   -1.016805e+01    7.446233e+00    8.212371e+02    0.000000e+00
   1.453574e-02    2.396352e+03    1.406487e+00    2.394945e+03    0.000000e+00    8.468607e+02   -1.002856e+01    7.395506e+00    7.969676e+02    0.000000e+00
   1.493005e-02    2.297866e+03    1.387327e+00    2.296478e+03    0.000000e+00    8.233553e+02   -9.890853e+00    7.344664e+00    7.720398e+02    0.000000e+00
   1.533507e-02    2.203324e+03    1.368207e+00    2.201956e+03    0.000000e+00    8.004752e+02   -9.754900e+00    7.293641e+00    7.545339e+02    0.000000e+00
   1.575107e-02    2.112572e+03    1.349097e+00    2.111223e+03    0.000000e+00    7.782040e+02   -9.620680e+00    7.242618e+00    7.369960e+02    0.000000e+00
   1.617836e-02    2.025458e+03    1.329965e+00    2.024128e+03    0.000000e+00    7.565257e+02   -9.488170e+00    7.190992e+00    7.189825e+02    0.000000e+00
   1.661724e-02    1.941838e+03    1.310777e+00    1.940527e+03    0.000000e+00    7.354246e+02   -9.357347e+00    7.139399e+00    7.004802e+02    0.000000e+00
   1.706802e-02    1.861576e+03    1.292474e+00    1.860284e+03    0.000000e+00    7.148856e+02   -9.228189e+00    7.089461e+00    6.814761e+02    0.000000e+00
   1.753104e-02    1.784539e+03    1.274958e+00    1.783264e+03    0.000000e+00    6.948938e+02   -9.100674e+00    7.042047e+00    6.619564e+02    0.000000e+00
   1.800661e-02    1.710597e+03    1.257269e+00    1.709340e+03    0.000000e+00    6.754350e+02   -8.974778e+00    6.993482e+00    6.427011e+02    0.000000e+00
   1.849509e-02    1.639629e+03    1.239376e+00    1.638390e+03    0.000000e+00    6.564950e+02   -8.850479e+00    6.944475e+00    6.279866e+02    0.000000e+00
   1.899681e-02    1.571517e+03    1.221250e+00    1.570295e+03    0.000000e+00    6.380602e+02   -8.727756e+00    6.894358e+00    6.128729e+02    0.000000e+00
   1.951215e-02    1.506148e+03    1.204582e+00    1.504944e+03    0.000000e+00    6.201173e+02   -8.606590e+00    6.848210e+00    5.973492e+02    0.000000e+00
   2.004146e-02    1.443414e+03    1.187926e+00    1.442226e+03    0.000000e+00    6.026534e+02   -8.486958e+00    6.801849e+00    5.814044e+02    0.000000e+00
   2.058514e-02    1.383209e+03    1.170906e+00    1.382038e+03    0.000000e+00    5.856559e+02   -8.368838e+00    6.754191e+00    5.650271e+02    0.000000e+00
   2.114356e-02    1.325433e+03    1.153822e+00    1.324279e+03    0.000000e+00    5.691125e+02   -8.252210e+00    6.706298e+00    5.498062e+02    0.000000e+00
   2.171714e-02    1.269992e+03    1.138139e+00    1.268854e+03    0.000000e+00    5.530113e+02   -8.137058e+00    6.661886e+00    5.368423e+02    0.000000e+00
   2.230627e-02    1.216791e+03    1.121959e+00    1.215669e+03    0.000000e+00    5.373407e+02   -8.023357e+00    6.616220e+00    5.235267e+02    0.000000e+00
   2.291138e-02    1.165741e+03    1.105376e+00    1.164635e+03    0.000000e+00    5.220894e+02   -7.911088e+00    6.568781e+00    5.098499e+02    0.000000e+00
   2.353291e-02    1.116759e+03    1.090325e+00    1.115668e+03    0.000000e+00    5.072463e+02   -7.800236e+00    6.525984e+00    4.958021e+02    0.000000e+00
   2.417130e-02    1.069760e+03    1.074655e+00    1.068686e+03    0.000000e+00    4.928007e+02   -7.690778e+00    6.480781e+00    4.826292e+02    0.000000e+00
   2.482701e-02    1.024668e+03    1.059115e+00    1.023609e+03    0.000000e+00    4.787422e+02   -7.582696e+00    6.436148e+00    4.710970e+02    0.000000e+00
   2.550051e-02    9.814059e+02    1.044331e+00    9.803616e+02    0.000000e+00    4.650605e+02   -7.475973e+00    6.393181e+00    4.592519e+02    0.000000e+00
   2.619227e-02    9.399004e+02    1.028817e+00    9.388716e+02    0.000000e+00    4.517459e+02   -7.370587e+00    6.348134e+00    4.470855e+02    0.000000e+00
   2.690280e-02    9.000836e+02    1.014587e+00    8.990690e+02    0.000000e+00    4.387887e+02   -7.266525e+00    6.306466e+00    4.345891e+02    0.000000e+00
   2.763261e-02    8.618864e+02    9.996986e-01    8.608867e+02    0.000000e+00    4.261795e+02   -7.163766e+00    6.262768e+00    4.242867e+02    0.000000e+00
   2.838221e-02    8.252458e+02    9.855752e-01    8.242602e+02    0.000000e+00    4.139092e+02   -7.062294e+00    6.221106e+00    4.137343e+02    0.000000e+00
   2.915215e-02    7.900989e+02    9.711389e-01    7.891278e+02    0.000000e+00    4.019688e+02   -6.962090e+00    6.178278e+00    4.028956e+02    0.000000e+00
   2.994298e-02    7.563872e+02    9.573345e-01    7.554298e+02    0.000000e+00    3.903498e+02   -6.863139e+00    6.137248e+00    3.918699e+02    0.000000e+00
   3.075526e-02    7.240525e+02    9.431722e-01    7.231093e+02    0.000000e+00    3.790436e+02   -6.765422e+00    6.094786e+00    3.825089e+02    0.000000e+00
   3.158957e-02    6.930412e+02    9.298190e-01    6.921114e+02    0.000000e+00    3.680422e+02   -6.668927e+00    6.054787e+00    3.728940e+02    0.000000e+00
   3.244652e-02    6.632993e+02    9.159466e-01    6.623833e+02    0.000000e+00    3.573374e+02   -6.573631e+00    6.012755e+00    3.630183e+02    0.000000e+00
   3.332671e-02    6.347775e+02    9.029167e-01    6.338746e+02    0.000000e+00    3.469216e+02   -6.479525e+00    5.973414e+00    3.537085e+02    0.000000e+00
   3.423079e-02    6.074261e+02    8.897042e-01    6.065364e+02    0.000000e+00    3.367871e+02   -6.386588e+00    5.932944e+00    3.450207e+02    0.000000e+00
   3.515938e-02    5.811987e+02    8.764742e-01    5.803222e+02    0.000000e+00    3.269266e+02   -6.294805e+00    5.892684e+00    3.360972e+02    0.000000e+00
   3.611317e-02    5.560510e+02    8.639037e-01    5.551871e+02    0.000000e+00    3.173330e+02   -6.204164e+00    5.853837e+00    3.272732e+02    0.000000e+00
   3.709283e-02    5.319392e+02    8.511720e-01    5.310880e+02    0.000000e+00    3.079991e+02   -6.114647e+00    5.814706e+00    3.193020e+02    0.000000e+00
   3.809907e-02    5.088219e+02    8.383767e-01    5.079835e+02    0.000000e+00    2.989183e+02   -6.026239e+00    5.774841e+00    3.111146e+02    0.000000e+00
   3.913260e-02    4.866601e+02    8.262374e-01    4.858339e+02    0.000000e+00    2.900839e+02   -5.938928e+00    5.737142e+00    3.030074e+02    0.000000e+00
   4.019417e-02    4.654150e+02    8.141069e-01    4.646009e+02    0.000000e+00    2.814894e+02   -5.852697e+00    5.699032e+00    2.955983e+02    0.000000e+00
   4.128454e-02    4.450499e+02    8.020035e-01    4.442479e+02    0.000000e+00    2.731285e+02   -5.767532e+00    5.661042e+00    2.879882e+02    0.000000e+00
   4.240449e-02    4.255296e+02    7.899772e-01    4.247396e+02    0.000000e+00    2.649953e+02   -5.683419e+00    5.622934e+00    2.806745e+02    0.000000e+00
   4.355482e-02    4.068203e+02    7.780894e-01    4.060422e+02    0.000000e+00    2.570836e+02   -5.600344e+00    5.585236e+00    2.737111e+02    0.000000e+00
   4.473635e-02    3.888898e+02    7.665935e-01    3.881232e+02    0.000000e+00    2.493878e+02   -5.518296e+00    5.548479e+00    2.665588e+02    0.000000e+00
   4.594994e-02    3.717066e+02    7.551853e-01    3.709514e+02    0.000000e+00    2.419021e+02   -5.437259e+00    5.511921e+00    2.600388e+02    0.000000e+00
   4.719645e-02    3.552407e+02    7.438851e-01    3.544968e+02    0.000000e+00    2.346211e+02   -5.357220e+00    5.475473e+00    2.534309e+02    0.000000e+00
   4.847677e-02    3.394632e+02    7.327060e-01    3.387305e+02    0.000000e+00    2.275394e+02   -5.278166e+00    5.439278e+00    2.470373e+02    0.000000e+00
   4.979183e-02    3.243465e+02    7.216552e-01    3.236249e+02    0.000000e+00    2.206519e+02   -5.200085e+00    5.403308e+00    2.408810e+02    0.000000e+00
   5.114255e-02    3.098641e+02    7.107328e-01    3.091534e+02    0.000000e+00    2.139534e+02   -5.122963e+00    5.367579e+00    2.347181e+02    0.000000e+00
   5.252993e-02    2.959904e+02    6.999353e-01    2.952905e+02    0.000000e+00    2.074390e+02   -5.046789e+00    5.332103e+00    2.289396e+02    0.000000e+00
   5.395493e-02    2.827009e+02    6.892547e-01    2.820116e+02    0.000000e+00    2.011039e+02   -4.971550e+00    5.296788e+00    2.230622e+02    0.000000e+00
   5.541860e-02    2.699719e+02    6.786798e-01    2.692932e+02    0.000000e+00    1.949434e+02   -4.897234e+00    5.261659e+00    2.176025e+02    0.000000e+00
   5.692197e-02    2.577811e+02    6.682871e-01    2.571128e+02    0.000000e+00    1.889531e+02   -4.823830e+00    5.226917e+00    2.120353e+02    0.000000e+00
   5.846612e-02    2.461066e+02    6.581182e-01    2.454485e+02    0.000000e+00    1.831283e+02   -4.751325e+00    5.192797e+00    2.068462e+02    0.000000e+00
   6.005216e-02    2.349275e+02    6.480285e-01    2.342794e+02    0.000000e+00    1.774649e+02   -4.679709e+00    5.158718e+00    2.015956e+02    0.000000e+00
   6.168123e-02    2.242236e+02    6.379954e-01    2.235856e+02    0.000000e+00    1.719585e+02   -4.608969e+00    5.124718e+00    1.966374e+02    0.000000e+00
   6.335449e-02    2.139758e+02    6.279955e-01    2.133478e+02    0.000000e+00    1.666052e+02   -4.539095e+00    5.090605e+00    1.916986e+02    0.000000e+00
   6.507314e-02    2.041659e+02    6.183598e-01    2.035475e+02    0.000000e+00    1.614009e+02   -4.470076e+00    5.057601e+00    1.869381e+02    0.000000e+00
   6.683841e-02    1.947756e+02    6.087204e-01    1.941669e+02    0.000000e+00    1.563417e+02   -4.401901e+00    5.024376e+00    1.822999e+02    0.000000e+00
   6.865157e-02    1.857881e+02    5.991237e-01    1.851890e+02    0.000000e+00    1.514239e+02   -4.334559e+00    4.991162e+00    1.777093e+02    0.000000e+00
   7.051392e-02    1.771872e+02    5.898107e-01    1.765974e+02    0.000000e+00    1.466437e+02   -4.268041e+00    4.958730e+00    1.733569e+02    0.000000e+00
   7.242679e-02    1.689567e+02    5.804138e-01    1.683763e+02    0.000000e+00    1.419976e+02   -4.202335e+00    4.925850e+00    1.690341e+02    0.000000e+00
   7.439155e-02    1.610821e+02    5.713483e-01    1.605107e+02    0.000000e+00    1.374821e+02   -4.137432e+00    4.893956e+00    1.648292e+02    0.000000e+00
   7.640961e-02    1.535482e+02    5.622046e-01    1.529860e+02    0.000000e+00    1.330938e+02   -4.073321e+00    4.861598e+00    1.607789e+02    0.000000e+00
   7.848241e-02    1.463417e+02    5.533289e-01    1.457884e+02    0.000000e+00    1.288293e+02   -4.009995e+00    4.830054e+00    1.567856e+02    0.000000e+00
   8.061145e-02    1.394488e+02    5.444829e-01    1.389043e+02    0.000000e+00    1.246855e+02   -3.947441e+00    4.798380e+00    1.528815e+02    0.000000e+00
   8.279823e-02    1.328566e+02    5.356878e-01    1.323209e+02    0.000000e+00    1.206592e+02   -3.885651e+00    4.766807e+00    1.491374e+02    0.000000e+00
   8.504435e-02    1.265531e+02    5.271334e-01    1.260260e+02    0.000000e+00    1.167472e+02   -3.824617e+00    4.735801e+00    1.454603e+02    0.000000e+00
   8.735139e-02    1.205262e+02    5.186314e-01    1.200076e+02    0.000000e+00    1.129468e+02   -3.764328e+00    4.704961e+00    1.418596e+02    0.000000e+00
   8.972102e-02    1.147646e+02    5.102074e-01    1.142544e+02    0.000000e+00    1.092549e+02   -3.704776e+00    4.674055e+00    1.383410e+02    0.000000e+00
   9.215493e-02    1.092572e+02    5.018788e-01    1.087553e+02    0.000000e+00    1.056687e+02   -3.645952e+00    4.643532e+00    1.349538e+02    0.000000e+00
   9.465486e-02    1.039937e+02    4.936569e-01    1.035000e+02    0.000000e+00    1.021854e+02   -3.587847e+00    4.612978e+00    1.316416e+02    0.000000e+00
   9.722262e-02    9.896386e+01    4.851879e-01    9.847867e+01    0.000000e+00    9.880246e+01   -3.530453e+00    4.581633e+00    1.284059e+02    0.000000e+00
   9.986002e-02    9.415811e+01    4.773585e-01    9.368075e+01    0.000000e+00    9.551715e+01   -3.473762e+00    4.552186e+00    1.252478e+02    0.000000e+00
   1.025690e-01    8.956712e+01    4.694296e-01    8.909769e+01    0.000000e+00    9.232694e+01   -3.417765e+00    4.522451e+00    1.221677e+02    0.000000e+00
   1.053514e-01    8.518193e+01    4.615785e-01    8.472035e+01    0.000000e+00    8.922937e+01   -3.362455e+00    4.492637e+00    1.191649e+02    0.000000e+00
   1.082093e-01    8.099397e+01    4.541821e-01    8.053979e+01    0.000000e+00    8.622200e+01   -3.307823e+00    4.464485e+00    1.162382e+02    0.000000e+00
   1.111448e-01    7.699499e+01    4.463092e-01    7.654868e+01    0.000000e+00    8.330249e+01   -3.253862e+00    4.434291e+00    1.133858e+02    0.000000e+00
   1.141599e-01    7.317707e+01    4.388202e-01    7.273825e+01    0.000000e+00    8.046853e+01   -3.200564e+00    4.405396e+00    1.106056e+02    0.000000e+00
   1.172568e-01    6.953267e+01    4.315310e-01    6.910114e+01    0.000000e+00    7.771789e+01   -3.147922e+00    4.377099e+00    1.078953e+02    0.000000e+00
   1.204376e-01    6.605448e+01    4.240582e-01    6.563042e+01    0.000000e+00    7.504840e+01   -3.095928e+00    4.347861e+00    1.052526e+02    0.000000e+00
   1.237048e-01    6.273543e+01    4.168608e-01    6.231857e+01    0.000000e+00    7.245791e+01   -3.044575e+00    4.319626e+00    1.026749e+02    0.000000e+00
   1.270606e-01    5.956894e+01    4.098177e-01    5.915913e+01    0.000000e+00    6.994438e+01   -2.993857e+00    4.291615e+00    1.001595e+02    0.000000e+00
   1.305075e-01    5.654840e+01    4.026087e-01    5.614579e+01    0.000000e+00    6.750577e+01   -2.943765e+00    4.263036e+00    9.770404e+01    0.000000e+00
   1.340478e-01    5.366776e+01    3.957304e-01    5.327203e+01    0.000000e+00    6.514012e+01   -2.894294e+00    4.235347e+00    9.530585e+01    0.000000e+00
   1.376842e-01    5.092096e+01    3.889345e-01    5.053203e+01    0.000000e+00    6.284552e+01   -2.845437e+00    4.207970e+00    9.296608e+01    0.000000e+00
   1.414192e-01    4.830232e+01    3.819986e-01    4.792032e+01    0.000000e+00    6.062010e+01   -2.797187e+00    4.179769e+00    9.069303e+01    0.000000e+00
   1.452556e-01    4.580639e+01    3.753140e-01    4.543108e+01    0.000000e+00    5.846204e+01   -2.749537e+00    4.152387e+00    8.847003e+01    0.000000e+00
   1.491960e-01    4.342790e+01    3.688248e-01    4.305907e+01    0.000000e+00    5.636955e+01   -2.702483e+00    4.125651e+00    8.629464e+01    0.000000e+00
   1.532433e-01    4.116177e+01    3.621932e-01    4.079958e+01    0.000000e+00    5.434092e+01   -2.656016e+00    4.098036e+00    8.417893e+01    0.000000e+00
   1.574004e-01    3.900318e+01    3.556992e-01    3.864748e+01    0.000000e+00    5.237446e+01   -2.610132e+00    4.070989e+00    8.211226e+01    0.000000e+00
   1.616703e-01    3.694746e+01    3.493662e-01    3.659809e+01    0.000000e+00    5.046851e+01   -2.564824e+00    4.044226e+00    8.008945e+01    0.000000e+00
   1.660560e-01    3.499015e+01    3.431511e-01    3.464700e+01    0.000000e+00    4.862148e+01   -2.520086e+00    4.017888e+00    7.812307e+01    0.000000e+00
   1.705607e-01    3.312696e+01    3.368407e-01    3.279012e+01    0.000000e+00    4.683181e+01   -2.475913e+00    3.990921e+00    7.619441e+01    0.000000e+00
   1.751876e-01    3.135382e+01    3.306972e-01    3.102312e+01    0.000000e+00    4.509796e+01   -2.432300e+00    3.964397e+00    7.431951e+01    0.000000e+00
   1.799400e-01    2.966673e+01    3.246665e-01    2.934206e+01    0.000000e+00    4.341845e+01   -2.389240e+00    3.938272e+00    7.248267e+01    0.000000e+00
   1.848214e-01    2.806190e+01    3.187389e-01    2.774316e+01    0.000000e+00    4.179183e+01   -2.346728e+00    3.912227e+00    7.069059e+01    0.000000e+00
   1.898351e-01    2.653575e+01    3.128309e-01    2.622292e+01    0.000000e+00    4.021669e+01   -2.304759e+00    3.886231e+00    6.894131e+01    0.000000e+00
   1.949849e-01    2.508474e+01    3.069592e-01    2.477779e+01    0.000000e+00    3.869165e+01   -2.263328e+00    3.860116e+00    6.722969e+01    0.000000e+00
   2.002743e-01    2.370557e+01    3.012062e-01    2.340436e+01    0.000000e+00    3.721535e+01   -2.222430e+00    3.834257e+00    6.555678e+01    0.000000e+00
   2.057073e-01    2.239500e+01    2.955526e-01    2.209945e+01    0.000000e+00    3.578649e+01   -2.182060e+00    3.808749e+00    6.392571e+01    0.000000e+00
   2.112876e-01    2.114997e+01    2.899813e-01    2.085998e+01    0.000000e+00    3.440379e+01   -2.142212e+00    3.783257e+00    6.233057e+01    0.000000e+00
   2.170193e-01    1.996751e+01    2.844923e-01    1.968302e+01    0.000000e+00    3.306600e+01   -2.102882e+00    3.758017e+00    6.077099e+01    0.000000e+00
   2.229065e-01    1.884481e+01    2.790077e-01    1.856580e+01    0.000000e+00    3.177189e+01   -2.064066e+00    3.732578e+00    5.924630e+01    0.000000e+00
   2.289534e-01    1.777915e+01    2.736095e-01    1.750555e+01    0.000000e+00    3.052027e+01   -2.025758e+00    3.707191e+00    5.775565e+01    0.000000e+00
   2.351644e-01    1.676794e+01    2.682961e-01    1.649964e+01    0.000000e+00    2.930999e+01   -1.987955e+00    3.682162e+00    5.629805e+01    0.000000e+00
   2.415438e-01    1.580866e+01    2.630602e-01    1.554560e+01    0.000000e+00    2.813992e+01   -1.950651e+00    3.657152e+00    5.487241e+01    0.000000e+00
   2.480963e-01    1.489893e+01    2.578939e-01    1.464104e+01    0.000000e+00    2.700894e+01   -1.913843e+00    3.632203e+00    5.347759e+01    0.000000e+00
   2.548265e-01    1.403647e+01    2.528060e-01    1.378366e+01    0.000000e+00    2.591597e+01   -1.877525e+00    3.607507e+00    5.211524e+01    0.000000e+00
   2.617393e-01    1.321907e+01    2.477889e-01    1.297128e+01    0.000000e+00    2.485997e+01   -1.841695e+00    3.582809e+00    5.078201e+01    0.000000e+00
   2.688397e-01    1.244462e+01    2.428379e-01    1.220178e+01    0.000000e+00    2.383991e+01   -1.806347e+00    3.558207e+00    4.947624e+01    0.000000e+00
   2.761326e-01    1.171111e+01    2.379513e-01    1.147316e+01    0.000000e+00    2.285477e+01   -1.771477e+00    3.533743e+00    4.820023e+01    0.000000e+00
   2.836234e-01    1.101662e+01    2.331389e-01    1.078348e+01    0.000000e+00    2.190359e+01   -1.737083e+00    3.509302e+00    4.695029e+01    0.000000e+00
   2.913174e-01    1.035928e+01    2.283880e-01    1.013089e+01    0.000000e+00    2.098540e+01   -1.703159e+00    3.484953e+00    4.572794e+01    0.000000e+00
   2.992202e-01    9.737326e+00    2.237009e-01    9.513625e+00    0.000000e+00    2.009927e+01   -1.669701e+00    3.460717e+00    4.453020e+01    0.000000e+00
   3.073373e-01    9.149058e+00    2.190782e-01    8.929980e+00    0.000000e+00    1.924429e+01   -1.636707e+00    3.436468e+00    4.335881e+01    0.000000e+00
   3.156746e-01    8.592853e+00    2.145194e-01    8.378334e+00    0.000000e+00    1.841956e+01   -1.604172e+00    3.412304e+00    4.221179e+01    0.000000e+00
   3.242380e-01    8.067152e+00    2.100225e-01    7.857130e+00    0.000000e+00    1.762422e+01   -1.572092e+00    3.388254e+00    4.108840e+01    0.000000e+00
   3.330338e-01    7.570472e+00    2.055920e-01    7.364880e+00    0.000000e+00    1.685743e+01   -1.540463e+00    3.364206e+00    3.998824e+01    0.000000e+00
   3.420682e-01    7.101386e+00    2.012270e-01    6.900159e+00    0.000000e+00    1.611834e+01   -1.509284e+00    3.340203e+00    3.891083e+01    0.000000e+00
   3.513477e-01    6.658526e+00    1.969217e-01    6.461604e+00    0.000000e+00    1.540615e+01   -1.478548e+00    3.316342e+00    3.785555e+01    0.000000e+00
   3.608789e-01    6.240596e+00    1.926833e-01    6.047913e+00    0.000000e+00    1.472008e+01   -1.448254e+00    3.292489e+00    3.682173e+01    0.000000e+00
   3.706686e-01    5.846347e+00    1.885090e-01    5.657838e+00    0.000000e+00    1.405935e+01   -1.418398e+00    3.268636e+00    3.580865e+01    0.000000e+00
   3.807239e-01    5.474584e+00    1.843968e-01    5.290187e+00    0.000000e+00    1.342320e+01   -1.388975e+00    3.244929e+00    3.481689e+01    0.000000e+00
   3.910520e-01    5.124170e+00    1.803483e-01    4.943822e+00    0.000000e+00    1.281090e+01   -1.359983e+00    3.221252e+00    3.384469e+01    0.000000e+00
   4.016603e-01    4.794017e+00    1.763636e-01    4.617653e+00    0.000000e+00    1.222173e+01   -1.331419e+00    3.197576e+00    3.289226e+01    0.000000e+00
   4.125564e-01    4.483083e+00    1.724395e-01    4.310644e+00    0.000000e+00    1.165500e+01   -1.303279e+00    3.173924e+00    3.195856e+01    0.000000e+00
   4.237480e-01    4.190375e+00    1.685578e-01    4.021817e+00    0.000000e+00    1.111001e+01   -1.275559e+00    3.150298e+00    3.104416e+01    0.000000e+00
   4.352432e-01    3.914949e+00    1.647425e-01    3.750206e+00    0.000000e+00    1.058610e+01   -1.248257e+00    3.126685e+00    3.014782e+01    0.000000e+00
   4.470503e-01    3.655893e+00    1.609892e-01    3.494904e+00    0.000000e+00    1.008261e+01   -1.221369e+00    3.103066e+00    2.926933e+01    0.000000e+00
   4.591777e-01    3.412348e+00    1.573001e-01    3.255048e+00    0.000000e+00    9.598910e+00   -1.194891e+00    3.079498e+00    2.840836e+01    0.000000e+00
   4.716340e-01    3.183485e+00    1.536699e-01    3.029815e+00    0.000000e+00    9.134377e+00   -1.168822e+00    3.056008e+00    2.756452e+01    0.000000e+00
   4.844283e-01    2.968521e+00    1.500821e-01    2.818439e+00    0.000000e+00    8.688404e+00   -1.143157e+00    3.032409e+00    2.673737e+01    0.000000e+00
   4.975696e-01    2.766707e+00    1.465582e-01    2.620148e+00    0.000000e+00    8.260397e+00   -1.117892e+00    3.008814e+00    2.592715e+01    0.000000e+00
   5.110675e-01    2.577327e+00    1.430976e-01    2.434230e+00    0.000000e+00    7.849778e+00   -1.093027e+00    2.985221e+00    2.513275e+01    0.000000e+00
   5.249315e-01    2.399701e+00    1.396911e-01    2.260010e+00    0.000000e+00    7.455985e+00   -1.068555e+00    2.961699e+00    2.435455e+01    0.000000e+00
   5.391716e-01    2.233179e+00    1.363321e-01    2.096847e+00    0.000000e+00    7.078465e+00   -1.044476e+00    2.938091e+00    2.359181e+01    0.000000e+00
   5.537980e-01    2.077146e+00    1.330354e-01    1.944110e+00    0.000000e+00    6.716683e+00   -1.020784e+00    2.914476e+00    2.284443e+01    0.000000e+00
   5.688211e-01    1.931013e+00    1.297945e-01    1.801218e+00    0.000000e+00    6.370115e+00   -9.974781e-01    2.890819e+00    2.211221e+01    0.000000e+00
   5.842519e-01    1.794222e+00    1.266008e-01    1.667621e+00    0.000000e+00    6.038251e+00   -9.745540e-01    2.867081e+00    2.139491e+01    0.000000e+00
   6.001012e-01    1.666240e+00    1.234676e-01    1.542773e+00    0.000000e+00    5.720591e+00   -9.520086e-01    2.843410e+00    2.069222e+01    0.000000e+00
   6.163804e-01    1.546563e+00    1.203839e-01    1.426179e+00    0.000000e+00    5.416652e+00   -9.298386e-01    2.819656e+00    2.000395e+01    0.000000e+00
   6.331013e-01    1.434711e+00    1.173527e-01    1.317358e+00    0.000000e+00    5.125959e+00   -9.080410e-01    2.795835e+00    1.933003e+01    0.000000e+00
   6.502758e-01    1.330227e+00    1.143778e-01    1.215849e+00    0.000000e+00    4.848052e+00   -8.866123e-01    2.771966e+00    1.867017e+01    0.000000e+00
   6.679162e-01    1.232679e+00    1.114482e-01    1.121231e+00    0.000000e+00    4.582482e+00   -8.655494e-01    2.747989e+00    1.802417e+01    0.000000e+00
   6.860351e-01    1.141656e+00    1.085778e-01    1.033078e+00    0.000000e+00    4.328810e+00   -8.448491e-01    2.723979e+00    1.739193e+01    0.000000e+00
   7.046455e-01    1.056768e+00    1.057498e-01    9.510180e-01    0.000000e+00    4.086611e+00   -8.245080e-01    2.699899e+00    1.677325e+01    0.000000e+00
   7.237608e-01    9.776447e-01    1.029790e-01    8.746656e-01    0.000000e+00    3.855470e+00   -8.045226e-01    2.675768e+00    1.616795e+01    0.000000e+00
   7.433947e-01    9.039371e-01    1.002516e-01    8.036855e-01    0.000000e+00    3.634983e+00   -7.848899e-01    2.651503e+00    1.557608e+01   1.086944e-322
   7.635611e-01    8.353136e-01    9.757942e-02    7.377342e-01    0.000000e+00    3.424756e+00   -7.656064e-01    2.627171e+00    1.499732e+01  -7.934941e-319
   7.842746e-01    7.714600e-01    9.495105e-02    6.765090e-01    0.000000e+00    3.224408e+00   -7.466687e-01    2.602703e+00    1.443160e+01   6.416462e-315
   8.055501e-01    7.120789e-01    9.237396e-02    6.197049e-01    0.000000e+00    3.033567e+00   -7.280734e-01    2.578140e+00    1.387884e+01  -8.907092e-311
   8.274027e-01    6.569396e-01    8.984535e-02    5.670943e-01    0.000000e+00    2.851870e+00   -7.100014e-01    2.553463e+00    1.333889e+01   1.066593e-306
   8.498481e-01    6.057492e-01    8.736522e-02    5.183839e-01    0.000000e+00    2.678967e+00   -6.923588e-01    2.528669e+00    1.281167e+01   1.828848e-302
   8.729023e-01    5.582322e-01    8.493424e-02    4.732980e-01    0.000000e+00    2.514518e+00   -6.750551e-01    2.503759e+00    1.229707e+01  -1.544285e-298
   8.965820e-01    5.141520e-01    8.254595e-02    4.316060e-01    0.000000e+00    2.358189e+00   -6.580873e-01    2.478691e+00    1.179504e+01  -1.072628e-293
   9.209041e-01    4.732854e-01    8.020513e-02    3.930803e-01    0.000000e+00    2.209662e+00   -6.414525e-01    2.453509e+00    1.130542e+01  -5.626516e-290
   9.458859e-01    4.354219e-01    7.791073e-02    3.575112e-01    0.000000e+00    2.068622e+00   -6.251479e-01    2.428179e+00    1.082822e+01   5.756069e-284
   9.715455e-01    4.003630e-01    7.565842e-02    3.247045e-01    0.000000e+00    1.934768e+00   -6.091704e-01    2.402673e+00    1.036323e+01   1.299545e-279
   9.979011e-01    3.679221e-01    7.345142e-02    2.944707e-01    0.000000e+00    1.807806e+00   -5.935174e-01    2.377004e+00    9.910488e+00  -4.140160e-274
   1.024972e+00    3.379229e-01    7.128835e-02    2.666345e-01    0.000000e+00    1.687452e+00   -5.781860e-01    2.351162e+00    9.469832e+00   5.226298e-269
   1.052777e+00    3.102004e-01    6.916854e-02    2.410319e-01    0.000000e+00    1.573430e+00   -5.631737e-01    2.325137e+00    9.041201e+00   5.086734e-264
   1.081336e+00    2.845987e-01    6.708994e-02    2.175088e-01    0.000000e+00    1.465474e+00   -5.484776e-01    2.298912e+00    8.624554e+00  -4.624179e-258
   1.110670e+00    2.609717e-01    6.505361e-02    1.959181e-01    0.000000e+00    1.363325e+00   -5.340955e-01    2.272490e+00    8.219760e+00  -2.105006e-252
   1.140800e+00    2.391822e-01    6.305880e-02    1.761234e-01    0.000000e+00    1.266734e+00   -5.200248e-01    2.245860e+00    7.826753e+00  -1.217112e-246
   1.171747e+00    2.191014e-01    6.110473e-02    1.579967e-01    0.000000e+00    1.175459e+00   -5.062632e-01    2.219014e+00    7.445438e+00  -3.909246e-241
   1.203533e+00    2.006091e-01    5.919109e-02    1.414180e-01    0.000000e+00    1.089268e+00   -4.928091e-01    2.191956e+00    7.075770e+00   1.223457e-234
   1.236182e+00    1.835916e-01    5.731633e-02    1.262752e-01    0.000000e+00    1.007933e+00   -4.796600e-01    2.164668e+00    6.717619e+00  -2.120955e-228
   1.269717e+00    1.679436e-01    5.548070e-02    1.124629e-01    0.000000e+00    9.312397e-01   -4.668147e-01    2.137141e+00    6.370908e+00   4.984338e-222
   1.304161e+00    1.535658e-01    5.368348e-02    9.988227e-02    0.000000e+00    8.589767e-01   -4.542716e-01    2.109363e+00    6.035537e+00   1.099593e-215
   1.339540e+00    1.403657e-01    5.192415e-02    8.844151e-02    0.000000e+00    7.909426e-01   -4.420298e-01    2.081328e+00    5.711412e+00  -3.881817e-210
   1.375878e+00    1.282569e-01    5.020216e-02    7.805478e-02    0.000000e+00    7.269428e-01   -4.300884e-01    2.053025e+00    5.398447e+00   5.238530e-202
   1.413202e+00    1.171589e-01    4.851693e-02    6.864198e-02    0.000000e+00    6.667902e-01   -4.184472e-01    2.024445e+00    5.096519e+00   1.418722e-194
   1.451539e+00    1.069964e-01    4.686794e-02    6.012849e-02    0.000000e+00    6.103049e-01   -4.071064e-01    1.995579e+00    4.805510e+00  -3.346050e-187
   1.490916e+00    9.769957e-02    4.525477e-02    5.244480e-02    0.000000e+00    5.573141e-01   -3.960670e-01    1.966446e+00    4.525307e+00   1.053425e-179
   1.531360e+00    8.920311e-02    4.367690e-02    4.552621e-02    0.000000e+00    5.076522e-01   -3.853302e-01    1.937029e+00    4.255786e+00   2.863566e-172
   1.572902e+00    8.144648e-02    4.213390e-02    3.931258e-02    0.000000e+00    4.611603e-01   -3.748982e-01    1.907302e+00    3.996823e+00   6.461092e-165
   1.615571e+00    7.437352e-02    4.062548e-02    3.374804e-02    0.000000e+00    4.176864e-01   -3.647742e-01    1.877258e+00    3.748295e+00   6.796478e-156
   1.659398e+00    6.793196e-02    3.915128e-02    2.878067e-02    0.000000e+00    3.770852e-01   -3.549620e-01    1.846910e+00    3.510036e+00   2.308894e-148
   1.704413e+00    6.207345e-02    3.771112e-02    2.436233e-02    0.000000e+00    3.392182e-01   -3.454668e-01    1.816268e+00    3.281920e+00   4.541538e-140
   1.750650e+00    5.675320e-02    3.630488e-02    2.044831e-02    0.000000e+00    3.039534e-01   -3.362945e-01    1.785290e+00    3.063796e+00  -5.508682e-130
   1.798141e+00    5.192965e-02    3.493252e-02    1.699714e-02    0.000000e+00    2.711652e-01   -3.274525e-01    1.753987e+00    2.855488e+00  -6.228104e-121
   1.846920e+00    4.756445e-02    3.359415e-02    1.397030e-02    0.000000e+00    2.407348e-01   -3.189492e-01    1.722389e+00    2.656838e+00  -1.192471e-111
   1.897022e+00    4.362211e-02    3.229008e-02    1.133203e-02    0.000000e+00    2.125496e-01   -3.107944e-01    1.690449e+00    2.467675e+00   5.419985e-102
   1.948484e+00    4.006974e-02    3.102067e-02    9.049069e-03    0.000000e+00    1.865035e-01   -3.029989e-01    1.658210e+00    2.287816e+00   -3.382706e-92
   2.001341e+00    3.687702e-02    2.978654e-02    7.090484e-03    0.000000e+00    1.624971e-01   -2.955745e-01    1.625653e+00    2.117076e+00   -4.314556e-82
   2.055633e+00    3.401594e-02    2.858847e-02    5.427466e-03    0.000000e+00    1.404370e-01   -2.885342e-01    1.592793e+00    1.955263e+00   -1.197066e-71
   2.111397e+00    3.146060e-02    2.742738e-02    4.033217e-03    0.000000e+00    1.202368e-01   -2.818912e-01    1.559642e+00    1.802170e+00    2.299457e-61
   2.168674e+00    2.918719e-02    2.630445e-02    2.882740e-03    0.000000e+00    1.018163e-01   -2.756596e-01    1.526209e+00    1.657599e+00   -4.058692e-50
   2.227505e+00    2.717380e-02    2.522090e-02    1.952897e-03    0.000000e+00    8.510218e-02   -2.698536e-01    1.492505e+00    1.521325e+00    1.201917e-39
   2.287931e+00    2.540035e-02    2.417788e-02    1.222464e-03    0.000000e+00    7.002762e-02   -2.644872e-01    1.458557e+00    1.393134e+00   -1.725879e-27
   2.349997e+00    2.384859e-02    2.317629e-02    6.722932e-04    0.000000e+00    5.653278e-02   -2.595740e-01    1.424351e+00    1.272791e+00   -5.775002e-16
   2.413747e+00    2.250211e-02    2.221586e-02    2.862489e-04    0.000000e+00    4.456482e-02   -2.551277e-01    1.389935e+00    1.160065e+00    2.513583e-11
   2.479226e+00    2.134618e-02    2.129150e-02    5.468190e-05    0.000000e+00    3.407811e-02   -2.511608e-01    1.355227e+00    1.054709e+00    3.898614e-10
   2.546481e+00    2.036796e-02    2.036796e-02   -2.011186e-21    0.000000e+00    2.503452e-02   -2.476853e-01    1.319915e+00    9.564785e-01    4.632620e-09
   2.615561e+00    1.955644e-02    1.955644e-02   -1.024499e-20    0.000000e+00    1.740375e-02   -2.447130e-01    1.285064e+00    8.651141e-01    4.527554e-08
   2.686515e+00    1.890254e-02    1.890254e-02   -1.884952e-20    0.000000e+00    1.116376e-02   -2.422549e-01    1.251117e+00    7.803575e-01    3.680087e-07
   2.759393e+00    1.839921e-02    1.839921e-02   -2.531332e-20    0.000000e+00    6.301350e-03   -2.403221e-01    1.218072e+00    7.019403e-01    2.507012e-06
   2.834249e+00    1.804152e-02    1.804152e-02   -2.819755e-20    0.000000e+00    2.812878e-03   -2.389262e-01    1.185907e+00    6.295933e-01    1.442302e-05
   2.911135e+00    1.782682e-02    1.782682e-02   -2.696988e-20    0.000000e+00    7.053223e-04   -2.380790e-01    1.154589e+00    5.630416e-01    7.061656e-05
   2.990107e+00    1.775520e-02    1.775520e-02   -2.224887e-20    0.000000e+00    0.000000e+00   -2.377948e-01    1.124101e+00    5.020036e-01    2.965589e-04
