# All units in Hartree [AU] if not specified
# Convergence: Err(φ)=-inf, Err(n_e)=9.191e-10, Err(IET)=9.970e-13, Q_net=1.269e-07
# {"name":"Al", "Z":13, "Zstar":3.396078948375379, "A":26.981539,  "μ[AU]": 3.5636883880e-01, "Te[AU]": 3.675e-02, "Ti[AU]": 3.675e-02, "rs[AU]": 2.990e+00 }
   r[AU]           n[AU]           nf[AU]          nb[AU]          n_ion[AU]       φtot[AU]        δVxc/δρ[Au]     U_ei[AU]        U_ii[AU]        g_ii            
   1.000000e-03    1.413595e+05    5.851088e+00    1.413537e+05    0.000000e+00    1.294702e+04   -3.865974e+01    1.645579e+01    5.155904e+03    0.000000e+00
   1.027128e-03    1.357822e+05    5.840294e+00    1.357764e+05    0.000000e+00    1.260368e+04   -3.814654e+01    1.643750e+01    5.138406e+03    0.000000e+00
   1.054991e-03    1.304245e+05    5.763035e+00    1.304187e+05    0.000000e+00    1.226940e+04   -3.764012e+01    1.630557e+01    5.120433e+03    0.000000e+00
   1.083610e-03    1.252776e+05    5.627601e+00    1.252720e+05    0.000000e+00    1.194396e+04   -3.714040e+01    1.607485e+01    5.101973e+03    0.000000e+00
   1.113006e-03    1.203335e+05    5.580357e+00    1.203279e+05    0.000000e+00    1.162711e+04   -3.664730e+01    1.599321e+01    5.083012e+03    0.000000e+00
   1.143199e-03    1.155840e+05    5.533673e+00    1.155785e+05    0.000000e+00    1.131863e+04   -3.616072e+01    1.591346e+01    5.063537e+03    0.000000e+00
   1.174211e-03    1.110215e+05    5.434287e+00    1.110161e+05    0.000000e+00    1.101831e+04   -3.568057e+01    1.574139e+01    5.043533e+03    0.000000e+00
   1.206065e-03    1.066387e+05    5.321674e+00    1.066334e+05    0.000000e+00    1.072591e+04   -3.520677e+01    1.554598e+01    5.022987e+03    0.000000e+00
   1.238782e-03    1.024285e+05    5.300574e+00    1.024232e+05    0.000000e+00    1.044124e+04   -3.473925e+01    1.550905e+01    5.001883e+03    0.000000e+00
   1.272387e-03    9.838411e+04    5.231664e+00    9.837888e+04    0.000000e+00    1.016409e+04   -3.427790e+01    1.538798e+01    4.980207e+03    0.000000e+00
   1.306904e-03    9.449894e+04    5.120881e+00    9.449382e+04    0.000000e+00    9.894254e+03   -3.382264e+01    1.519324e+01    4.957942e+03    0.000000e+00
   1.342357e-03    9.076683e+04    5.065399e+00    9.076176e+04    0.000000e+00    9.631551e+03   -3.337341e+01    1.509490e+01    4.935074e+03    0.000000e+00
   1.378772e-03    8.718171e+04    5.022287e+00    8.717669e+04    0.000000e+00    9.375788e+03   -3.293011e+01    1.501877e+01    4.911586e+03    0.000000e+00
   1.416175e-03    8.373777e+04    4.941353e+00    8.373282e+04    0.000000e+00    9.126781e+03   -3.249267e+01    1.487404e+01    4.887460e+03    0.000000e+00
   1.454592e-03    8.042943e+04    4.829746e+00    8.042460e+04    0.000000e+00    8.884353e+03   -3.206101e+01    1.467441e+01    4.862680e+03    0.000000e+00
   1.494051e-03    7.725150e+04    4.808485e+00    7.724669e+04    0.000000e+00    8.648328e+03   -3.163506e+01    1.463593e+01    4.837227e+03    0.000000e+00
   1.534581e-03    7.419872e+04    4.752712e+00    7.419396e+04    0.000000e+00    8.418539e+03   -3.121473e+01    1.453521e+01    4.811084e+03    0.000000e+00
   1.576211e-03    7.126616e+04    4.666881e+00    7.126149e+04    0.000000e+00    8.194820e+03   -3.079994e+01    1.437963e+01    4.784232e+03    0.000000e+00
   1.618969e-03    6.844913e+04    4.591771e+00    6.844454e+04    0.000000e+00    7.977012e+03   -3.039064e+01    1.424272e+01    4.756652e+03    0.000000e+00
   1.662888e-03    6.574312e+04    4.557411e+00    6.573856e+04    0.000000e+00    7.764958e+03   -2.998674e+01    1.417995e+01    4.728323e+03    0.000000e+00
   1.707998e-03    6.314370e+04    4.495605e+00    6.313920e+04    0.000000e+00    7.558505e+03   -2.958818e+01    1.406582e+01    4.699226e+03    0.000000e+00
   1.754332e-03    6.064666e+04    4.409902e+00    6.064225e+04    0.000000e+00    7.357508e+03   -2.919486e+01    1.390818e+01    4.669339e+03    0.000000e+00
   1.801923e-03    5.824804e+04    4.357514e+00    5.824369e+04    0.000000e+00    7.161820e+03   -2.880675e+01    1.381039e+01    4.638642e+03    0.000000e+00
   1.850804e-03    5.594395e+04    4.316013e+00    5.593963e+04    0.000000e+00    6.971302e+03   -2.842375e+01    1.373359e+01    4.607112e+03    0.000000e+00
   1.901012e-03    5.373063e+04    4.252826e+00    5.372637e+04    0.000000e+00    6.785818e+03   -2.804581e+01    1.361547e+01    4.574726e+03    0.000000e+00
   1.952582e-03    5.160450e+04    4.170724e+00    5.160033e+04    0.000000e+00    6.605235e+03   -2.767284e+01    1.346132e+01    4.541462e+03    0.000000e+00
   2.005551e-03    4.956221e+04    4.130329e+00    4.955808e+04    0.000000e+00    6.429422e+03   -2.730481e+01    1.338501e+01    4.507296e+03    0.000000e+00
   2.059956e-03    4.760041e+04    4.086163e+00    4.759632e+04    0.000000e+00    6.258255e+03   -2.694162e+01    1.330089e+01    4.472203e+03    0.000000e+00
   2.115838e-03    4.571591e+04    4.024687e+00    4.571188e+04    0.000000e+00    6.091610e+03   -2.658322e+01    1.318455e+01    4.436158e+03    0.000000e+00
   2.173235e-03    4.390567e+04    3.948396e+00    4.390172e+04    0.000000e+00    5.929368e+03   -2.622953e+01    1.303835e+01    4.399135e+03    0.000000e+00
   2.232190e-03    4.216683e+04    3.912160e+00    4.216292e+04    0.000000e+00    5.771413e+03   -2.588052e+01    1.296908e+01    4.361108e+03    0.000000e+00
   2.292744e-03    4.049653e+04    3.868240e+00    4.049266e+04    0.000000e+00    5.617632e+03   -2.553610e+01    1.288425e+01    4.322049e+03    0.000000e+00
   2.354940e-03    3.889206e+04    3.810549e+00    3.888825e+04    0.000000e+00    5.467914e+03   -2.519621e+01    1.277273e+01    4.281930e+03    0.000000e+00
   2.418824e-03    3.735085e+04    3.741198e+00    3.734710e+04    0.000000e+00    5.322153e+03   -2.486080e+01    1.263763e+01    4.240723e+03    0.000000e+00
   2.484440e-03    3.587043e+04    3.703560e+00    3.586672e+04    0.000000e+00    5.180243e+03   -2.452981e+01    1.256420e+01    4.198399e+03    0.000000e+00
   2.551837e-03    3.444838e+04    3.661859e+00    3.444472e+04    0.000000e+00    5.042083e+03   -2.420318e+01    1.248267e+01    4.154926e+03    0.000000e+00
   2.621062e-03    3.308240e+04    3.609197e+00    3.307879e+04    0.000000e+00    4.907573e+03   -2.388084e+01    1.237847e+01    4.110274e+03    0.000000e+00
   2.692165e-03    3.177029e+04    3.547244e+00    3.176674e+04    0.000000e+00    4.776619e+03   -2.356274e+01    1.225645e+01    4.064411e+03    0.000000e+00
   2.765197e-03    3.050994e+04    3.504403e+00    3.050644e+04    0.000000e+00    4.649125e+03   -2.324883e+01    1.217080e+01    4.017303e+03    0.000000e+00
   2.840210e-03    2.929931e+04    3.466009e+00    2.929585e+04    0.000000e+00    4.525000e+03   -2.293905e+01    1.209467e+01    3.968918e+03    0.000000e+00
   2.917258e-03    2.813643e+04    3.418899e+00    2.813301e+04    0.000000e+00    4.404156e+03   -2.263333e+01    1.200024e+01    3.919220e+03    0.000000e+00
   2.996396e-03    2.701942e+04    3.364376e+00    2.701606e+04    0.000000e+00    4.286506e+03   -2.233164e+01    1.189061e+01    3.868174e+03    0.000000e+00
   3.077681e-03    2.594649e+04    3.313807e+00    2.594317e+04    0.000000e+00    4.171965e+03   -2.203391e+01    1.178832e+01    3.815743e+03    0.000000e+00
   3.161170e-03    2.491590e+04    3.279328e+00    2.491262e+04    0.000000e+00    4.060451e+03   -2.174009e+01    1.171813e+01    3.761889e+03    0.000000e+00
   3.246925e-03    2.392598e+04    3.237895e+00    2.392275e+04    0.000000e+00    3.951885e+03   -2.145013e+01    1.163408e+01    3.706575e+03    0.000000e+00
   3.335006e-03    2.297513e+04    3.190565e+00    2.297193e+04    0.000000e+00    3.846188e+03   -2.116398e+01    1.153671e+01    3.649760e+03    0.000000e+00
   3.425477e-03    2.206179e+04    3.138334e+00    2.205865e+04    0.000000e+00    3.743285e+03   -2.088158e+01    1.142984e+01    3.591404e+03    0.000000e+00
   3.518402e-03    2.118453e+04    3.100312e+00    2.118143e+04    0.000000e+00    3.643102e+03   -2.060289e+01    1.135095e+01    3.531465e+03    0.000000e+00
   3.613847e-03    2.034190e+04    3.064359e+00    2.033883e+04    0.000000e+00    3.545568e+03   -2.032785e+01    1.127667e+01    3.469900e+03    0.000000e+00
   3.711882e-03    1.953253e+04    3.023670e+00    1.952951e+04    0.000000e+00    3.450612e+03   -2.005642e+01    1.119199e+01    3.406665e+03    0.000000e+00
   3.812576e-03    1.875512e+04    2.979016e+00    1.875214e+04    0.000000e+00    3.358166e+03   -1.978855e+01    1.109853e+01    3.341715e+03    0.000000e+00
   3.916002e-03    1.800841e+04    2.931215e+00    1.800548e+04    0.000000e+00    3.268164e+03   -1.952419e+01    1.099822e+01    3.275002e+03    0.000000e+00
   4.022233e-03    1.729120e+04    2.896547e+00    1.728831e+04    0.000000e+00    3.180541e+03   -1.926330e+01    1.092481e+01    3.206480e+03    0.000000e+00
   4.131346e-03    1.660233e+04    2.861837e+00    1.659947e+04    0.000000e+00    3.095236e+03   -1.900582e+01    1.085164e+01    3.136099e+03    0.000000e+00
   4.243420e-03    1.594067e+04    2.823907e+00    1.593784e+04    0.000000e+00    3.012186e+03   -1.875171e+01    1.077064e+01    3.063809e+03    0.000000e+00
   4.358533e-03    1.530514e+04    2.783402e+00    1.530236e+04    0.000000e+00    2.931331e+03   -1.850093e+01    1.068444e+01    2.989557e+03    0.000000e+00
   4.476769e-03    1.469473e+04    2.740835e+00    1.469199e+04    0.000000e+00    2.852615e+03   -1.825343e+01    1.059287e+01    2.913292e+03    0.000000e+00
   4.598213e-03    1.410845e+04    2.703353e+00    1.410575e+04    0.000000e+00    2.775981e+03   -1.800916e+01    1.051227e+01    2.834957e+03    0.000000e+00
   4.722951e-03    1.354536e+04    2.671252e+00    1.354268e+04    0.000000e+00    2.701373e+03   -1.776810e+01    1.044279e+01    2.754498e+03    0.000000e+00
   4.851073e-03    1.300452e+04    2.636990e+00    1.300188e+04    0.000000e+00    2.628738e+03   -1.753018e+01    1.036813e+01    2.671855e+03    0.000000e+00
   4.982671e-03    1.248506e+04    2.601019e+00    1.248246e+04    0.000000e+00    2.558024e+03   -1.729537e+01    1.028994e+01    2.586971e+03    0.000000e+00
   5.117839e-03    1.198615e+04    2.563721e+00    1.198358e+04    0.000000e+00    2.489181e+03   -1.706363e+01    1.020776e+01    2.499784e+03    0.000000e+00
   5.256673e-03    1.150697e+04    2.525440e+00    1.150444e+04    0.000000e+00    2.422159e+03   -1.683491e+01    1.012394e+01    2.410233e+03    0.000000e+00
   5.399273e-03    1.104675e+04    2.490549e+00    1.104426e+04    0.000000e+00    2.356910e+03   -1.660917e+01    1.004639e+01    2.318251e+03    0.000000e+00
   5.545742e-03    1.060474e+04    2.460067e+00    1.060228e+04    0.000000e+00    2.293386e+03   -1.638639e+01    9.979035e+00    2.223775e+03    0.000000e+00
   5.696185e-03    1.018022e+04    2.428442e+00    1.017780e+04    0.000000e+00    2.231544e+03   -1.616650e+01    9.908453e+00    2.126735e+03    0.000000e+00
   5.850708e-03    9.772510e+03    2.395954e+00    9.770114e+03    0.000000e+00    2.171338e+03   -1.594949e+01    9.835672e+00    2.027063e+03    0.000000e+00
   6.009423e-03    9.380937e+03    2.362853e+00    9.378574e+03    0.000000e+00    2.112724e+03   -1.573530e+01    9.761398e+00    1.937248e+03    0.000000e+00
   6.172444e-03    9.004868e+03    2.329349e+00    9.002539e+03    0.000000e+00    2.055662e+03   -1.552389e+01    9.685482e+00    1.902193e+03    0.000000e+00
   6.339887e-03    8.643693e+03    2.295664e+00    8.641398e+03    0.000000e+00    2.000110e+03   -1.531524e+01    9.609360e+00    1.866187e+03    0.000000e+00
   6.511873e-03    8.296826e+03    2.262055e+00    8.294564e+03    0.000000e+00    1.946029e+03   -1.510931e+01    9.532406e+00    1.829205e+03    0.000000e+00
   6.688524e-03    7.963706e+03    2.233643e+00    7.961473e+03    0.000000e+00    1.893378e+03   -1.490605e+01    9.467757e+00    1.791219e+03    0.000000e+00
   6.869967e-03    7.643788e+03    2.204803e+00    7.641584e+03    0.000000e+00    1.842122e+03   -1.470544e+01    9.401269e+00    1.752203e+03    0.000000e+00
   7.056332e-03    7.336551e+03    2.175702e+00    7.334376e+03    0.000000e+00    1.792222e+03   -1.450744e+01    9.334284e+00    1.712128e+03    0.000000e+00
   7.247753e-03    7.041496e+03    2.146472e+00    7.039349e+03    0.000000e+00    1.743644e+03   -1.431200e+01    9.266556e+00    1.670966e+03    0.000000e+00
   7.444367e-03    6.758141e+03    2.117234e+00    6.756024e+03    0.000000e+00    1.696351e+03   -1.411910e+01    9.198426e+00    1.628688e+03    0.000000e+00
   7.646314e-03    6.486027e+03    2.088104e+00    6.483939e+03    0.000000e+00    1.650312e+03   -1.392870e+01    9.130531e+00    1.585262e+03    0.000000e+00
   7.853740e-03    6.224709e+03    2.059143e+00    6.222650e+03    0.000000e+00    1.605491e+03   -1.374078e+01    9.062265e+00    1.540659e+03    0.000000e+00
   8.066792e-03    5.973763e+03    2.030433e+00    5.971733e+03    0.000000e+00    1.561858e+03   -1.355528e+01    8.994919e+00    1.494846e+03    0.000000e+00
   8.285624e-03    5.732780e+03    2.002026e+00    5.730778e+03    0.000000e+00    1.519380e+03   -1.337219e+01    8.927318e+00    1.447790e+03    0.000000e+00
   8.510393e-03    5.501366e+03    1.973989e+00    5.499392e+03    0.000000e+00    1.478028e+03   -1.319147e+01    8.860993e+00    1.399457e+03    0.000000e+00
   8.741259e-03    5.279144e+03    1.946332e+00    5.277198e+03    0.000000e+00    1.437772e+03   -1.301309e+01    8.794734e+00    1.349813e+03    0.000000e+00
   8.978388e-03    5.065752e+03    1.919110e+00    5.063833e+03    0.000000e+00    1.398582e+03   -1.283702e+01    8.729606e+00    1.299690e+03    0.000000e+00
   9.221949e-03    4.860842e+03    1.892748e+00    4.858950e+03    0.000000e+00    1.360431e+03   -1.266322e+01    8.666035e+00    1.273499e+03    0.000000e+00
   9.472118e-03    4.664080e+03    1.867228e+00    4.662213e+03    0.000000e+00    1.323292e+03   -1.249166e+01    8.604265e+00    1.246597e+03    0.000000e+00
   9.729073e-03    4.475143e+03    1.841905e+00    4.473301e+03    0.000000e+00    1.287137e+03   -1.232233e+01    8.542845e+00    1.218965e+03    0.000000e+00
   9.992999e-03    4.293722e+03    1.816796e+00    4.291905e+03    0.000000e+00    1.251940e+03   -1.215517e+01    8.481341e+00    1.190583e+03    0.000000e+00
   1.026408e-02    4.119522e+03    1.791931e+00    4.117730e+03    0.000000e+00    1.217677e+03   -1.199017e+01    8.420674e+00    1.161432e+03    0.000000e+00
   1.054252e-02    3.952256e+03    1.767298e+00    3.950489e+03    0.000000e+00    1.184323e+03   -1.182730e+01    8.359716e+00    1.131490e+03    0.000000e+00
   1.082852e-02    3.791652e+03    1.742921e+00    3.789909e+03    0.000000e+00    1.151854e+03   -1.166652e+01    8.299788e+00    1.100736e+03    0.000000e+00
   1.112227e-02    3.637447e+03    1.718778e+00    3.635728e+03    0.000000e+00    1.120246e+03   -1.150782e+01    8.239669e+00    1.069147e+03    0.000000e+00
   1.142399e-02    3.489387e+03    1.694884e+00    3.487692e+03    0.000000e+00    1.089477e+03   -1.135115e+01    8.180244e+00    1.036702e+03    0.000000e+00
   1.173389e-02    3.347230e+03    1.671214e+00    3.345559e+03    0.000000e+00    1.059524e+03   -1.119650e+01    8.120919e+00    1.003376e+03    0.000000e+00
   1.205220e-02    3.210745e+03    1.648371e+00    3.209096e+03    0.000000e+00    1.030367e+03   -1.104384e+01    8.063453e+00    9.730926e+02    0.000000e+00
   1.237915e-02    3.079706e+03    1.626028e+00    3.078080e+03    0.000000e+00    1.001984e+03   -1.089313e+01    8.007111e+00    9.519929e+02    0.000000e+00
   1.271496e-02    2.953898e+03    1.603951e+00    2.952294e+03    0.000000e+00    9.743549e+02   -1.074436e+01    7.950907e+00    9.303209e+02    0.000000e+00
   1.305989e-02    2.833114e+03    1.582114e+00    2.831532e+03    0.000000e+00    9.474597e+02   -1.059749e+01    7.895521e+00    9.080610e+02    0.000000e+00
   1.341417e-02    2.717157e+03    1.560484e+00    2.715596e+03    0.000000e+00    9.212790e+02   -1.045251e+01    7.839882e+00    8.851972e+02    0.000000e+00
   1.377807e-02    2.605835e+03    1.539028e+00    2.604296e+03    0.000000e+00    8.957942e+02   -1.030938e+01    7.785058e+00    8.617132e+02    0.000000e+00
   1.415183e-02    2.498965e+03    1.517717e+00    2.497447e+03    0.000000e+00    8.709869e+02   -1.016808e+01    7.729901e+00    8.375921e+02    0.000000e+00
   1.453574e-02    2.396371e+03    1.496512e+00    2.394874e+03    0.000000e+00    8.468392e+02   -1.002859e+01    7.675087e+00    8.128167e+02    0.000000e+00
   1.493005e-02    2.297884e+03    1.475387e+00    2.296408e+03    0.000000e+00    8.233337e+02   -9.890878e+00    7.620050e+00    7.873691e+02    0.000000e+00
   1.533507e-02    2.203341e+03    1.454305e+00    2.201887e+03    0.000000e+00    8.004537e+02   -9.754924e+00    7.564942e+00    7.694986e+02    0.000000e+00
   1.575107e-02    2.112588e+03    1.433458e+00    2.111154e+03    0.000000e+00    7.781825e+02   -9.620704e+00    7.510237e+00    7.515956e+02    0.000000e+00
   1.617836e-02    2.025474e+03    1.414205e+00    2.024060e+03    0.000000e+00    7.565041e+02   -9.488196e+00    7.459333e+00    7.332069e+02    0.000000e+00
   1.661724e-02    1.941856e+03    1.394890e+00    1.940461e+03    0.000000e+00    7.354030e+02   -9.357375e+00    7.408338e+00    7.143193e+02    0.000000e+00
   1.706802e-02    1.861594e+03    1.375475e+00    1.860218e+03    0.000000e+00    7.148640e+02   -9.228218e+00    7.356416e+00    6.949194e+02    0.000000e+00
   1.753104e-02    1.784555e+03    1.355927e+00    1.783199e+03    0.000000e+00    6.948723e+02   -9.100701e+00    7.304471e+00    6.749932e+02    0.000000e+00
   1.800661e-02    1.710613e+03    1.336215e+00    1.709277e+03    0.000000e+00    6.754134e+02   -8.974804e+00    7.251307e+00    6.553370e+02    0.000000e+00
   1.849509e-02    1.639645e+03    1.317813e+00    1.638327e+03    0.000000e+00    6.564734e+02   -8.850507e+00    7.201948e+00    6.403164e+02    0.000000e+00
   1.899681e-02    1.571533e+03    1.299754e+00    1.570234e+03    0.000000e+00    6.380386e+02   -8.727787e+00    7.152917e+00    6.248884e+02    0.000000e+00
   1.951215e-02    1.506164e+03    1.281395e+00    1.504883e+03    0.000000e+00    6.200958e+02   -8.606620e+00    7.103098e+00    6.090418e+02    0.000000e+00
   2.004146e-02    1.443429e+03    1.262712e+00    1.442166e+03    0.000000e+00    6.026319e+02   -8.486986e+00    7.052022e+00    5.927653e+02    0.000000e+00
   2.058514e-02    1.383224e+03    1.245162e+00    1.381979e+03    0.000000e+00    5.856344e+02   -8.368868e+00    7.003874e+00    5.760473e+02    0.000000e+00
   2.114356e-02    1.325449e+03    1.227923e+00    1.324221e+03    0.000000e+00    5.690910e+02   -8.252242e+00    6.956423e+00    5.605099e+02    0.000000e+00
   2.171714e-02    1.270006e+03    1.210222e+00    1.268796e+03    0.000000e+00    5.529898e+02   -8.137088e+00    6.907318e+00    5.472768e+02    0.000000e+00
   2.230627e-02    1.216805e+03    1.192824e+00    1.215612e+03    0.000000e+00    5.373192e+02   -8.023388e+00    6.859086e+00    5.336846e+02    0.000000e+00
   2.291138e-02    1.165756e+03    1.176380e+00    1.164579e+03    0.000000e+00    5.220679e+02   -7.911122e+00    6.812944e+00    5.197237e+02    0.000000e+00
   2.353291e-02    1.116773e+03    1.159339e+00    1.115613e+03    0.000000e+00    5.072247e+02   -7.800268e+00    6.765376e+00    5.053842e+02    0.000000e+00
   2.417130e-02    1.069774e+03    1.142799e+00    1.068632e+03    0.000000e+00    4.927791e+02   -7.690811e+00    6.718509e+00    4.919377e+02    0.000000e+00
   2.482701e-02    1.024682e+03    1.126774e+00    1.023555e+03    0.000000e+00    4.787206e+02   -7.582730e+00    6.673415e+00    4.801663e+02    0.000000e+00
   2.550051e-02    9.814188e+02    1.110033e+00    9.803088e+02    0.000000e+00    4.650390e+02   -7.476005e+00    6.625635e+00    4.680756e+02    0.000000e+00
   2.619227e-02    9.399143e+02    1.094738e+00    9.388196e+02    0.000000e+00    4.517244e+02   -7.370623e+00    6.582125e+00    4.556569e+02    0.000000e+00
   2.690280e-02    9.000965e+02    1.078746e+00    8.990177e+02    0.000000e+00    4.387672e+02   -7.266560e+00    6.536152e+00    4.429013e+02    0.000000e+00
   2.763261e-02    8.618996e+02    1.063449e+00    8.608362e+02    0.000000e+00    4.261580e+02   -7.163802e+00    6.492150e+00    4.323856e+02    0.000000e+00
   2.838221e-02    8.252585e+02    1.048031e+00    8.242104e+02    0.000000e+00    4.138877e+02   -7.062329e+00    6.447492e+00    4.216147e+02    0.000000e+00
   2.915215e-02    7.901117e+02    1.033002e+00    7.890787e+02    0.000000e+00    4.019473e+02   -6.962127e+00    6.403788e+00    4.105516e+02    0.000000e+00
   2.994298e-02    7.563995e+02    1.017970e+00    7.553815e+02    0.000000e+00    3.903283e+02   -6.863176e+00    6.359915e+00    3.992977e+02    0.000000e+00
   3.075526e-02    7.240651e+02    1.003381e+00    7.230617e+02    0.000000e+00    3.790221e+02   -6.765461e+00    6.317031e+00    3.897432e+02    0.000000e+00
   3.158957e-02    6.930530e+02    9.885425e-01    6.920645e+02    0.000000e+00    3.680207e+02   -6.668964e+00    6.273388e+00    3.799296e+02    0.000000e+00
   3.244652e-02    6.633116e+02    9.744957e-01    6.623371e+02    0.000000e+00    3.573159e+02   -6.573671e+00    6.231650e+00    3.698498e+02    0.000000e+00
   3.332671e-02    6.347890e+02    9.599995e-01    6.338290e+02    0.000000e+00    3.469001e+02   -6.479563e+00    6.188679e+00    3.603479e+02    0.000000e+00
   3.423079e-02    6.074377e+02    9.462026e-01    6.064915e+02    0.000000e+00    3.367656e+02   -6.386628e+00    6.147248e+00    3.514809e+02    0.000000e+00
   3.515938e-02    5.812104e+02    9.324135e-01    5.802780e+02    0.000000e+00    3.269051e+02   -6.294847e+00    6.106045e+00    3.423734e+02    0.000000e+00
   3.611317e-02    5.560620e+02    9.184350e-01    5.551435e+02    0.000000e+00    3.173115e+02   -6.204204e+00    6.063648e+00    3.333675e+02    0.000000e+00
   3.709283e-02    5.319503e+02    9.051981e-01    5.310451e+02    0.000000e+00    3.079776e+02   -6.114689e+00    6.023761e+00    3.252323e+02    0.000000e+00
   3.809907e-02    5.088332e+02    8.919477e-01    5.079412e+02    0.000000e+00    2.988968e+02   -6.026283e+00    5.983225e+00    3.168764e+02    0.000000e+00
   3.913260e-02    4.866709e+02    8.786589e-01    4.857922e+02    0.000000e+00    2.900624e+02   -5.938971e+00    5.942764e+00    3.086024e+02    0.000000e+00
   4.019417e-02    4.654254e+02    8.655082e-01    4.645598e+02    0.000000e+00    2.814679e+02   -5.852739e+00    5.902188e+00    3.010413e+02    0.000000e+00
   4.128454e-02    4.450603e+02    8.528741e-01    4.442075e+02    0.000000e+00    2.731070e+02   -5.767576e+00    5.863319e+00    2.932750e+02    0.000000e+00
   4.240449e-02    4.255401e+02    8.402750e-01    4.246998e+02    0.000000e+00    2.649738e+02   -5.683465e+00    5.824115e+00    2.858113e+02    0.000000e+00
   4.355482e-02    4.068308e+02    8.277577e-01    4.060030e+02    0.000000e+00    2.570621e+02   -5.600391e+00    5.785196e+00    2.787053e+02    0.000000e+00
   4.473635e-02    3.889000e+02    8.153576e-01    3.880846e+02    0.000000e+00    2.493663e+02   -5.518343e+00    5.746274e+00    2.714065e+02    0.000000e+00
   4.594994e-02    3.717165e+02    8.030992e-01    3.709134e+02    0.000000e+00    2.418806e+02   -5.437306e+00    5.707763e+00    2.647533e+02    0.000000e+00
   4.719645e-02    3.552503e+02    7.909997e-01    3.544593e+02    0.000000e+00    2.345996e+02   -5.357267e+00    5.669440e+00    2.580105e+02    0.000000e+00
   4.847677e-02    3.394727e+02    7.790682e-01    3.386936e+02    0.000000e+00    2.275179e+02   -5.278214e+00    5.631567e+00    2.514865e+02    0.000000e+00
   4.979183e-02    3.243559e+02    7.673086e-01    3.235886e+02    0.000000e+00    2.206304e+02   -5.200134e+00    5.593975e+00    2.452048e+02    0.000000e+00
   5.114255e-02    3.098733e+02    7.557168e-01    3.091176e+02    0.000000e+00    2.139319e+02   -5.123013e+00    5.556799e+00    2.389165e+02    0.000000e+00
   5.252993e-02    2.959995e+02    7.442853e-01    2.952553e+02    0.000000e+00    2.074175e+02   -5.046840e+00    5.519912e+00    2.330207e+02    0.000000e+00
   5.395493e-02    2.827099e+02    7.330036e-01    2.819769e+02    0.000000e+00    2.010824e+02   -4.971602e+00    5.483356e+00    2.270239e+02    0.000000e+00
   5.541860e-02    2.699810e+02    7.218558e-01    2.692591e+02    0.000000e+00    1.949220e+02   -4.897288e+00    5.447042e+00    2.214537e+02    0.000000e+00
   5.692197e-02    2.577900e+02    7.108245e-01    2.570792e+02    0.000000e+00    1.889316e+02   -4.823884e+00    5.410927e+00    2.157739e+02    0.000000e+00
   5.846612e-02    2.461153e+02    6.998902e-01    2.454154e+02    0.000000e+00    1.831069e+02   -4.751380e+00    5.374960e+00    2.104801e+02    0.000000e+00
   6.005216e-02    2.349359e+02    6.890317e-01    2.342469e+02    0.000000e+00    1.774434e+02   -4.679764e+00    5.339030e+00    2.051235e+02    0.000000e+00
   6.168123e-02    2.242320e+02    6.784065e-01    2.235536e+02    0.000000e+00    1.719371e+02   -4.609026e+00    5.303672e+00    2.000656e+02    0.000000e+00
   6.335449e-02    2.139843e+02    6.679728e-01    2.133163e+02    0.000000e+00    1.665838e+02   -4.539153e+00    5.268762e+00    1.950276e+02    0.000000e+00
   6.507314e-02    2.041740e+02    6.575567e-01    2.035165e+02    0.000000e+00    1.613795e+02   -4.470135e+00    5.233743e+00    1.901717e+02    0.000000e+00
   6.683841e-02    1.947836e+02    6.472507e-01    1.941364e+02    0.000000e+00    1.563203e+02   -4.401960e+00    5.198911e+00    1.854408e+02    0.000000e+00
   6.865157e-02    1.857962e+02    6.372079e-01    1.851590e+02    0.000000e+00    1.514025e+02   -4.334620e+00    5.164779e+00    1.807585e+02    0.000000e+00
   7.051392e-02    1.771949e+02    6.271062e-01    1.765678e+02    0.000000e+00    1.466223e+02   -4.268102e+00    5.130289e+00    1.763195e+02    0.000000e+00
   7.242679e-02    1.689646e+02    6.173191e-01    1.683472e+02    0.000000e+00    1.419762e+02   -4.202398e+00    5.096658e+00    1.719108e+02    0.000000e+00
   7.439155e-02    1.610896e+02    6.074796e-01    1.604821e+02    0.000000e+00    1.374607e+02   -4.137495e+00    5.062717e+00    1.676225e+02    0.000000e+00
   7.640961e-02    1.535558e+02    5.979246e-01    1.529579e+02    0.000000e+00    1.330724e+02   -4.073387e+00    5.029511e+00    1.634922e+02    0.000000e+00
   7.848241e-02    1.463490e+02    5.883303e-01    1.457607e+02    0.000000e+00    1.288079e+02   -4.010060e+00    4.996075e+00    1.594201e+02    0.000000e+00
   8.061145e-02    1.394560e+02    5.789830e-01    1.388770e+02    0.000000e+00    1.246641e+02   -3.947508e+00    4.963211e+00    1.554392e+02    0.000000e+00
   8.279823e-02    1.328639e+02    5.697114e-01    1.322941e+02    0.000000e+00    1.206378e+02   -3.885720e+00    4.930562e+00    1.516217e+02    0.000000e+00
   8.504435e-02    1.265601e+02    5.604924e-01    1.259997e+02    0.000000e+00    1.167259e+02   -3.824686e+00    4.897766e+00    1.478729e+02    0.000000e+00
   8.735139e-02    1.205331e+02    5.514288e-01    1.199817e+02    0.000000e+00    1.129254e+02   -3.764398e+00    4.865520e+00    1.442020e+02    0.000000e+00
   8.972102e-02    1.147714e+02    5.425209e-01    1.142289e+02    0.000000e+00    1.092335e+02   -3.704848e+00    4.833430e+00    1.406150e+02    0.000000e+00
   9.215493e-02    1.092640e+02    5.336970e-01    1.087303e+02    0.000000e+00    1.056473e+02   -3.646025e+00    4.801707e+00    1.371623e+02    0.000000e+00
   9.465486e-02    1.040004e+02    5.249731e-01    1.034754e+02    0.000000e+00    1.021641e+02   -3.587922e+00    4.769881e+00    1.337864e+02    0.000000e+00
   9.722262e-02    9.897047e+01    5.163499e-01    9.845412e+01    0.000000e+00    9.878112e+01   -3.530529e+00    4.738555e+00    1.304885e+02    0.000000e+00
   9.986002e-02    9.416462e+01    5.078382e-01    9.365678e+01    0.000000e+00    9.549582e+01   -3.473840e+00    4.707162e+00    1.272701e+02    0.000000e+00
   1.025690e-01    8.957351e+01    4.994301e-01    8.907408e+01    0.000000e+00    9.230563e+01   -3.417844e+00    4.676222e+00    1.241313e+02    0.000000e+00
   1.053514e-01    8.518820e+01    4.911217e-01    8.469708e+01    0.000000e+00    8.920806e+01   -3.362536e+00    4.645257e+00    1.210716e+02    0.000000e+00
   1.082093e-01    8.100012e+01    4.829051e-01    8.051721e+01    0.000000e+00    8.620070e+01   -3.307905e+00    4.614601e+00    1.180896e+02    0.000000e+00
   1.111448e-01    7.700101e+01    4.747703e-01    7.652624e+01    0.000000e+00    8.328120e+01   -3.253945e+00    4.583963e+00    1.151836e+02    0.000000e+00
   1.141599e-01    7.318307e+01    4.668144e-01    7.271625e+01    0.000000e+00    8.044725e+01   -3.200649e+00    4.553845e+00    1.123515e+02    0.000000e+00
   1.172568e-01    6.953858e+01    4.589237e-01    6.907965e+01    0.000000e+00    7.769663e+01   -3.148009e+00    4.523800e+00    1.095908e+02    0.000000e+00
   1.204376e-01    6.606024e+01    4.510809e-01    6.560916e+01    0.000000e+00    7.502714e+01   -3.096016e+00    4.493676e+00    1.068992e+02    0.000000e+00
   1.237048e-01    6.274119e+01    4.434180e-01    6.229777e+01    0.000000e+00    7.243667e+01   -3.044666e+00    4.464175e+00    1.042741e+02    0.000000e+00
   1.270606e-01    5.957454e+01    4.357831e-01    5.913876e+01    0.000000e+00    6.992315e+01   -2.993948e+00    4.434396e+00    1.017127e+02    0.000000e+00
   1.305075e-01    5.655398e+01    4.282977e-01    5.612568e+01    0.000000e+00    6.748455e+01   -2.943859e+00    4.405257e+00    9.921261e+01    0.000000e+00
   1.340478e-01    5.367319e+01    4.208509e-01    5.325234e+01    0.000000e+00    6.511892e+01   -2.894389e+00    4.375855e+00    9.677109e+01    0.000000e+00
   1.376842e-01    5.092633e+01    4.135441e-01    5.051279e+01    0.000000e+00    6.282433e+01   -2.845534e+00    4.346979e+00    9.438931e+01    0.000000e+00
   1.414192e-01    4.830764e+01    4.063187e-01    4.790132e+01    0.000000e+00    6.059892e+01   -2.797286e+00    4.318120e+00    9.207576e+01    0.000000e+00
   1.452556e-01    4.581162e+01    3.991695e-01    4.541245e+01    0.000000e+00    5.844087e+01   -2.749639e+00    4.289393e+00    8.981340e+01    0.000000e+00
   1.491960e-01    4.343303e+01    3.921072e-01    4.304092e+01    0.000000e+00    5.634841e+01   -2.702586e+00    4.260859e+00    8.759977e+01    0.000000e+00
   1.532433e-01    4.116682e+01    3.851376e-01    4.078168e+01    0.000000e+00    5.431979e+01   -2.656122e+00    4.232361e+00    8.544716e+01    0.000000e+00
   1.574004e-01    3.900815e+01    3.782625e-01    3.862988e+01    0.000000e+00    5.235334e+01   -2.610239e+00    4.204248e+00    8.334471e+01    0.000000e+00
   1.616703e-01    3.695236e+01    3.714808e-01    3.658088e+01    0.000000e+00    5.044742e+01   -2.564934e+00    4.176123e+00    8.128716e+01    0.000000e+00
   1.660560e-01    3.499499e+01    3.647880e-01    3.463021e+01    0.000000e+00    4.860040e+01   -2.520199e+00    4.148305e+00    7.928731e+01    0.000000e+00
   1.705607e-01    3.313175e+01    3.581775e-01    3.277357e+01    0.000000e+00    4.681075e+01   -2.476029e+00    4.120550e+00    7.732607e+01    0.000000e+00
   1.751876e-01    3.135851e+01    3.516416e-01    3.100687e+01    0.000000e+00    4.507692e+01   -2.432417e+00    4.092862e+00    7.541980e+01    0.000000e+00
   1.799400e-01    2.967134e+01    3.451830e-01    2.932615e+01    0.000000e+00    4.339743e+01   -2.389360e+00    4.065402e+00    7.355250e+01    0.000000e+00
   1.848214e-01    2.806647e+01    3.388343e-01    2.772764e+01    0.000000e+00    4.177084e+01   -2.346851e+00    4.038025e+00    7.173098e+01    0.000000e+00
   1.898351e-01    2.654022e+01    3.325351e-01    2.620769e+01    0.000000e+00    4.019572e+01   -2.304885e+00    4.010827e+00    6.995324e+01    0.000000e+00
   1.949849e-01    2.508917e+01    3.263514e-01    2.476282e+01    0.000000e+00    3.867069e+01   -2.263457e+00    3.983805e+00    6.821406e+01    0.000000e+00
   2.002743e-01    2.370992e+01    3.202245e-01    2.338969e+01    0.000000e+00    3.719442e+01   -2.222562e+00    3.956785e+00    6.651447e+01    0.000000e+00
   2.057073e-01    2.239928e+01    3.141813e-01    2.208510e+01    0.000000e+00    3.576559e+01   -2.182194e+00    3.930017e+00    6.485768e+01    0.000000e+00
   2.112876e-01    2.115419e+01    3.082283e-01    2.084596e+01    0.000000e+00    3.438291e+01   -2.142350e+00    3.903277e+00    6.323765e+01    0.000000e+00
   2.170193e-01    1.997168e+01    3.023480e-01    1.966933e+01    0.000000e+00    3.304514e+01   -2.103024e+00    3.876755e+00    6.165400e+01    0.000000e+00
   2.229065e-01    1.884892e+01    2.965436e-01    1.855237e+01    0.000000e+00    3.175106e+01   -2.064211e+00    3.850305e+00    6.010605e+01    0.000000e+00
   2.289534e-01    1.778320e+01    2.908158e-01    1.749238e+01    0.000000e+00    3.049947e+01   -2.025906e+00    3.823862e+00    5.859292e+01    0.000000e+00
   2.351644e-01    1.677192e+01    2.851629e-01    1.648675e+01    0.000000e+00    2.928923e+01   -1.988107e+00    3.797713e+00    5.711360e+01    0.000000e+00
   2.415438e-01    1.581257e+01    2.795817e-01    1.553299e+01    0.000000e+00    2.811918e+01   -1.950806e+00    3.771531e+00    5.566697e+01    0.000000e+00
   2.480963e-01    1.490279e+01    2.740849e-01    1.462871e+01    0.000000e+00    2.698823e+01   -1.914002e+00    3.745484e+00    5.425187e+01    0.000000e+00
   2.548265e-01    1.404027e+01    2.686622e-01    1.377161e+01    0.000000e+00    2.589530e+01   -1.877689e+00    3.719633e+00    5.286996e+01    0.000000e+00
   2.617393e-01    1.322281e+01    2.633026e-01    1.295951e+01    0.000000e+00    2.483934e+01   -1.841862e+00    3.693724e+00    5.151782e+01    0.000000e+00
   2.688397e-01    1.244831e+01    2.580300e-01    1.219028e+01    0.000000e+00    2.381931e+01   -1.806519e+00    3.668018e+00    5.019377e+01    0.000000e+00
   2.761326e-01    1.171475e+01    2.528217e-01    1.146193e+01    0.000000e+00    2.283421e+01   -1.771654e+00    3.642406e+00    4.890013e+01    0.000000e+00
   2.836234e-01    1.102020e+01    2.476809e-01    1.077252e+01    0.000000e+00    2.188306e+01   -1.737264e+00    3.616766e+00    4.763314e+01    0.000000e+00
   2.913174e-01    1.036281e+01    2.426205e-01    1.012019e+01    0.000000e+00    2.096491e+01   -1.703345e+00    3.591318e+00    4.639435e+01    0.000000e+00
   2.992202e-01    9.740805e+00    2.376285e-01    9.503176e+00    0.000000e+00    2.007883e+01   -1.669892e+00    3.565959e+00    4.518071e+01    0.000000e+00
   3.073373e-01    9.152487e+00    2.327049e-01    8.919782e+00    0.000000e+00    1.922389e+01   -1.636903e+00    3.540583e+00    4.399397e+01    0.000000e+00
   3.156746e-01    8.596229e+00    2.278487e-01    8.368381e+00    0.000000e+00    1.839921e+01   -1.604373e+00    3.515328e+00    4.283211e+01    0.000000e+00
   3.242380e-01    8.070484e+00    2.230661e-01    7.847418e+00    0.000000e+00    1.760392e+01   -1.572299e+00    3.490192e+00    4.169437e+01    0.000000e+00
   3.330338e-01    7.573758e+00    2.183519e-01    7.355406e+00    0.000000e+00    1.683717e+01   -1.540677e+00    3.465045e+00    4.058036e+01    0.000000e+00
   3.420682e-01    7.104619e+00    2.136992e-01    6.890920e+00    0.000000e+00    1.609814e+01   -1.509503e+00    3.439946e+00    3.948955e+01    0.000000e+00
   3.513477e-01    6.661718e+00    2.091211e-01    6.452597e+00    0.000000e+00    1.538600e+01   -1.478775e+00    3.415008e+00    3.842130e+01    0.000000e+00
   3.608789e-01    6.243738e+00    2.046029e-01    6.039136e+00    0.000000e+00    1.469998e+01   -1.448487e+00    3.390023e+00    3.737494e+01    0.000000e+00
   3.706686e-01    5.849444e+00    2.001552e-01    5.649289e+00    0.000000e+00    1.403931e+01   -1.418637e+00    3.365054e+00    3.634971e+01    0.000000e+00
   3.807239e-01    5.477638e+00    1.957731e-01    5.281865e+00    0.000000e+00    1.340322e+01   -1.389222e+00    3.340266e+00    3.534620e+01    0.000000e+00
   3.910520e-01    5.127181e+00    1.914550e-01    4.935726e+00    0.000000e+00    1.279098e+01   -1.360238e+00    3.315452e+00    3.436261e+01    0.000000e+00
   4.016603e-01    4.796984e+00    1.872009e-01    4.609783e+00    0.000000e+00    1.220188e+01   -1.331682e+00    3.290619e+00    3.339913e+01    0.000000e+00
   4.125564e-01    4.486008e+00    1.830100e-01    4.302998e+00    0.000000e+00    1.163521e+01   -1.303549e+00    3.265850e+00    3.245470e+01    0.000000e+00
   4.237480e-01    4.193260e+00    1.788835e-01    4.014376e+00    0.000000e+00    1.109029e+01   -1.275838e+00    3.241155e+00    3.152989e+01    0.000000e+00
   4.352432e-01    3.917793e+00    1.748218e-01    3.742971e+00    0.000000e+00    1.056645e+01   -1.248545e+00    3.216442e+00    3.062344e+01    0.000000e+00
   4.470503e-01    3.658695e+00    1.708185e-01    3.487877e+00    0.000000e+00    1.006304e+01   -1.221666e+00    3.191686e+00    2.973510e+01    0.000000e+00
   4.591777e-01    3.415112e+00    1.668816e-01    3.248230e+00    0.000000e+00    9.579420e+00   -1.195199e+00    3.167025e+00    2.886455e+01    0.000000e+00
   4.716340e-01    3.186211e+00    1.630041e-01    3.023207e+00    0.000000e+00    9.114968e+00   -1.169140e+00    3.142376e+00    2.801136e+01    0.000000e+00
   4.844283e-01    2.971209e+00    1.591870e-01    2.812022e+00    0.000000e+00    8.669079e+00   -1.143485e+00    3.117688e+00    2.717509e+01    0.000000e+00
   4.975696e-01    2.769357e+00    1.554307e-01    2.613926e+00    0.000000e+00    8.241160e+00   -1.118232e+00    3.092967e+00    2.635597e+01    0.000000e+00
   5.110675e-01    2.579940e+00    1.517347e-01    2.428205e+00    0.000000e+00    7.830633e+00   -1.093378e+00    3.068268e+00    2.555285e+01    0.000000e+00
   5.249315e-01    2.402277e+00    1.480981e-01    2.254179e+00    0.000000e+00    7.436935e+00   -1.068919e+00    3.043597e+00    2.476613e+01    0.000000e+00
   5.391716e-01    2.235718e+00    1.445192e-01    2.091199e+00    0.000000e+00    7.059514e+00   -1.044852e+00    3.018872e+00    2.399502e+01    0.000000e+00
   5.537980e-01    2.079650e+00    1.410001e-01    1.938650e+00    0.000000e+00    6.697835e+00   -1.021174e+00    2.994103e+00    2.323943e+01    0.000000e+00
   5.688211e-01    1.933481e+00    1.375376e-01    1.795943e+00    0.000000e+00    6.351374e+00   -9.978816e-01    2.969275e+00    2.249914e+01    0.000000e+00
   5.842519e-01    1.796656e+00    1.341339e-01    1.662522e+00    0.000000e+00    6.019621e+00   -9.749721e-01    2.944471e+00    2.177390e+01    0.000000e+00
   6.001012e-01    1.668640e+00    1.307863e-01    1.537854e+00    0.000000e+00    5.702077e+00   -9.524419e-01    2.919631e+00    2.106337e+01    0.000000e+00
   6.163804e-01    1.548929e+00    1.274949e-01    1.421434e+00    0.000000e+00    5.398258e+00   -9.302880e-01    2.894722e+00    2.036737e+01    0.000000e+00
   6.331013e-01    1.437044e+00    1.242594e-01    1.312784e+00    0.000000e+00    5.107691e+00   -9.085071e-01    2.869742e+00    1.968581e+01    0.000000e+00
   6.502758e-01    1.332527e+00    1.210789e-01    1.211448e+00    0.000000e+00    4.829914e+00   -8.870959e-01    2.844686e+00    1.901839e+01    0.000000e+00
   6.679162e-01    1.234945e+00    1.179528e-01    1.116992e+00    0.000000e+00    4.564479e+00   -8.660513e-01    2.819549e+00    1.836491e+01    0.000000e+00
   6.860351e-01    1.143890e+00    1.148821e-01    1.029008e+00    0.000000e+00    4.310948e+00   -8.453703e-01    2.794406e+00    1.772523e+01    0.000000e+00
   7.046455e-01    1.058969e+00    1.118639e-01    9.471050e-01    0.000000e+00    4.068895e+00   -8.250492e-01    2.769166e+00    1.709918e+01    0.000000e+00
   7.237608e-01    9.798139e-01    1.088992e-01    8.709147e-01    0.000000e+00    3.837906e+00   -8.050849e-01    2.743830e+00    1.648656e+01    0.000000e+00
   7.433947e-01    9.060747e-01    1.059873e-01    8.000874e-01    0.000000e+00    3.617577e+00   -7.854743e-01    2.718392e+00    1.588740e+01    0.000000e+00
   7.635611e-01    8.374192e-01    1.031272e-01    7.342920e-01    0.000000e+00    3.407516e+00   -7.662138e-01    2.692845e+00    1.530138e+01   2.964394e-323
   7.842746e-01    7.735333e-01    1.003183e-01    6.732150e-01    0.000000e+00    3.207339e+00   -7.473001e-01    2.667183e+00    1.472843e+01  -2.884652e-319
   8.055501e-01    7.141207e-01    9.756066e-02    6.165600e-01    0.000000e+00    3.016675e+00   -7.287300e-01    2.641405e+00    1.416846e+01   4.004289e-315
   8.274027e-01    6.589473e-01    9.485560e-02    5.640917e-01    0.000000e+00    2.835164e+00   -7.106741e-01    2.615514e+00    1.362132e+01  -4.794997e-311
   8.498481e-01    6.077247e-01    9.220146e-02    5.155232e-01    0.000000e+00    2.662453e+00   -6.930580e-01    2.589526e+00    1.308692e+01  -8.221802e-307
   8.729023e-01    5.601758e-01    8.959704e-02    4.705787e-01    0.000000e+00    2.498203e+00   -6.757820e-01    2.563409e+00    1.256515e+01   6.942516e-303
   8.965820e-01    5.160636e-01    8.704150e-02    4.290221e-01    0.000000e+00    2.342083e+00   -6.588432e-01    2.537146e+00    1.205597e+01   4.822126e-298
   9.209041e-01    4.751648e-01    8.453413e-02    3.906307e-01    0.000000e+00    2.193771e+00   -6.422384e-01    2.510728e+00    1.155920e+01   2.529467e-294
   9.458859e-01    4.372687e-01    8.207443e-02    3.551943e-01    0.000000e+00    2.052956e+00   -6.259650e-01    2.484151e+00    1.107487e+01  -2.587709e-288
   9.715455e-01    4.021770e-01    7.966177e-02    3.225152e-01    0.000000e+00    1.919335e+00   -6.100198e-01    2.457406e+00    1.060276e+01  -5.842257e-284
   9.979011e-01    3.697026e-01    7.729560e-02    2.924070e-01    0.000000e+00    1.792616e+00   -5.944002e-01    2.430488e+00    1.014291e+01   1.861258e-278
   1.024972e+00    3.396699e-01    7.497567e-02    2.646943e-01    0.000000e+00    1.672513e+00   -5.791036e-01    2.403390e+00    9.695158e+00  -2.349544e-273
   1.052777e+00    3.119128e-01    7.270073e-02    2.392121e-01    0.000000e+00    1.558753e+00   -5.641268e-01    2.376101e+00    9.259451e+00  -2.286801e-268
   1.081336e+00    2.862762e-01    7.047074e-02    2.158054e-01    0.000000e+00    1.451068e+00   -5.494674e-01    2.348618e+00    8.835750e+00   2.078855e-262
   1.110670e+00    2.626135e-01    6.828489e-02    1.943286e-01    0.000000e+00    1.349201e+00   -5.351228e-01    2.320931e+00    8.423929e+00   9.463303e-257
   1.140800e+00    2.407875e-01    6.614251e-02    1.746450e-01    0.000000e+00    1.252902e+00   -5.210904e-01    2.293032e+00    8.023927e+00   5.471671e-251
   1.171747e+00    2.206693e-01    6.404303e-02    1.566263e-01    0.000000e+00    1.161930e+00   -5.073679e-01    2.264914e+00    7.635655e+00   1.757448e-245
   1.203533e+00    2.021382e-01    6.198584e-02    1.401524e-01    0.000000e+00    1.076052e+00   -4.939528e-01    2.236569e+00    7.259075e+00  -5.500195e-239
   1.236182e+00    1.850810e-01    5.997039e-02    1.251107e-01    0.000000e+00    9.950431e-01   -4.808432e-01    2.207989e+00    6.894063e+00   9.535006e-233
   1.269717e+00    1.693920e-01    5.799618e-02    1.113958e-01    0.000000e+00    9.186864e-01   -4.680371e-01    2.179166e+00    6.540549e+00  -2.240769e-226
   1.304161e+00    1.549714e-01    5.606230e-02    9.890914e-02    0.000000e+00    8.467724e-01   -4.555324e-01    2.150091e+00    6.198441e+00  -4.943350e-220
   1.339540e+00    1.417273e-01    5.416857e-02    8.755871e-02    0.000000e+00    7.790991e-01   -4.433279e-01    2.120785e+00    5.867654e+00   1.745117e-214
   1.375878e+00    1.295725e-01    5.231407e-02    7.725840e-02    0.000000e+00    7.154724e-01   -4.314220e-01    2.091220e+00    5.548110e+00  -2.355043e-206
   1.413202e+00    1.184263e-01    5.049837e-02    6.792797e-02    0.000000e+00    6.557052e-01   -4.198138e-01    2.061384e+00    5.239692e+00  -6.378035e-199
   1.451539e+00    1.082136e-01    4.872102e-02    5.949258e-02    0.000000e+00    5.996175e-01   -4.085025e-01    2.031269e+00    4.942294e+00   1.504256e-191
   1.490916e+00    9.886387e-02    4.698139e-02    5.188248e-02    0.000000e+00    5.470367e-01   -3.974878e-01    2.000869e+00    4.655809e+00  -4.735795e-184
   1.531360e+00    9.031175e-02    4.527900e-02    4.503274e-02    0.000000e+00    4.977968e-01   -3.867698e-01    1.970175e+00    4.380122e+00  -1.287350e-176
   1.572902e+00    8.249639e-02    4.361341e-02    3.888298e-02    0.000000e+00    4.517389e-01   -3.763490e-01    1.939204e+00    4.115119e+00  -2.904661e-169
   1.615571e+00    7.536125e-02    4.198421e-02    3.337704e-02    0.000000e+00    4.087106e-01   -3.662266e-01    1.907962e+00    3.860684e+00  -3.055438e-160
   1.659398e+00    6.885384e-02    4.039104e-02    2.846280e-02    0.000000e+00    3.685662e-01   -3.564044e-01    1.876410e+00    3.616659e+00  -1.037991e-152
   1.704413e+00    6.292551e-02    3.883364e-02    2.409187e-02    0.000000e+00    3.311664e-01   -3.468850e-01    1.844545e+00    3.382925e+00  -2.041702e-144
   1.750650e+00    5.753119e-02    3.731181e-02    2.021938e-02    0.000000e+00    2.963784e-01   -3.376717e-01    1.812397e+00    3.159338e+00   2.476494e-134
   1.798141e+00    5.262908e-02    3.582534e-02    1.680374e-02    0.000000e+00    2.640756e-01   -3.287687e-01    1.779964e+00    2.945730e+00   2.799918e-125
   1.846920e+00    4.818076e-02    3.437430e-02    1.380646e-02    0.000000e+00    2.341378e-01   -3.201815e-01    1.747213e+00    2.741948e+00   5.360896e-116
   1.897022e+00    4.415065e-02    3.295875e-02    1.119190e-02    0.000000e+00    2.064509e-01   -3.119165e-01    1.714176e+00    2.547827e+00  -2.436619e-106
   1.948484e+00    4.050611e-02    3.157898e-02    8.927131e-03    0.000000e+00    1.809068e-01   -3.039816e-01    1.680866e+00    2.363188e+00    1.520736e-96
   2.001341e+00    3.721711e-02    3.023539e-02    6.981720e-03    0.000000e+00    1.574037e-01   -2.963860e-01    1.647244e+00    2.187850e+00    1.939660e-86
   2.055633e+00    3.425613e-02    2.892855e-02    5.327586e-03    0.000000e+00    1.358458e-01   -2.891406e-01    1.613392e+00    2.021625e+00    5.381552e-76
   2.111397e+00    3.159807e-02    2.765921e-02    3.938858e-03    0.000000e+00    1.161434e-01   -2.822579e-01    1.579249e+00    1.864307e+00   -1.033748e-65
   2.168674e+00    2.922010e-02    2.642831e-02    2.791786e-03    0.000000e+00    9.821303e-02   -2.757522e-01    1.544882e+00    1.715700e+00    1.824633e-54
   2.227505e+00    2.710151e-02    2.523682e-02    1.864683e-03    0.000000e+00    8.197734e-02   -2.696397e-01    1.510267e+00    1.575580e+00   -5.403359e-44
   2.287931e+00    2.522364e-02    2.408563e-02    1.138012e-03    0.000000e+00    6.736538e-02   -2.639384e-01    1.475453e+00    1.443732e+00    7.758895e-32
   2.349997e+00    2.356985e-02    2.297507e-02    5.947782e-04    0.000000e+00    5.431266e-02   -2.586682e-01    1.440417e+00    1.319921e+00    2.596221e-20
   2.413747e+00    2.212537e-02    2.190345e-02    2.219162e-04    0.000000e+00    4.276143e-02   -2.538507e-01    1.405199e+00    1.203913e+00    1.099738e-11
   2.479226e+00    2.087729e-02    2.085939e-02    1.789800e-05    0.000000e+00    3.266090e-02   -2.495090e-01    1.369665e+00    1.095457e+00    2.004405e-10
   2.546481e+00    1.981452e-02    1.981452e-02   -4.900164e-21    0.000000e+00    2.396766e-02   -2.456674e-01    1.333642e+00    9.943054e-01    2.563186e-09
   2.615561e+00    1.892777e-02    1.892777e-02   -1.509674e-20    0.000000e+00    1.664608e-02   -2.423508e-01    1.298419e+00    9.001947e-01    2.671449e-08
   2.686515e+00    1.820958e-02    1.820958e-02   -2.496879e-20    0.000000e+00    1.066891e-02   -2.395845e-01    1.264131e+00    8.128608e-01    2.303714e-07
   2.759393e+00    1.765438e-02    1.765438e-02   -3.211430e-20    0.000000e+00    6.017960e-03   -2.373934e-01    1.230745e+00    7.320293e-01    1.657118e-06
   2.834249e+00    1.725848e-02    1.725848e-02   -3.503252e-20    0.000000e+00    2.685005e-03   -2.358015e-01    1.198237e+00    6.574247e-01    1.002092e-05
   2.911135e+00    1.702028e-02    1.702028e-02   -3.317347e-20    0.000000e+00    6.730184e-04   -2.348314e-01    1.166591e+00    5.887647e-01    5.134851e-05
   2.990107e+00    1.694073e-02    1.694073e-02   -2.728452e-20    0.000000e+00    0.000000e+00   -2.345053e-01    1.135778e+00    5.257604e-01    2.247548e-04
