Automatic VACF
0.0028000028 1072.16216917935
0.0056000028 1005.73667554493
0.0084000028 845.672128943479
0.0112000028 622.686596303852
0.0140000028 377.405964948104
0.0168000028 150.543059176517
0.0196000028 -25.6379744708682
0.0224000028 -132.760830944943
0.0252000028 -168.210266288295
0.0280000028 -143.584253554527
0.0308000028 -80.3422034084666
0.0336000028 -3.95397539570417
0.0364000028 61.9566420384067
0.0392000028 100.350126315485
0.0420000028 103.611793920528
0.0448000028 74.0169464492219
0.0476000028 21.8859331013237
0.0504000028 -37.9032430839762
0.0532000028 -90.0566374050269
0.0560000028 -122.562436978063
0.0588000028 -129.133992573351
0.0616000028 -110.120401581576
0.0644000028 -71.8495829787389
0.0672000028 -24.5418269937164
0.0700000028 20.6019606350146
0.0728000028 54.2044593197836
0.0756000028 70.5583605800063
0.0784000028 68.2715531544253
0.0812000028 50.0463346276561
0.0840000028 21.8046289138247
0.0868000028 -8.80434620363395
0.0896000028 -34.3051685052694
0.0924000028 -49.2054308937174
0.0952000028 -51.1009375773261
0.0980000028 -40.8216539614538
0.1008000028 -21.8716764189865
0.1036000028 0.490148139401165
0.1064000028 20.5495448571931
0.1092000028 33.6593189686202
0.1120000028 37.3348343575106
0.1148000028 31.6285282699494
0.1176000028 18.8821177511784
0.1204000028 2.86714044274122
0.1232000028 -12.3487198734217
0.1260000028 -23.3276452250749
0.1288000028 -27.9132775847656
0.1316000028 -25.6426230727957
0.1344000028 -17.6617699519146
0.1372000028 -6.21600387989036
0.1400000028 5.83398904832225
0.1428000028 15.4944244062754
0.1456000028 20.3974333673779
0.1484000028 19.563854498272
0.1512000028 13.6347692238562
0.1540000028 4.51715663960405
0.1568000028 -5.23651529368528
0.1596000028 -13.1073027201665
0.1624000028 -17.2539419222244
0.1652000028 -16.9861587586908
0.1680000028 -12.8105117874747
0.1708000028 -6.05844154589923
0.1736000028 1.54320745665434
0.1764000028 8.20680532471839
0.1792000028 12.4625981120594
0.1820000028 13.5543994807708
0.1848000028 11.5337744870488
0.1876000028 7.15620300936604
0.1904000028 1.74154701679357
0.1932000028 -3.2285288512921
0.1960000028 -6.66668841615084
0.1988000028 -8.14938837622939
0.2016000028 -7.8227354111025
0.2044000028 -6.14114518948705
0.2072000028 -3.68028860112236
0.2100000028 -1.14213992439842
0.2128000028 0.68256248785597
0.2156000028 1.20825043354883
0.2184000028 0.278498011562141
0.2212000028 -1.89204040822384
0.2240000028 -4.80875155255437
0.2268000028 -7.79904509827324
0.2296000028 -10.2492353704657
0.2324000028 -11.7978200607144
0.2352000028 -12.3086681664747
0.2380000028 -11.7990111956893
0.2408000028 -10.4501979670355
0.2436000028 -8.5473090598463
0.2464000028 -6.33643030316032
0.2492000028 -3.96006685925266
0.2520000028 -1.57574007511549
0.2548000028 0.568318985871863
0.2576000028 2.27810389261504
0.2604000028 3.49417207483376
0.2632000028 4.17432390159065
0.2660000028 4.28768980271601
0.2688000028 3.95665688046802
0.2716000028 3.49956942059997
0.2744000028 3.25426799858108
0.2772000028 3.35555915346263
0.2800000028 3.74718834680362
0.2828000028 4.36444570380811
0.2856000028 5.18927797801142
0.2884000028 6.16935245163129
0.2912000028 7.21181791014619
0.2940000028 8.21450384951414
0.2968000028 8.92530859640446
0.2996000028 8.88326096133234
0.3024000028 7.73457430656202
0.3052000028 5.5057534331608
0.3080000028 2.5031366071027
0.3108000028 -0.864128305631369
0.3136000028 -4.06642639170573
0.3164000028 -6.41728956286478
0.3192000028 -7.23497533457953
0.3220000028 -6.13618271496263
0.3248000028 -3.33263385447829
0.3276000028 0.333469253023026
0.3304000028 3.70489328289492
0.3332000028 5.74511500582392
0.3360000028 5.88266199119747
0.3388000028 4.14771349050561
0.3416000028 1.07385049694647
0.3444000028 -2.4710134343014
0.3472000028 -5.44188160291592
0.3500000028 -6.90256415602439
0.3528000028 -6.35365263965921
0.3556000028 -3.91478614689047
0.3584000028 -0.321011964057799
0.3612000028 3.29781731685062
0.3640000028 5.87890014250568
0.3668000028 6.86881859259363
0.3696000028 6.34643765033045
0.3724000028 4.84188909642507
0.3752000028 3.02836911926876
0.3780000028 1.4286220858379
0.3808000028 0.266311502386148
0.3836000028 -0.510888288028362
0.3864000028 -1.10215390956607
0.3892000028 -1.71851773487582
0.3920000028 -2.55466303680431
0.3948000028 -3.7386380371044
0.3976000028 -5.1912246254326
0.4004000028 -6.66940061821908
0.4032000028 -7.90559659617165
0.4060000028 -8.5812367550666
0.4088000028 -8.39582253910983
0.4116000028 -7.28327469997962
0.4144000028 -5.44185059313561
0.4172000028 -3.15113359297801
0.4200000028 -0.621757559752739
0.4228000028 1.9634237463792
0.4256000028 4.32325141212007
0.4284000028 6.1556738188776
0.4312000028 7.33637605360752
0.4340000028 7.98121473676799
0.4368000028 8.34784648878293
0.4396000028 8.65930688932951
0.4424000028 9.00035591505717
0.4452000028 9.36365333678499
0.4480000028 9.76456543535513
0.4508000028 10.2889144016583
0.4536000028 11.0140327097298
0.4564000028 11.8292403772187
0.4592000028 12.3122778717089
0.4620000028 11.9513497975585
0.4648000028 10.6039173968764
0.4676000028 8.69331043989719
0.4704000028 6.95111045562524
0.4732000028 5.96958484721591
0.4760000028 5.87330988177351
0.4788000028 6.36192150260464
0.4816000028 6.96566776823637
0.4844000028 7.1959808518886
0.4872000028 6.66259056844615
0.4900000028 5.27785085349196
0.4928000028 3.34541054374188
0.4956000028 1.43766147382519
0.4984000028 0.20282211563372
0.5012000028 0.11568933382077
0.5040000028 1.25686354537173
0.5068000028 3.33623778838456
0.5096000028 5.82860180433811
0.5124000028 8.12086956736566
0.5152000028 9.68476950712032
0.5180000028 10.1485965965102
0.5208000028 9.33847077641678
0.5236000028 7.38009997167218
0.5264000028 4.64417642104231
0.5292000028 1.51754463674882
0.5320000028 -1.72356837177585
0.5348000028 -4.94802128991589
0.5376000028 -8.10049876946099
0.5404000028 -10.9644686104537
0.5432000028 -13.0536088129379
0.5460000028 -13.8937799605169
0.5488000028 -13.3658139584593
0.5516000028 -11.6613899989237
0.5544000028 -9.01735691513116
0.5572000028 -5.59733030394027
0.5600000028 -1.58234778896604
0.5628000028 2.60423722959107
0.5656000028 6.19219267590418
0.5684000028 8.32204922182142
0.5712000028 8.4708014591464
0.5740000028 6.71498490550097
0.5768000028 3.64658566276863
0.5796000028 0.0260622392309993
0.5824000028 -3.55291021256732
0.5852000028 -6.83276573965212
0.5880000028 -9.79230334656723
0.5908000028 -12.3167125307104
0.5936000028 -13.9912088483999
0.5964000028 -14.3240272349808
0.5992000028 -13.130638406605
0.6020000028 -10.651242861496
0.6048000028 -7.500437180357
0.6076000028 -4.56886899325641
0.6104000028 -2.74536644255929
0.6132000028 -2.52252930526655
0.6160000028 -3.79067505441329
0.6188000028 -5.97452199367356
0.6216000028 -8.34066997997419
0.6244000028 -10.2685822835824
0.6272000028 -11.3874174332862
0.6300000028 -11.5150182948047
0.6328000028 -10.5434831361932
0.6356000028 -8.44824178499602
0.6384000028 -5.38845472301682
0.6412000028 -1.81499642515257
0.6440000028 1.54824152846944
0.6468000028 3.94699866244543
0.6496000028 4.88137478810101
0.6524000028 4.21996880703658
0.6552000028 2.23341378712677
0.6580000028 -0.426274063607694
0.6608000028 -2.93263281813894
0.6636000028 -4.61871916358691
0.6664000028 -5.09832825117797
0.6692000028 -4.17186247320927
0.6720000028 -1.86775711542534
0.6748000028 1.42695143236465
0.6776000028 5.02538096058776
0.6804000028 8.11989354861657
0.6832000028 9.86337691388185
0.6860000028 9.50346304107331
0.6888000028 6.75685705453314
0.6916000028 2.05751506157248
0.6944000028 -3.6169229716864
0.6972000028 -9.0422757325228
0.7000000028 -12.9457654895164
0.7028000028 -14.2986600761698
0.7056000028 -12.6982686314862
0.7084000028 -8.47154749803118
0.7112000028 -2.46546738119931
0.7140000028 4.15991772111398
0.7168000028 10.1039630285809
0.7196000028 14.2047385162364
0.7224000028 15.7974225182353
0.7252000028 14.9103476832547
0.7280000028 12.1527523977376
0.7308000028 8.39087075169332
0.7336000028 4.44954454792317
0.7364000028 0.948726762456686
0.7392000028 -1.8080487160336
0.7420000028 -3.79505914012595
0.7448000028 -4.98726898243431
0.7476000028 -5.25711737330978
0.7504000028 -4.62631189462752
0.7532000028 -3.41287325336311
0.7560000028 -2.12129102445584
0.7588000028 -1.27744695046606
0.7616000028 -1.2380218710427
0.7644000028 -2.07079029332661
0.7672000028 -3.58242201494625
0.7700000028 -5.3268891913701
0.7728000028 -6.65832688851401
0.7756000028 -7.08317831499001
0.7784000028 -6.58857125193635
0.7812000028 -5.54948803156268
0.7840000028 -4.43935171134765
0.7868000028 -3.59157574888463
0.7896000028 -3.05351488453515
0.7924000028 -2.64494698109795
0.7952000028 -2.17116229420705
0.7980000028 -1.57615992271056
0.8008000028 -0.915703858681281
0.8036000028 -0.221503431132843
0.8064000028 0.420386365117112
0.8092000028 0.717264902954161
0.8120000028 0.410111083328957
0.8148000028 -0.471015323891691
0.8176000028 -1.69782919364884
0.8204000028 -3.16700148346704
0.8232000028 -4.96412185944695
0.8260000028 -7.07314710753417
0.8288000028 -9.11916674734382
0.8316000028 -10.4928071241297
0.8344000028 -10.6893474536319
0.8372000028 -9.48098540705841
0.8400000028 -6.91678827833782
0.8428000028 -3.34294329850432
0.8456000028 0.614225508291207
0.8484000028 4.24660110047892
0.8512000028 7.08810149831197
0.8540000028 9.03802163405716
0.8568000028 10.1737486741697
0.8596000028 10.4990591815813
0.8624000028 9.89588235230727
0.8652000028 8.30688131860051
0.8680000028 5.89297655796891
0.8708000028 2.9635965363755
0.8736000028 -0.155281799313117
0.8764000028 -3.16702288638051
0.8792000028 -5.84651233808418
0.8820000028 -8.0612845887997
0.8848000028 -9.69177000219749
0.8876000028 -10.5341440762772
0.8904000028 -10.317746126836
0.8932000028 -8.82991888680616
0.8960000028 -6.08140912081552
0.8988000028 -2.39633333412702
0.9016000028 1.58127135763742
0.9044000028 4.99823468275485
0.9072000028 7.11802565227349
0.9100000028 7.66254124717885
0.9128000028 6.88924925608207
0.9156000028 5.46598536511558
0.9184000028 4.20433322266892
0.9212000028 3.7199779701456
0.9240000028 4.26422831236432
0.9268000028 5.77013107525411
0.9296000028 7.88279444938987
0.9324000028 10.01773120221
0.9352000028 11.6785717851551
0.9380000028 12.6648366875352
0.9408000028 12.8805980066525
0.9436000028 12.1788335920452
0.9464000028 10.5371255937489
0.9492000028 8.17479068240839
0.9520000028 5.3933456251623
0.9548000028 2.46384356372955
0.9576000028 -0.290953582619601
0.9604000028 -2.53684333166064
0.9632000028 -4.16303899936291
0.9660000028 -5.30969669788767
0.9688000028 -6.12801323182117
0.9716000028 -6.59782406265783
0.9744000028 -6.6119555190438
0.9772000028 -6.16072070962256
0.9800000028 -5.32367405501113
0.9828000028 -4.15996542488807
0.9856000028 -2.76210269407373
0.9884000028 -1.38600094986766
0.9912000028 -0.386334664530621
0.9940000028 0.0024803654110332
0.9968000028 -0.207434694387856
0.9996000028 -0.824485590646367
1.0024000028 -1.58940615275779
1.0052000028 -2.26424844236276
