Model replicates Starrett & Saumon 2014 'A simple method for determining the ionic structure of warm dense matter'
 # {"name":"CS2014_Al", "Z":13, "Zstar":3.743643885406994, "A":27,  "μ_core[AU]": 3.6967966385e-01, "μ_empty[AU]": 3.6967966385e-01, "Te[AU]": 3.675e-02, "Ti[AU]": 3.675e-02, "rs[AU]": 2.991e+00 }
   r[AU]           ne_full[AU]     n_ion[AU]       ne_ext[AU]      ne_PA[AU]       ne_scr[AU]      
   5.000000e-04    3.992754e+05    3.992666e+05    5.430391e-03    3.992754e+05    8.843524e+00
   5.055355e-04    3.927223e+05    3.927135e+05    5.430391e-03    3.927223e+05    8.765759e+00
   5.111323e-04    3.862764e+05    3.862678e+05    5.430391e-03    3.862764e+05    8.606065e+00
   5.167910e-04    3.799363e+05    3.799278e+05    5.430391e-03    3.799363e+05    8.494892e+00
   5.225124e-04    3.737003e+05    3.736918e+05    5.430391e-03    3.737003e+05    8.565758e+00
   5.282971e-04    3.675665e+05    3.675579e+05    5.430391e-03    3.675665e+05    8.579532e+00
   5.341459e-04    3.615331e+05    3.615246e+05    5.430391e-03    3.615331e+05    8.513565e+00
   5.400594e-04    3.555985e+05    3.555902e+05    5.430391e-03    3.555985e+05    8.371282e+00
   5.460384e-04    3.497613e+05    3.497530e+05    5.430391e-03    3.497612e+05    8.218137e+00
   5.520836e-04    3.440199e+05    3.440116e+05    5.430391e-03    3.440199e+05    8.312818e+00
   5.581957e-04    3.383726e+05    3.383642e+05    5.430391e-03    3.383726e+05    8.329891e+00
   5.643755e-04    3.328177e+05    3.328095e+05    5.430391e-03    3.328177e+05    8.273332e+00
   5.706237e-04    3.273539e+05    3.273458e+05    5.430391e-03    3.273539e+05    8.137828e+00
   5.769411e-04    3.219796e+05    3.219716e+05    5.430391e-03    3.219796e+05    8.026236e+00
   5.833284e-04    3.166936e+05    3.166856e+05    5.430391e-03    3.166936e+05    8.074543e+00
   5.897864e-04    3.114943e+05    3.114862e+05    5.430391e-03    3.114943e+05    8.093256e+00
   5.963159e-04    3.063800e+05    3.063720e+05    5.430391e-03    3.063800e+05    8.033693e+00
   6.029178e-04    3.013496e+05    3.013417e+05    5.430391e-03    3.013496e+05    7.907584e+00
   6.095926e-04    2.964016e+05    2.963938e+05    5.430391e-03    2.964016e+05    7.801038e+00
   6.163414e-04    2.915350e+05    2.915271e+05    5.430391e-03    2.915349e+05    7.847856e+00
   6.231650e-04    2.867480e+05    2.867401e+05    5.430391e-03    2.867480e+05    7.856512e+00
   6.300640e-04    2.820395e+05    2.820317e+05    5.430391e-03    2.820395e+05    7.801906e+00
   6.370394e-04    2.774081e+05    2.774004e+05    5.430391e-03    2.774081e+05    7.686690e+00
   6.440921e-04    2.728526e+05    2.728450e+05    5.430391e-03    2.728526e+05    7.551436e+00
   6.512228e-04    2.683720e+05    2.683643e+05    5.430391e-03    2.683719e+05    7.621691e+00
   6.584325e-04    2.639647e+05    2.639571e+05    5.430391e-03    2.639647e+05    7.630588e+00
   6.657220e-04    2.596297e+05    2.596221e+05    5.430391e-03    2.596297e+05    7.580826e+00
   6.730922e-04    2.553657e+05    2.553583e+05    5.430391e-03    2.553657e+05    7.469705e+00
   6.805440e-04    2.511716e+05    2.511643e+05    5.430391e-03    2.511716e+05    7.373526e+00
   6.880783e-04    2.470465e+05    2.470390e+05    5.430391e-03    2.470464e+05    7.407492e+00
   6.956960e-04    2.429889e+05    2.429815e+05    5.430391e-03    2.429889e+05    7.415646e+00
   7.033981e-04    2.389978e+05    2.389904e+05    5.430391e-03    2.389978e+05    7.362300e+00
   7.111854e-04    2.350720e+05    2.350648e+05    5.430391e-03    2.350720e+05    7.255426e+00
   7.190589e-04    2.312107e+05    2.312035e+05    5.430391e-03    2.312107e+05    7.173658e+00
   7.270196e-04    2.274128e+05    2.274056e+05    5.430391e-03    2.274128e+05    7.204043e+00
   7.350685e-04    2.236771e+05    2.236699e+05    5.430391e-03    2.236771e+05    7.201874e+00
   7.432064e-04    2.200026e+05    2.199954e+05    5.430391e-03    2.200026e+05    7.149707e+00
   7.514344e-04    2.163883e+05    2.163813e+05    5.430391e-03    2.163883e+05    7.049667e+00
   7.597536e-04    2.128333e+05    2.128264e+05    5.430391e-03    2.128333e+05    6.955026e+00
   7.681648e-04    2.093367e+05    2.093297e+05    5.430391e-03    2.093367e+05    7.000108e+00
   7.766691e-04    2.058974e+05    2.058904e+05    5.430391e-03    2.058974e+05    6.996632e+00
   7.852676e-04    2.025145e+05    2.025075e+05    5.430391e-03    2.025145e+05    6.946549e+00
   7.939613e-04    1.991870e+05    1.991801e+05    5.430391e-03    1.991870e+05    6.848914e+00
   8.027513e-04    1.959140e+05    1.959073e+05    5.430391e-03    1.959140e+05    6.771550e+00
   8.116385e-04    1.926949e+05    1.926881e+05    5.430391e-03    1.926949e+05    6.806280e+00
   8.206242e-04    1.895285e+05    1.895217e+05    5.430391e-03    1.895285e+05    6.800480e+00
   8.297093e-04    1.864139e+05    1.864072e+05    5.430391e-03    1.864139e+05    6.746885e+00
   8.388950e-04    1.833504e+05    1.833438e+05    5.430391e-03    1.833504e+05    6.650085e+00
   8.481824e-04    1.803372e+05    1.803306e+05    5.430391e-03    1.803372e+05    6.600710e+00
   8.575726e-04    1.773735e+05    1.773669e+05    5.430391e-03    1.773735e+05    6.620951e+00
   8.670668e-04    1.744583e+05    1.744517e+05    5.430391e-03    1.744583e+05    6.606375e+00
   8.766661e-04    1.715909e+05    1.715844e+05    5.430391e-03    1.715909e+05    6.551716e+00
   8.863716e-04    1.687705e+05    1.687640e+05    5.430391e-03    1.687705e+05    6.459058e+00
   8.961847e-04    1.659964e+05    1.659900e+05    5.430391e-03    1.659964e+05    6.415416e+00
   9.061063e-04    1.632678e+05    1.632614e+05    5.430391e-03    1.632678e+05    6.435990e+00
   9.161378e-04    1.605840e+05    1.605776e+05    5.430391e-03    1.605840e+05    6.418499e+00
   9.262804e-04    1.579442e+05    1.579378e+05    5.430391e-03    1.579441e+05    6.364409e+00
   9.365352e-04    1.553476e+05    1.553413e+05    5.430391e-03    1.553476e+05    6.277669e+00
   9.469036e-04    1.527936e+05    1.527873e+05    5.430391e-03    1.527936e+05    6.243474e+00
   9.573867e-04    1.502816e+05    1.502753e+05    5.430391e-03    1.502816e+05    6.258555e+00
   9.679860e-04    1.478107e+05    1.478045e+05    5.430391e-03    1.478107e+05    6.238311e+00
   9.787025e-04    1.453804e+05    1.453742e+05    5.430391e-03    1.453804e+05    6.180737e+00
   9.895377e-04    1.429898e+05    1.429837e+05    5.430391e-03    1.429898e+05    6.098523e+00
   1.000493e-03    1.406386e+05    1.406325e+05    5.430391e-03    1.406386e+05    6.078538e+00
   1.011569e-03    1.383259e+05    1.383198e+05    5.430391e-03    1.383259e+05    6.087951e+00
   1.022768e-03    1.360512e+05    1.360451e+05    5.430391e-03    1.360512e+05    6.060514e+00
   1.034091e-03    1.338137e+05    1.338077e+05    5.430391e-03    1.338137e+05    6.000633e+00
   1.045540e-03    1.316129e+05    1.316069e+05    5.430391e-03    1.316129e+05    5.914778e+00
   1.057115e-03    1.294483e+05    1.294423e+05    5.430391e-03    1.294483e+05    5.919641e+00
   1.068818e-03    1.273191e+05    1.273132e+05    5.430391e-03    1.273191e+05    5.918515e+00
   1.080651e-03    1.252249e+05    1.252190e+05    5.430391e-03    1.252249e+05    5.887161e+00
   1.092615e-03    1.231650e+05    1.231592e+05    5.430391e-03    1.231650e+05    5.826962e+00
   1.104711e-03    1.211389e+05    1.211332e+05    5.430391e-03    1.211389e+05    5.744826e+00
   1.116942e-03    1.191461e+05    1.191404e+05    5.430391e-03    1.191461e+05    5.760397e+00
   1.129307e-03    1.171860e+05    1.171802e+05    5.430391e-03    1.171860e+05    5.754167e+00
   1.141810e-03    1.152580e+05    1.152523e+05    5.430391e-03    1.152580e+05    5.720105e+00
   1.154451e-03    1.133616e+05    1.133560e+05    5.430391e-03    1.133616e+05    5.657257e+00
   1.167232e-03    1.114964e+05    1.114908e+05    5.430391e-03    1.114964e+05    5.600949e+00
   1.180154e-03    1.096618e+05    1.096562e+05    5.430392e-03    1.096618e+05    5.606653e+00
   1.193220e-03    1.078572e+05    1.078516e+05    5.430392e-03    1.078572e+05    5.595480e+00
   1.206430e-03    1.060823e+05    1.060767e+05    5.430392e-03    1.060823e+05    5.555570e+00
   1.219786e-03    1.043365e+05    1.043310e+05    5.430392e-03    1.043364e+05    5.489775e+00
   1.233290e-03    1.026193e+05    1.026138e+05    5.430392e-03    1.026193e+05    5.454861e+00
   1.246944e-03    1.009303e+05    1.009249e+05    5.430392e-03    1.009303e+05    5.457672e+00
   1.260749e-03    9.926906e+04    9.926361e+04    5.430392e-03    9.926905e+04    5.438004e+00
   1.274707e-03    9.763502e+04    9.762962e+04    5.430392e-03    9.763502e+04    5.394139e+00
   1.288819e-03    9.602778e+04    9.602245e+04    5.430392e-03    9.602778e+04    5.327605e+00
   1.303088e-03    9.444696e+04    9.444165e+04    5.430392e-03    9.444696e+04    5.310032e+00
   1.317514e-03    9.289209e+04    9.288678e+04    5.430392e-03    9.289209e+04    5.308599e+00
   1.332100e-03    9.136272e+04    9.135743e+04    5.430392e-03    9.136271e+04    5.284216e+00
   1.346848e-03    8.985842e+04    8.985318e+04    5.430392e-03    8.985842e+04    5.237847e+00
   1.361759e-03    8.837880e+04    8.837362e+04    5.430392e-03    8.837879e+04    5.175243e+00
   1.376835e-03    8.692350e+04    8.691833e+04    5.430392e-03    8.692350e+04    5.170974e+00
   1.392078e-03    8.549210e+04    8.548693e+04    5.430392e-03    8.549209e+04    5.163552e+00
   1.407490e-03    8.408416e+04    8.407902e+04    5.430392e-03    8.408416e+04    5.134872e+00
   1.423072e-03    8.269931e+04    8.269422e+04    5.430392e-03    8.269930e+04    5.083956e+00
   1.438827e-03    8.133718e+04    8.133214e+04    5.430392e-03    8.133718e+04    5.037884e+00
   1.454756e-03    7.999746e+04    7.999242e+04    5.430392e-03    7.999746e+04    5.035272e+00
   1.470862e-03    7.867972e+04    7.867470e+04    5.430392e-03    7.867972e+04    5.022188e+00
   1.487145e-03    7.738358e+04    7.737859e+04    5.430392e-03    7.738358e+04    4.986859e+00
   1.503610e-03    7.610870e+04    7.610376e+04    5.430392e-03    7.610870e+04    4.932283e+00
   1.520256e-03    7.485477e+04    7.484986e+04    5.430392e-03    7.485477e+04    4.905305e+00
   1.537087e-03    7.362146e+04    7.361655e+04    5.430392e-03    7.362145e+04    4.902537e+00
   1.554104e-03    7.240836e+04    7.240347e+04    5.430392e-03    7.240835e+04    4.880982e+00
   1.571309e-03    7.121515e+04    7.121031e+04    5.430392e-03    7.121515e+04    4.841397e+00
   1.588705e-03    7.004153e+04    7.003674e+04    5.430392e-03    7.004152e+04    4.784661e+00
   1.606294e-03    6.888721e+04    6.888243e+04    5.430392e-03    6.888721e+04    4.777982e+00
   1.624077e-03    6.775184e+04    6.774707e+04    5.430392e-03    6.775184e+04    4.768944e+00
   1.642057e-03    6.663510e+04    6.663035e+04    5.430392e-03    6.663509e+04    4.742492e+00
   1.660237e-03    6.553667e+04    6.553197e+04    5.430392e-03    6.553667e+04    4.699408e+00
   1.678617e-03    6.445627e+04    6.445161e+04    5.430392e-03    6.445627e+04    4.651219e+00
   1.697201e-03    6.339366e+04    6.338900e+04    5.430392e-03    6.339365e+04    4.652896e+00
   1.715991e-03    6.234847e+04    6.234383e+04    5.430392e-03    6.234847e+04    4.637933e+00
   1.734988e-03    6.132044e+04    6.131583e+04    5.430392e-03    6.132043e+04    4.606885e+00
   1.754196e-03    6.030927e+04    6.030470e+04    5.430392e-03    6.030926e+04    4.561312e+00
   1.773617e-03    5.931471e+04    5.931017e+04    5.430392e-03    5.931471e+04    4.534819e+00
   1.793253e-03    5.833652e+04    5.833198e+04    5.430393e-03    5.833651e+04    4.529713e+00
   1.813106e-03    5.737437e+04    5.736985e+04    5.430393e-03    5.737436e+04    4.509197e+00
   1.833179e-03    5.642800e+04    5.642352e+04    5.430393e-03    5.642799e+04    4.471658e+00
   1.853474e-03    5.549717e+04    5.549273e+04    5.430393e-03    5.549716e+04    4.431671e+00
   1.873994e-03    5.458165e+04    5.457723e+04    5.430393e-03    5.458165e+04    4.419486e+00
   1.894741e-03    5.368117e+04    5.367676e+04    5.430393e-03    5.368117e+04    4.407723e+00
   1.915717e-03    5.279546e+04    5.279108e+04    5.430393e-03    5.279546e+04    4.379736e+00
   1.936926e-03    5.192429e+04    5.191994e+04    5.430393e-03    5.192428e+04    4.338242e+00
   1.958370e-03    5.106744e+04    5.106312e+04    5.430393e-03    5.106743e+04    4.311634e+00
   1.980051e-03    5.022468e+04    5.022037e+04    5.430393e-03    5.022467e+04    4.304214e+00
   2.001972e-03    4.939575e+04    4.939146e+04    5.430393e-03    4.939574e+04    4.284696e+00
   2.024136e-03    4.858042e+04    4.857616e+04    5.430393e-03    4.858041e+04    4.252124e+00
   2.046545e-03    4.777847e+04    4.777426e+04    5.430393e-03    4.777847e+04    4.207179e+00
   2.069202e-03    4.698974e+04    4.698553e+04    5.430393e-03    4.698973e+04    4.200078e+00
   2.092111e-03    4.621395e+04    4.620976e+04    5.430393e-03    4.621395e+04    4.187838e+00
   2.115272e-03    4.545090e+04    4.544673e+04    5.430393e-03    4.545089e+04    4.163080e+00
   2.138690e-03    4.470037e+04    4.469624e+04    5.430393e-03    4.470037e+04    4.126317e+00
   2.162368e-03    4.396218e+04    4.395808e+04    5.430393e-03    4.396217e+04    4.096498e+00
   2.186307e-03    4.323614e+04    4.323204e+04    5.430393e-03    4.323613e+04    4.090432e+00
   2.210512e-03    4.252201e+04    4.251794e+04    5.430394e-03    4.252201e+04    4.072315e+00
   2.234985e-03    4.181961e+04    4.181557e+04    5.430394e-03    4.181961e+04    4.042603e+00
   2.259728e-03    4.112874e+04    4.112473e+04    5.430394e-03    4.112874e+04    4.006742e+00
   2.284746e-03    4.044925e+04    4.044525e+04    5.430394e-03    4.044924e+04    3.993292e+00
   2.310040e-03    3.978092e+04    3.977694e+04    5.430394e-03    3.978092e+04    3.980860e+00
   2.335614e-03    3.912357e+04    3.911961e+04    5.430394e-03    3.912356e+04    3.956874e+00
   2.361472e-03    3.847700e+04    3.847308e+04    5.430394e-03    3.847700e+04    3.920945e+00
   2.387616e-03    3.784107e+04    3.783717e+04    5.430394e-03    3.784107e+04    3.897585e+00
   2.414049e-03    3.721562e+04    3.721172e+04    5.430394e-03    3.721561e+04    3.889535e+00
   2.440775e-03    3.660042e+04    3.659655e+04    5.430394e-03    3.660042e+04    3.870432e+00
   2.467797e-03    3.599533e+04    3.599148e+04    5.430394e-03    3.599532e+04    3.840268e+00
   2.495118e-03    3.540018e+04    3.539637e+04    5.430394e-03    3.540018e+04    3.810197e+00
   2.522741e-03    3.481484e+04    3.481103e+04    5.430394e-03    3.481483e+04    3.799109e+00
   2.550670e-03    3.423911e+04    3.423532e+04    5.430394e-03    3.423910e+04    3.784105e+00
   2.578909e-03    3.367283e+04    3.366907e+04    5.430395e-03    3.367283e+04    3.758859e+00
   2.607460e-03    3.311586e+04    3.311213e+04    5.430395e-03    3.311585e+04    3.724294e+00
   2.636327e-03    3.256806e+04    3.256435e+04    5.430395e-03    3.256806e+04    3.710106e+00
   2.665514e-03    3.202927e+04    3.202557e+04    5.430395e-03    3.202926e+04    3.698425e+00
   2.695024e-03    3.149933e+04    3.149564e+04    5.430395e-03    3.149932e+04    3.677345e+00
   2.724860e-03    3.097809e+04    3.097444e+04    5.430395e-03    3.097809e+04    3.647317e+00
   2.755027e-03    3.046543e+04    3.046180e+04    5.430395e-03    3.046543e+04    3.622507e+00
   2.785528e-03    2.996121e+04    2.995759e+04    5.430395e-03    2.996121e+04    3.613890e+00
   2.816367e-03    2.946528e+04    2.946168e+04    5.430395e-03    2.946527e+04    3.596315e+00
   2.847547e-03    2.897749e+04    2.897392e+04    5.430395e-03    2.897749e+04    3.570115e+00
   2.879072e-03    2.849772e+04    2.849418e+04    5.430395e-03    2.849772e+04    3.538080e+00
   2.910946e-03    2.802586e+04    2.802233e+04    5.430396e-03    2.802586e+04    3.530895e+00
   2.943173e-03    2.756176e+04    2.755824e+04    5.430396e-03    2.756176e+04    3.516191e+00
   2.975757e-03    2.710528e+04    2.710179e+04    5.430396e-03    2.710528e+04    3.493219e+00
   3.008702e-03    2.665631e+04    2.665284e+04    5.430396e-03    2.665630e+04    3.464182e+00
   3.042011e-03    2.621473e+04    2.621127e+04    5.430396e-03    2.621472e+04    3.449685e+00
   3.075689e-03    2.578042e+04    2.577698e+04    5.430396e-03    2.578041e+04    3.437314e+00
   3.109740e-03    2.535325e+04    2.534982e+04    5.430396e-03    2.535324e+04    3.417030e+00
   3.144168e-03    2.493309e+04    2.492970e+04    5.430396e-03    2.493309e+04    3.389449e+00
   3.178977e-03    2.451986e+04    2.451648e+04    5.430397e-03    2.451985e+04    3.370449e+00
   3.214171e-03    2.411343e+04    2.411007e+04    5.430397e-03    2.411343e+04    3.359931e+00
   3.249755e-03    2.371369e+04    2.371034e+04    5.430397e-03    2.371368e+04    3.341795e+00
   3.285733e-03    2.332051e+04    2.331719e+04    5.430397e-03    2.332050e+04    3.315271e+00
   3.322110e-03    2.293380e+04    2.293050e+04    5.430397e-03    2.293380e+04    3.294244e+00
   3.358889e-03    2.255348e+04    2.255019e+04    5.430397e-03    2.255347e+04    3.284207e+00
   3.396075e-03    2.217940e+04    2.217613e+04    5.430397e-03    2.217940e+04    3.267530e+00
   3.433673e-03    2.181147e+04    2.180823e+04    5.430398e-03    2.181147e+04    3.243116e+00
   3.471687e-03    2.144961e+04    2.144638e+04    5.430398e-03    2.144960e+04    3.221502e+00
   3.510122e-03    2.109371e+04    2.109049e+04    5.430398e-03    2.109370e+04    3.210267e+00
   3.548983e-03    2.074366e+04    2.074046e+04    5.430398e-03    2.074365e+04    3.194696e+00
   3.588273e-03    2.039936e+04    2.039619e+04    5.430398e-03    2.039936e+04    3.171950e+00
   3.627999e-03    2.006074e+04    2.005758e+04    5.430398e-03    2.006073e+04    3.149691e+00
   3.668165e-03    1.972770e+04    1.972456e+04    5.430399e-03    1.972770e+04    3.138160e+00
   3.708775e-03    1.940014e+04    1.939701e+04    5.430399e-03    1.940014e+04    3.123341e+00
   3.749835e-03    1.907797e+04    1.907486e+04    5.430399e-03    1.907796e+04    3.101908e+00
   3.791349e-03    1.876110e+04    1.875802e+04    5.430399e-03    1.876109e+04    3.079087e+00
   3.833323e-03    1.844946e+04    1.844639e+04    5.430399e-03    1.844946e+04    3.067882e+00
   3.875762e-03    1.814295e+04    1.813989e+04    5.430399e-03    1.814294e+04    3.053529e+00
   3.918670e-03    1.784148e+04    1.783844e+04    5.430400e-03    1.784147e+04    3.033089e+00
   3.962054e-03    1.754497e+04    1.754196e+04    5.430400e-03    1.754497e+04    3.010014e+00
   4.005918e-03    1.725337e+04    1.725036e+04    5.430400e-03    1.725336e+04    2.999258e+00
   4.050267e-03    1.696655e+04    1.696356e+04    5.430400e-03    1.696655e+04    2.985258e+00
   4.095108e-03    1.668446e+04    1.668149e+04    5.430400e-03    1.668446e+04    2.965516e+00
   4.140445e-03    1.640702e+04    1.640407e+04    5.430401e-03    1.640701e+04    2.942576e+00
   4.186284e-03    1.613415e+04    1.613121e+04    5.430401e-03    1.613415e+04    2.932385e+00
   4.232630e-03    1.586578e+04    1.586285e+04    5.430401e-03    1.586577e+04    2.918523e+00
   4.279489e-03    1.560182e+04    1.559892e+04    5.430401e-03    1.560182e+04    2.899207e+00
   4.326867e-03    1.534222e+04    1.533933e+04    5.430402e-03    1.534221e+04    2.876900e+00
   4.374770e-03    1.508690e+04    1.508403e+04    5.430402e-03    1.508689e+04    2.867179e+00
   4.423203e-03    1.483578e+04    1.483292e+04    5.430402e-03    1.483578e+04    2.853257e+00
   4.472173e-03    1.458880e+04    1.458596e+04    5.430402e-03    1.458880e+04    2.834137e+00
   4.521684e-03    1.434589e+04    1.434307e+04    5.430403e-03    1.434589e+04    2.813032e+00
   4.571743e-03    1.410699e+04    1.410418e+04    5.430403e-03    1.410699e+04    2.803559e+00
   4.622357e-03    1.387203e+04    1.386923e+04    5.430403e-03    1.387202e+04    2.789388e+00
   4.673531e-03    1.364094e+04    1.363816e+04    5.430403e-03    1.364093e+04    2.770268e+00
   4.725272e-03    1.341365e+04    1.341090e+04    5.430404e-03    1.341365e+04    2.751079e+00
   4.777585e-03    1.319013e+04    1.318738e+04    5.430404e-03    1.319012e+04    2.741418e+00
   4.830478e-03    1.297028e+04    1.296755e+04    5.430404e-03    1.297027e+04    2.726828e+00
   4.883956e-03    1.275406e+04    1.275134e+04    5.430405e-03    1.275405e+04    2.707527e+00
   4.938026e-03    1.254140e+04    1.253870e+04    5.430405e-03    1.254139e+04    2.691075e+00
   4.992695e-03    1.233226e+04    1.232957e+04    5.430405e-03    1.233225e+04    2.680612e+00
   5.047969e-03    1.212656e+04    1.212389e+04    5.430406e-03    1.212655e+04    2.665461e+00
   5.103855e-03    1.192425e+04    1.192160e+04    5.430406e-03    1.192424e+04    2.645818e+00
   5.160360e-03    1.172528e+04    1.172265e+04    5.430406e-03    1.172528e+04    2.632373e+00
   5.217490e-03    1.152960e+04    1.152698e+04    5.430407e-03    1.152960e+04    2.621002e+00
   5.275253e-03    1.133715e+04    1.133454e+04    5.430407e-03    1.133714e+04    2.605183e+00
   5.333656e-03    1.114786e+04    1.114527e+04    5.430407e-03    1.114786e+04    2.585092e+00
   5.392704e-03    1.096171e+04    1.095913e+04    5.430408e-03    1.096171e+04    2.574852e+00
   5.452407e-03    1.077863e+04    1.077606e+04    5.430408e-03    1.077862e+04    2.562465e+00
   5.512771e-03    1.059857e+04    1.059602e+04    5.430408e-03    1.059856e+04    2.545857e+00
   5.573802e-03    1.042148e+04    1.041894e+04    5.430409e-03    1.042147e+04    2.527711e+00
   5.635510e-03    1.024731e+04    1.024479e+04    5.430409e-03    1.024731e+04    2.518301e+00
   5.697901e-03    1.007602e+04    1.007351e+04    5.430410e-03    1.007602e+04    2.504839e+00
   5.760982e-03    9.907560e+03    9.905067e+03    5.430410e-03    9.907555e+03    2.487364e+00
   5.824762e-03    9.741882e+03    9.739403e+03    5.430411e-03    9.741876e+03    2.473253e+00
   5.889248e-03    9.578940e+03    9.576472e+03    5.430411e-03    9.578934e+03    2.462589e+00
   5.954448e-03    9.418686e+03    9.416233e+03    5.430411e-03    9.418681e+03    2.447986e+00
   6.020369e-03    9.261078e+03    9.258643e+03    5.430412e-03    9.261072e+03    2.429576e+00
   6.087021e-03    9.106080e+03    9.103655e+03    5.430412e-03    9.106075e+03    2.419616e+00
   6.154410e-03    8.953639e+03    8.951226e+03    5.430413e-03    8.953634e+03    2.407558e+00
   6.222545e-03    8.803715e+03    8.801318e+03    5.430413e-03    8.803709e+03    2.391762e+00
   6.291435e-03    8.656270e+03    8.653888e+03    5.430414e-03    8.656264e+03    2.376704e+00
   6.361088e-03    8.511264e+03    8.508892e+03    5.430414e-03    8.511259e+03    2.366523e+00
   6.431511e-03    8.368651e+03    8.366293e+03    5.430415e-03    8.368646e+03    2.353043e+00
   6.502714e-03    8.228393e+03    8.226052e+03    5.430415e-03    8.228388e+03    2.336026e+00
   6.574706e-03    8.090461e+03    8.088131e+03    5.430416e-03    8.090456e+03    2.325156e+00
   6.647494e-03    7.954806e+03    7.952487e+03    5.430417e-03    7.954801e+03    2.313821e+00
   6.721089e-03    7.821391e+03    7.819086e+03    5.430417e-03    7.821385e+03    2.298910e+00
   6.795498e-03    7.690184e+03    7.687893e+03    5.430418e-03    7.690178e+03    2.284641e+00
   6.870731e-03    7.561151e+03    7.558871e+03    5.430418e-03    7.561146e+03    2.274395e+00
   6.946797e-03    7.434247e+03    7.431980e+03    5.430419e-03    7.434241e+03    2.261358e+00
   7.023705e-03    7.309440e+03    7.307189e+03    5.430420e-03    7.309434e+03    2.245829e+00
   7.101464e-03    7.186703e+03    7.184463e+03    5.430420e-03    7.186698e+03    2.234659e+00
   7.180084e-03    7.065998e+03    7.063769e+03    5.430421e-03    7.065992e+03    2.223638e+00
   7.259575e-03    6.947283e+03    6.945069e+03    5.430422e-03    6.947278e+03    2.208992e+00
   7.339946e-03    6.830536e+03    6.828335e+03    5.430422e-03    6.830531e+03    2.195814e+00
   7.421206e-03    6.715725e+03    6.713534e+03    5.430423e-03    6.715720e+03    2.185749e+00
   7.503366e-03    6.602811e+03    6.600633e+03    5.430424e-03    6.602806e+03    2.172828e+00
   7.586436e-03    6.491763e+03    6.489599e+03    5.430424e-03    6.491758e+03    2.158565e+00
   7.670425e-03    6.382559e+03    6.380406e+03    5.430425e-03    6.382554e+03    2.148013e+00
   7.755345e-03    6.275163e+03    6.273021e+03    5.430426e-03    6.275158e+03    2.136608e+00
   7.841204e-03    6.169541e+03    6.167413e+03    5.430427e-03    6.169536e+03    2.122404e+00
   7.928014e-03    6.065671e+03    6.063554e+03    5.430428e-03    6.065665e+03    2.110725e+00
   8.015785e-03    5.963523e+03    5.961417e+03    5.430428e-03    5.963518e+03    2.100402e+00
   8.104527e-03    5.863066e+03    5.860974e+03    5.430429e-03    5.863061e+03    2.087112e+00
   8.194253e-03    5.764270e+03    5.762191e+03    5.430430e-03    5.764265e+03    2.074012e+00
   8.284971e-03    5.667116e+03    5.665046e+03    5.430431e-03    5.667111e+03    2.064589e+00
   8.376694e-03    5.571571e+03    5.569513e+03    5.430432e-03    5.571565e+03    2.052267e+00
   8.469432e-03    5.477607e+03    5.475564e+03    5.430433e-03    5.477602e+03    2.037966e+00
   8.563197e-03    5.385204e+03    5.383169e+03    5.430434e-03    5.385199e+03    2.029281e+00
   8.658000e-03    5.294331e+03    5.292308e+03    5.430435e-03    5.294326e+03    2.017755e+00
   8.753853e-03    5.204964e+03    5.202955e+03    5.430436e-03    5.204959e+03    2.003557e+00
   8.850767e-03    5.117083e+03    5.115083e+03    5.430437e-03    5.117078e+03    1.994555e+00
   8.948754e-03    5.030656e+03    5.028667e+03    5.430438e-03    5.030651e+03    1.983676e+00
   9.047825e-03    4.945662e+03    4.943686e+03    5.430439e-03    4.945656e+03    1.970129e+00
   9.147994e-03    4.862082e+03    4.860116e+03    5.430440e-03    4.862077e+03    1.960304e+00
   9.249271e-03    4.779887e+03    4.777932e+03    5.430441e-03    4.779882e+03    1.950094e+00
   9.351670e-03    4.699053e+03    4.697111e+03    5.430442e-03    4.699048e+03    1.937228e+00
   9.455202e-03    4.619564e+03    4.617632e+03    5.430443e-03    4.619559e+03    1.926564e+00
   9.559881e-03    4.541397e+03    4.539475e+03    5.430444e-03    4.541392e+03    1.916987e+00
   9.665718e-03    4.464522e+03    4.462612e+03    5.430445e-03    4.464517e+03    1.904702e+00
   9.772727e-03    4.388926e+03    4.387027e+03    5.430447e-03    4.388920e+03    1.893529e+00
   9.880921e-03    4.314587e+03    4.312698e+03    5.430448e-03    4.314582e+03    1.884198e+00
   9.990312e-03    4.241482e+03    4.239604e+03    5.430449e-03    4.241477e+03    1.872380e+00
   1.010092e-02    4.169589e+03    4.167723e+03    5.430451e-03    4.169584e+03    1.861195e+00
   1.021274e-02    4.098894e+03    4.097037e+03    5.430452e-03    4.098889e+03    1.852005e+00
   1.032581e-02    4.029372e+03    4.027526e+03    5.430453e-03    4.029367e+03    1.840382e+00
   1.044012e-02    3.961006e+03    3.959171e+03    5.430455e-03    3.961001e+03    1.829549e+00
   1.055571e-02    3.893777e+03    3.891951e+03    5.430456e-03    3.893772e+03    1.820396e+00
   1.067257e-02    3.827664e+03    3.825850e+03    5.430457e-03    3.827659e+03    1.808872e+00
   1.079073e-02    3.762653e+03    3.760849e+03    5.430459e-03    3.762647e+03    1.798609e+00
   1.091019e-02    3.698722e+03    3.696928e+03    5.430460e-03    3.698717e+03    1.789355e+00
   1.103098e-02    3.635853e+03    3.634069e+03    5.430462e-03    3.635847e+03    1.777840e+00
   1.115310e-02    3.574031e+03    3.572258e+03    5.430464e-03    3.574026e+03    1.767774e+00
   1.127658e-02    3.513241e+03    3.511476e+03    5.430465e-03    3.513235e+03    1.758769e+00
   1.140142e-02    3.453458e+03    3.451705e+03    5.430467e-03    3.453452e+03    1.747612e+00
   1.152764e-02    3.394671e+03    3.392928e+03    5.430469e-03    3.394666e+03    1.737732e+00
   1.165527e-02    3.336865e+03    3.335131e+03    5.430470e-03    3.336860e+03    1.728514e+00
   1.178430e-02    3.280021e+03    3.278298e+03    5.430472e-03    3.280015e+03    1.717113e+00
   1.191477e-02    3.224123e+03    3.222409e+03    5.430474e-03    3.224117e+03    1.708255e+00
   1.204667e-02    3.169156e+03    3.167452e+03    5.430476e-03    3.169151e+03    1.698741e+00
   1.218004e-02    3.115105e+03    3.113412e+03    5.430478e-03    3.115099e+03    1.687673e+00
   1.231489e-02    3.061957e+03    3.060272e+03    5.430480e-03    3.061951e+03    1.679279e+00
   1.245123e-02    3.009691e+03    3.008017e+03    5.430482e-03    3.009686e+03    1.669403e+00
   1.258907e-02    2.958298e+03    2.956633e+03    5.430484e-03    2.958293e+03    1.659208e+00
   1.272845e-02    2.907764e+03    2.906108e+03    5.430486e-03    2.907758e+03    1.650546e+00
   1.286936e-02    2.858071e+03    2.856425e+03    5.430488e-03    2.858065e+03    1.640523e+00
   1.301184e-02    2.809205e+03    2.807569e+03    5.430490e-03    2.809200e+03    1.630569e+00
   1.315589e-02    2.761158e+03    2.759530e+03    5.430492e-03    2.761152e+03    1.622143e+00
   1.330154e-02    2.713911e+03    2.712294e+03    5.430495e-03    2.713905e+03    1.611707e+00
   1.344880e-02    2.667453e+03    2.665845e+03    5.430497e-03    2.667448e+03    1.603076e+00
   1.359769e-02    2.621770e+03    2.620171e+03    5.430499e-03    2.621765e+03    1.594067e+00
   1.374823e-02    2.576850e+03    2.575260e+03    5.430502e-03    2.576844e+03    1.584101e+00
   1.390044e-02    2.532682e+03    2.531101e+03    5.430504e-03    2.532677e+03    1.575840e+00
   1.405433e-02    2.489250e+03    2.487678e+03    5.430507e-03    2.489244e+03    1.566258e+00
   1.420993e-02    2.446543e+03    2.444981e+03    5.430509e-03    2.446538e+03    1.556777e+00
   1.436725e-02    2.404552e+03    2.402998e+03    5.430512e-03    2.404547e+03    1.548648e+00
   1.452631e-02    2.363262e+03    2.361718e+03    5.430515e-03    2.363257e+03    1.538702e+00
   1.468713e-02    2.322662e+03    2.321126e+03    5.430517e-03    2.322657e+03    1.530470e+00
   1.484973e-02    2.282742e+03    2.281215e+03    5.430520e-03    2.282736e+03    1.521631e+00
   1.501413e-02    2.243489e+03    2.241971e+03    5.430523e-03    2.243484e+03    1.512333e+00
   1.518035e-02    2.204894e+03    2.203385e+03    5.430526e-03    2.204889e+03    1.504331e+00
   1.534841e-02    2.166943e+03    2.165442e+03    5.430529e-03    2.166937e+03    1.494993e+00
   1.551833e-02    2.129628e+03    2.128136e+03    5.430532e-03    2.129623e+03    1.486462e+00
   1.569014e-02    2.092940e+03    2.091456e+03    5.430535e-03    2.092934e+03    1.478111e+00
   1.586384e-02    2.056863e+03    2.055389e+03    5.430538e-03    2.056858e+03    1.468487e+00
   1.603947e-02    2.021393e+03    2.019926e+03    5.430542e-03    2.021387e+03    1.461031e+00
   1.621704e-02    1.986516e+03    1.985058e+03    5.430545e-03    1.986510e+03    1.451806e+00
   1.639658e-02    1.952225e+03    1.950776e+03    5.430548e-03    1.952220e+03    1.443896e+00
   1.657811e-02    1.918508e+03    1.917067e+03    5.430552e-03    1.918502e+03    1.435539e+00
   1.676165e-02    1.885355e+03    1.883923e+03    5.430556e-03    1.885350e+03    1.426740e+00
   1.694721e-02    1.852761e+03    1.851336e+03    5.430559e-03    1.852755e+03    1.418997e+00
   1.713484e-02    1.820712e+03    1.819297e+03    5.430563e-03    1.820707e+03    1.409912e+00
   1.732454e-02    1.789201e+03    1.787794e+03    5.430567e-03    1.789196e+03    1.402340e+00
   1.751634e-02    1.758219e+03    1.756820e+03    5.430571e-03    1.758214e+03    1.393940e+00
   1.771026e-02    1.727758e+03    1.726367e+03    5.430575e-03    1.727753e+03    1.385818e+00
   1.790633e-02    1.697810e+03    1.696426e+03    5.430579e-03    1.697804e+03    1.378061e+00
   1.810457e-02    1.668362e+03    1.666987e+03    5.430583e-03    1.668356e+03    1.369417e+00
   1.830501e-02    1.639411e+03    1.638043e+03    5.430587e-03    1.639405e+03    1.361920e+00
   1.850766e-02    1.610946e+03    1.609587e+03    5.430592e-03    1.610940e+03    1.353319e+00
   1.871256e-02    1.582960e+03    1.581609e+03    5.430596e-03    1.582955e+03    1.345941e+00
   1.891973e-02    1.555444e+03    1.554101e+03    5.430601e-03    1.555439e+03    1.337837e+00
   1.912919e-02    1.528392e+03    1.527056e+03    5.430606e-03    1.528386e+03    1.329958e+00
   1.934096e-02    1.501796e+03    1.500468e+03    5.430610e-03    1.501790e+03    1.322460e+00
   1.955509e-02    1.475646e+03    1.474326e+03    5.430615e-03    1.475640e+03    1.313994e+00
   1.977158e-02    1.449937e+03    1.448625e+03    5.430620e-03    1.449932e+03    1.306965e+00
   1.999047e-02    1.424661e+03    1.423357e+03    5.430625e-03    1.424656e+03    1.298841e+00
   2.021179e-02    1.399813e+03    1.398515e+03    5.430631e-03    1.399807e+03    1.291708e+00
   2.043555e-02    1.375381e+03    1.374092e+03    5.430636e-03    1.375375e+03    1.283780e+00
   2.066179e-02    1.351362e+03    1.350080e+03    5.430641e-03    1.351356e+03    1.276355e+00
   2.089054e-02    1.327748e+03    1.326474e+03    5.430647e-03    1.327743e+03    1.268644e+00
   2.112182e-02    1.304534e+03    1.303267e+03    5.430653e-03    1.304528e+03    1.261325e+00
   2.135566e-02    1.281710e+03    1.280450e+03    5.430658e-03    1.281704e+03    1.253854e+00
   2.159209e-02    1.259271e+03    1.258020e+03    5.430664e-03    1.259266e+03    1.246305e+00
   2.183113e-02    1.237213e+03    1.235968e+03    5.430671e-03    1.237208e+03    1.239192e+00
   2.207283e-02    1.215527e+03    1.214290e+03    5.430677e-03    1.215521e+03    1.231487e+00
   2.231719e-02    1.194207e+03    1.192977e+03    5.430683e-03    1.194201e+03    1.224588e+00
   2.256427e-02    1.173247e+03    1.172025e+03    5.430690e-03    1.173242e+03    1.217167e+00
   2.281408e-02    1.152643e+03    1.151428e+03    5.430696e-03    1.152638e+03    1.210195e+00
   2.306665e-02    1.132387e+03    1.131179e+03    5.430703e-03    1.132381e+03    1.202416e+00
   2.332202e-02    1.112473e+03    1.111272e+03    5.430710e-03    1.112468e+03    1.195833e+00
   2.358022e-02    1.092897e+03    1.091703e+03    5.430717e-03    1.092892e+03    1.188511e+00
   2.384128e-02    1.073654e+03    1.072466e+03    5.430724e-03    1.073648e+03    1.181745e+00
   2.410522e-02    1.054735e+03    1.053555e+03    5.430732e-03    1.054729e+03    1.174300e+00
   2.437209e-02    1.036137e+03    1.034964e+03    5.430739e-03    1.036131e+03    1.167651e+00
   2.464191e-02    1.017855e+03    1.016689e+03    5.430747e-03    1.017849e+03    1.160446e+00
   2.491473e-02    9.998835e+02    9.987242e+02    5.430755e-03    9.998781e+02    1.153881e+00
   2.519056e-02    9.822153e+02    9.810632e+02    5.430763e-03    9.822099e+02    1.146643e+00
   2.546944e-02    9.648482e+02    9.637027e+02    5.430772e-03    9.648427e+02    1.140058e+00
   2.575141e-02    9.477761e+02    9.466376e+02    5.430780e-03    9.477706e+02    1.133019e+00
   2.603651e-02    9.309947e+02    9.298627e+02    5.430789e-03    9.309893e+02    1.126552e+00
   2.632476e-02    9.144969e+02    9.133720e+02    5.430798e-03    9.144915e+02    1.119493e+00
   2.661620e-02    8.982807e+02    8.971623e+02    5.430807e-03    8.982753e+02    1.113022e+00
   2.691086e-02    8.823406e+02    8.812289e+02    5.430816e-03    8.823351e+02    1.106225e+00
   2.720879e-02    8.666717e+02    8.655665e+02    5.430825e-03    8.666663e+02    1.099758e+00
   2.751002e-02    8.512686e+02    8.501703e+02    5.430835e-03    8.512632e+02    1.092887e+00
   2.781459e-02    8.361288e+02    8.350369e+02    5.430845e-03    8.361233e+02    1.086485e+00
   2.812252e-02    8.212474e+02    8.201619e+02    5.430855e-03    8.212419e+02    1.080026e+00
   2.843387e-02    8.066189e+02    8.055399e+02    5.430865e-03    8.066135e+02    1.073522e+00
   2.874866e-02    7.922397e+02    7.911673e+02    5.430876e-03    7.922343e+02    1.067036e+00
   2.906693e-02    7.781062e+02    7.770404e+02    5.430887e-03    7.781008e+02    1.060399e+00
   2.938873e-02    7.642150e+02    7.631553e+02    5.430898e-03    7.642096e+02    1.054349e+00
   2.971410e-02    7.505594e+02    7.495063e+02    5.430909e-03    7.505540e+02    1.047757e+00
   3.004306e-02    7.371378e+02    7.360908e+02    5.430921e-03    7.371324e+02    1.041587e+00
   3.037567e-02    7.239459e+02    7.229052e+02    5.430933e-03    7.239404e+02    1.035235e+00
   3.071196e-02    7.109800e+02    7.099455e+02    5.430945e-03    7.109746e+02    1.029070e+00
   3.105197e-02    6.982347e+02    6.972065e+02    5.430957e-03    6.982292e+02    1.022695e+00
   3.139574e-02    6.857081e+02    6.846862e+02    5.430970e-03    6.857026e+02    1.016461e+00
   3.174333e-02    6.733967e+02    6.723808e+02    5.430982e-03    6.733912e+02    1.010465e+00
   3.209476e-02    6.612958e+02    6.602863e+02    5.430996e-03    6.612903e+02    1.004080e+00
   3.245008e-02    6.494021e+02    6.483984e+02    5.431009e-03    6.493967e+02    9.982213e-01
   3.280933e-02    6.377126e+02    6.367151e+02    5.431023e-03    6.377072e+02    9.921245e-01
   3.317256e-02    6.262242e+02    6.252327e+02    5.431037e-03    6.262188e+02    9.860641e-01
   3.353982e-02    6.149327e+02    6.139471e+02    5.431051e-03    6.149272e+02    9.801063e-01
   3.391113e-02    6.038347e+02    6.028552e+02    5.431066e-03    6.038293e+02    9.741184e-01
   3.428656e-02    5.929280e+02    5.919544e+02    5.431081e-03    5.929226e+02    9.682024e-01
   3.466615e-02    5.822092e+02    5.812416e+02    5.431096e-03    5.822038e+02    9.621996e-01
   3.504994e-02    5.716742e+02    5.707124e+02    5.431112e-03    5.716688e+02    9.564194e-01
   3.543798e-02    5.613205e+02    5.603645e+02    5.431128e-03    5.613151e+02    9.505234e-01
   3.583031e-02    5.511455e+02    5.501955e+02    5.431145e-03    5.511401e+02    9.446494e-01
   3.622699e-02    5.411465e+02    5.402021e+02    5.431161e-03    5.411411e+02    9.390038e-01
   3.662806e-02    5.313186e+02    5.303801e+02    5.431179e-03    5.313132e+02    9.330945e-01
   3.703357e-02    5.216608e+02    5.207279e+02    5.431196e-03    5.216554e+02    9.274140e-01
   3.744356e-02    5.121701e+02    5.112429e+02    5.431214e-03    5.121647e+02    9.217767e-01
   3.785810e-02    5.028433e+02    5.019219e+02    5.431232e-03    5.028379e+02    9.159606e-01
   3.827723e-02    4.936772e+02    4.927613e+02    5.431251e-03    4.936717e+02    9.104523e-01
   3.870100e-02    4.846698e+02    4.837595e+02    5.431270e-03    4.846643e+02    9.048204e-01
   3.912945e-02    4.758186e+02    4.749140e+02    5.431290e-03    4.758132e+02    8.991928e-01
   3.956266e-02    4.671206e+02    4.662215e+02    5.431310e-03    4.671152e+02    8.937163e-01
   4.000065e-02    4.585728e+02    4.576792e+02    5.431330e-03    4.585673e+02    8.881526e-01
   4.044350e-02    4.501735e+02    4.492854e+02    5.431351e-03    4.501681e+02    8.826785e-01
   4.089125e-02    4.419203e+02    4.410377e+02    5.431373e-03    4.419148e+02    8.771727e-01
   4.134396e-02    4.338098e+02    4.329326e+02    5.431395e-03    4.338044e+02    8.717773e-01
   4.180168e-02    4.258401e+02    4.249683e+02    5.431417e-03    4.258347e+02    8.663340e-01
   4.226446e-02    4.180092e+02    4.171429e+02    5.431440e-03    4.180037e+02    8.608751e-01
   4.273237e-02    4.103150e+02    4.094539e+02    5.431463e-03    4.103096e+02    8.556691e-01
   4.320546e-02    4.027536e+02    4.018980e+02    5.431487e-03    4.027481e+02    8.501567e-01
   4.368379e-02    3.953243e+02    3.944739e+02    5.431511e-03    3.953189e+02    8.449748e-01
   4.416741e-02    3.880247e+02    3.871796e+02    5.431536e-03    3.880193e+02    8.397100e-01
   4.465639e-02    3.808526e+02    3.800127e+02    5.431562e-03    3.808472e+02    8.344529e-01
   4.515078e-02    3.738049e+02    3.729702e+02    5.431588e-03    3.737994e+02    8.292302e-01
   4.565064e-02    3.668805e+02    3.660510e+02    5.431615e-03    3.668750e+02    8.239934e-01
   4.615604e-02    3.600775e+02    3.592531e+02    5.431642e-03    3.600721e+02    8.189087e-01
   4.666703e-02    3.533932e+02    3.525741e+02    5.431670e-03    3.533878e+02    8.136452e-01
   4.718368e-02    3.468256e+02    3.460115e+02    5.431698e-03    3.468201e+02    8.086542e-01
   4.770606e-02    3.403731e+02    3.395642e+02    5.431727e-03    3.403677e+02    8.035170e-01
   4.823421e-02    3.340341e+02    3.332302e+02    5.431757e-03    3.340287e+02    7.985226e-01
   4.876821e-02    3.278058e+02    3.270070e+02    5.431788e-03    3.278003e+02    7.933114e-01
   4.930812e-02    3.216868e+02    3.208929e+02    5.431819e-03    3.216813e+02    7.884611e-01
   4.985401e-02    3.156753e+02    3.148865e+02    5.431851e-03    3.156699e+02    7.834351e-01
   5.040594e-02    3.097700e+02    3.089860e+02    5.431883e-03    3.097645e+02    7.785394e-01
   5.096399e-02    3.039676e+02    3.031888e+02    5.431916e-03    3.039622e+02    7.734533e-01
   5.152821e-02    2.982678e+02    2.974937e+02    5.431950e-03    2.982624e+02    7.686839e-01
   5.209868e-02    2.926684e+02    2.918992e+02    5.431985e-03    2.926630e+02    7.637448e-01
   5.267546e-02    2.871682e+02    2.864038e+02    5.432020e-03    2.871628e+02    7.589700e-01
   5.325863e-02    2.817640e+02    2.810046e+02    5.432057e-03    2.817586e+02    7.540362e-01
   5.384826e-02    2.764557e+02    2.757010e+02    5.432094e-03    2.764503e+02    7.493131e-01
   5.444441e-02    2.712413e+02    2.704915e+02    5.432132e-03    2.712359e+02    7.444093e-01
   5.504717e-02    2.661194e+02    2.653742e+02    5.432171e-03    2.661140e+02    7.397805e-01
   5.565659e-02    2.610874e+02    2.603470e+02    5.432210e-03    2.610820e+02    7.349967e-01
   5.627277e-02    2.561449e+02    2.554092e+02    5.432251e-03    2.561395e+02    7.303067e-01
   5.689576e-02    2.512903e+02    2.505592e+02    5.432292e-03    2.512848e+02    7.256119e-01
   5.752565e-02    2.465216e+02    2.457952e+02    5.432334e-03    2.465161e+02    7.209269e-01
   5.816252e-02    2.418373e+02    2.411155e+02    5.432378e-03    2.418319e+02    7.163445e-01
   5.880644e-02    2.372365e+02    2.365194e+02    5.432422e-03    2.372311e+02    7.116826e-01
   5.945748e-02    2.327179e+02    2.320053e+02    5.432467e-03    2.327125e+02    7.071570e-01
   6.011574e-02    2.282792e+02    2.275713e+02    5.432513e-03    2.282738e+02    7.025306e-01
   6.078128e-02    2.239197e+02    2.232162e+02    5.432561e-03    2.239142e+02    6.980135e-01
   6.145419e-02    2.196381e+02    2.189392e+02    5.432609e-03    2.196327e+02    6.935052e-01
   6.213455e-02    2.154331e+02    2.147388e+02    5.432658e-03    2.154277e+02    6.889336e-01
   6.282244e-02    2.113029e+02    2.106129e+02    5.432709e-03    2.112975e+02    6.845577e-01
   6.351794e-02    2.072465e+02    2.065610e+02    5.432761e-03    2.072411e+02    6.800343e-01
   6.422115e-02    2.032630e+02    2.025820e+02    5.432813e-03    2.032576e+02    6.756374e-01
   6.493214e-02    1.993511e+02    1.986744e+02    5.432867e-03    1.993457e+02    6.712729e-01
   6.565101e-02    1.955087e+02    1.948364e+02    5.432922e-03    1.955033e+02    6.668281e-01
   6.637783e-02    1.917356e+02    1.910676e+02    5.432979e-03    1.917302e+02    6.625159e-01
   6.711270e-02    1.880305e+02    1.873669e+02    5.433037e-03    1.880250e+02    6.581817e-01
   6.785570e-02    1.843918e+02    1.837326e+02    5.433095e-03    1.843864e+02    6.537664e-01
   6.860693e-02    1.808186e+02    1.801636e+02    5.433156e-03    1.808131e+02    6.495778e-01
   6.936648e-02    1.773098e+02    1.766591e+02    5.433217e-03    1.773044e+02    6.453004e-01
   7.013443e-02    1.738645e+02    1.732181e+02    5.433280e-03    1.738591e+02    6.409746e-01
   7.091089e-02    1.704813e+02    1.698391e+02    5.433345e-03    1.704759e+02    6.368268e-01
   7.169594e-02    1.671591e+02    1.665211e+02    5.433410e-03    1.671537e+02    6.326262e-01
   7.248969e-02    1.638971e+02    1.632633e+02    5.433478e-03    1.638917e+02    6.283723e-01
   7.329222e-02    1.606946e+02    1.600649e+02    5.433546e-03    1.606891e+02    6.242566e-01
   7.410364e-02    1.575497e+02    1.569241e+02    5.433617e-03    1.575442e+02    6.201456e-01
   7.492404e-02    1.544618e+02    1.538404e+02    5.433688e-03    1.544564e+02    6.159819e-01
   7.575352e-02    1.514303e+02    1.508130e+02    5.433762e-03    1.514248e+02    6.118702e-01
   7.659219e-02    1.484541e+02    1.478409e+02    5.433837e-03    1.484487e+02    6.078380e-01
   7.744014e-02    1.455316e+02    1.449224e+02    5.433914e-03    1.455262e+02    6.037839e-01
   7.829748e-02    1.426626e+02    1.420574e+02    5.433992e-03    1.426571e+02    5.996948e-01
   7.916431e-02    1.398461e+02    1.392450e+02    5.434072e-03    1.398406e+02    5.956868e-01
   8.004074e-02    1.370811e+02    1.364840e+02    5.434154e-03    1.370757e+02    5.917336e-01
   8.092687e-02    1.343664e+02    1.337732e+02    5.434238e-03    1.343609e+02    5.877633e-01
   8.182281e-02    1.317014e+02    1.311122e+02    5.434324e-03    1.316960e+02    5.837715e-01
   8.272867e-02    1.290856e+02    1.285003e+02    5.434411e-03    1.290801e+02    5.798126e-01
   8.364456e-02    1.265177e+02    1.259363e+02    5.434501e-03    1.265122e+02    5.759415e-01
   8.457059e-02    1.239968e+02    1.234192e+02    5.434592e-03    1.239913e+02    5.720699e-01
   8.550687e-02    1.215223e+02    1.209487e+02    5.434686e-03    1.215169e+02    5.681865e-01
   8.645352e-02    1.190937e+02    1.185239e+02    5.434782e-03    1.190882e+02    5.642957e-01
   8.741064e-02    1.167095e+02    1.161437e+02    5.434879e-03    1.167041e+02    5.604314e-01
   8.837836e-02    1.143694e+02    1.138073e+02    5.434979e-03    1.143640e+02    5.566635e-01
   8.935680e-02    1.120727e+02    1.115144e+02    5.435082e-03    1.120673e+02    5.528901e-01
   9.034607e-02    1.098187e+02    1.092642e+02    5.435186e-03    1.098133e+02    5.491146e-01
   9.134629e-02    1.076061e+02    1.070553e+02    5.435293e-03    1.076006e+02    5.453526e-01
   9.235758e-02    1.054346e+02    1.048875e+02    5.435402e-03    1.054291e+02    5.415961e-01
   9.338007e-02    1.033035e+02    1.027603e+02    5.435514e-03    1.032981e+02    5.378463e-01
   9.441388e-02    1.012123e+02    1.006727e+02    5.435628e-03    1.012068e+02    5.341509e-01
   9.545914e-02    9.915965e+01    9.862371e+01    5.435744e-03    9.915421e+01    5.305007e-01
   9.651597e-02    9.714544e+01    9.661315e+01    5.435864e-03    9.714000e+01    5.268563e-01
   9.758449e-02    9.516898e+01    9.464033e+01    5.435986e-03    9.516355e+01    5.232195e-01
   9.866485e-02    9.322944e+01    9.270441e+01    5.436110e-03    9.322400e+01    5.195967e-01
   9.975717e-02    9.132600e+01    9.080457e+01    5.436238e-03    9.132056e+01    5.159944e-01
   1.008616e-01    8.945839e+01    8.894055e+01    5.436368e-03    8.945295e+01    5.124038e-01
   1.019782e-01    8.762597e+01    8.711171e+01    5.436501e-03    8.762054e+01    5.088260e-01
   1.031072e-01    8.582786e+01    8.531715e+01    5.436637e-03    8.582242e+01    5.052704e-01
   1.042487e-01    8.406351e+01    8.355634e+01    5.436776e-03    8.405807e+01    5.017361e-01
   1.054029e-01    8.233256e+01    8.182890e+01    5.436918e-03    8.232712e+01    4.982167e-01
   1.065698e-01    8.063441e+01    8.013426e+01    5.437064e-03    8.062898e+01    4.947121e-01
   1.077496e-01    7.896812e+01    7.847145e+01    5.437212e-03    7.896269e+01    4.912349e-01
   1.089425e-01    7.733341e+01    7.684019e+01    5.437364e-03    7.732797e+01    4.877765e-01
   1.101486e-01    7.572981e+01    7.524004e+01    5.437520e-03    7.572438e+01    4.843337e-01
   1.113681e-01    7.415679e+01    7.367044e+01    5.437678e-03    7.415135e+01    4.809065e-01
   1.126010e-01    7.261334e+01    7.213039e+01    5.437841e-03    7.260790e+01    4.775094e-01
   1.138476e-01    7.109941e+01    7.061984e+01    5.438007e-03    7.109397e+01    4.741270e-01
   1.151080e-01    6.961446e+01    6.913827e+01    5.438177e-03    6.960903e+01    4.707593e-01
   1.163824e-01    6.815790e+01    6.768505e+01    5.438351e-03    6.815246e+01    4.674088e-01
   1.176708e-01    6.672898e+01    6.625946e+01    5.438528e-03    6.672354e+01    4.640833e-01
   1.189736e-01    6.532754e+01    6.486133e+01    5.438710e-03    6.532210e+01    4.607706e-01
   1.202907e-01    6.395311e+01    6.349020e+01    5.438896e-03    6.394767e+01    4.574701e-01
   1.216225e-01    6.260501e+01    6.214538e+01    5.439085e-03    6.259957e+01    4.541876e-01
   1.229690e-01    6.128273e+01    6.082637e+01    5.439279e-03    6.127729e+01    4.509236e-01
   1.243303e-01    5.998605e+01    5.953294e+01    5.439477e-03    5.998061e+01    4.476696e-01
   1.257068e-01    5.871450e+01    5.826464e+01    5.439680e-03    5.870906e+01    4.444247e-01
   1.270985e-01    5.746737e+01    5.702073e+01    5.439887e-03    5.746193e+01    4.411975e-01
   1.285056e-01    5.624438e+01    5.580095e+01    5.440099e-03    5.623894e+01    4.379915e-01
   1.299283e-01    5.504524e+01    5.460498e+01    5.440316e-03    5.503980e+01    4.348196e-01
   1.313667e-01    5.386950e+01    5.343240e+01    5.440537e-03    5.386406e+01    4.316617e-01
   1.328211e-01    5.271640e+01    5.228243e+01    5.440763e-03    5.271095e+01    4.285212e-01
   1.342916e-01    5.158583e+01    5.115500e+01    5.440995e-03    5.158039e+01    4.253867e-01
   1.357783e-01    5.047742e+01    5.004972e+01    5.441231e-03    5.047198e+01    4.222560e-01
   1.372815e-01    4.939074e+01    4.896617e+01    5.441473e-03    4.938530e+01    4.191313e-01
   1.388013e-01    4.832517e+01    4.790366e+01    5.441720e-03    4.831973e+01    4.160727e-01
   1.403380e-01    4.728060e+01    4.686215e+01    5.441973e-03    4.727516e+01    4.130158e-01
   1.418917e-01    4.625665e+01    4.584125e+01    5.442231e-03    4.625121e+01    4.099591e-01
   1.434626e-01    4.525282e+01    4.484047e+01    5.442495e-03    4.524738e+01    4.069066e-01
   1.450508e-01    4.426868e+01    4.385935e+01    5.442765e-03    4.426323e+01    4.038879e-01
   1.466567e-01    4.330409e+01    4.289775e+01    5.443041e-03    4.329865e+01    4.008994e-01
   1.482803e-01    4.235867e+01    4.195532e+01    5.443323e-03    4.235322e+01    3.979071e-01
   1.499219e-01    4.143188e+01    4.103152e+01    5.443611e-03    4.142644e+01    3.949197e-01
   1.515817e-01    4.052348e+01    4.012607e+01    5.443906e-03    4.051804e+01    3.919715e-01
   1.532599e-01    3.963325e+01    3.923877e+01    5.444208e-03    3.962781e+01    3.890387e-01
   1.549566e-01    3.876083e+01    3.836929e+01    5.444516e-03    3.875538e+01    3.860977e-01
   1.566722e-01    3.790569e+01    3.751705e+01    5.444831e-03    3.790024e+01    3.831863e-01
   1.584067e-01    3.706769e+01    3.668194e+01    5.445153e-03    3.706225e+01    3.803058e-01
   1.601604e-01    3.624655e+01    3.586369e+01    5.445482e-03    3.624111e+01    3.774137e-01
   1.619335e-01    3.544199e+01    3.506200e+01    5.445818e-03    3.543654e+01    3.745459e-01
   1.637263e-01    3.465343e+01    3.427627e+01    5.446163e-03    3.464798e+01    3.717094e-01
   1.655389e-01    3.388082e+01    3.350651e+01    5.446514e-03    3.387537e+01    3.688653e-01
   1.673716e-01    3.312391e+01    3.275241e+01    5.446874e-03    3.311846e+01    3.660518e-01
   1.692245e-01    3.238232e+01    3.201363e+01    5.447241e-03    3.237687e+01    3.632444e-01
   1.710980e-01    3.165563e+01    3.128973e+01    5.447617e-03    3.165018e+01    3.604498e-01
   1.729923e-01    3.094380e+01    3.058066e+01    5.448001e-03    3.093835e+01    3.576865e-01
   1.749075e-01    3.024650e+01    2.988614e+01    5.448394e-03    3.024105e+01    3.549117e-01
   1.768439e-01    2.956340e+01    2.920578e+01    5.448796e-03    2.955796e+01    3.521799e-01
   1.788017e-01    2.889418e+01    2.853929e+01    5.449206e-03    2.888874e+01    3.494462e-01
   1.807812e-01    2.823875e+01    2.788656e+01    5.449626e-03    2.823330e+01    3.467347e-01
   1.827826e-01    2.759681e+01    2.724734e+01    5.450055e-03    2.759136e+01    3.440204e-01
   1.848062e-01    2.696799e+01    2.662120e+01    5.450493e-03    2.696254e+01    3.413458e-01
   1.868522e-01    2.635211e+01    2.600798e+01    5.450942e-03    2.634666e+01    3.386723e-01
   1.889208e-01    2.574901e+01    2.540754e+01    5.451400e-03    2.574356e+01    3.360172e-01
   1.910124e-01    2.515843e+01    2.481962e+01    5.451869e-03    2.515298e+01    3.333562e-01
   1.931271e-01    2.457998e+01    2.424378e+01    5.452348e-03    2.457453e+01    3.307448e-01
   1.952652e-01    2.401357e+01    2.367999e+01    5.452837e-03    2.400812e+01    3.281285e-01
   1.974270e-01    2.345901e+01    2.312803e+01    5.453338e-03    2.345356e+01    3.255275e-01
   1.996127e-01    2.291605e+01    2.258766e+01    5.453850e-03    2.291060e+01    3.229377e-01
   2.018226e-01    2.238432e+01    2.205850e+01    5.454373e-03    2.237887e+01    3.203701e-01
   2.040570e-01    2.186379e+01    2.154052e+01    5.454908e-03    2.185833e+01    3.178127e-01
   2.063161e-01    2.135423e+01    2.103351e+01    5.455455e-03    2.134878e+01    3.152646e-01
   2.086002e-01    2.085539e+01    2.053720e+01    5.456014e-03    2.084993e+01    3.127353e-01
   2.109096e-01    2.036699e+01    2.005131e+01    5.456585e-03    2.036153e+01    3.102206e-01
   2.132446e-01    1.988896e+01    1.957579e+01    5.457170e-03    1.988351e+01    3.077192e-01
   2.156054e-01    1.942111e+01    1.911043e+01    5.457767e-03    1.941565e+01    3.052246e-01
   2.179924e-01    1.896314e+01    1.865493e+01    5.458379e-03    1.895768e+01    3.027533e-01
   2.204058e-01    1.851487e+01    1.820912e+01    5.459004e-03    1.850942e+01    3.002906e-01
   2.228459e-01    1.807622e+01    1.777292e+01    5.459644e-03    1.807076e+01    2.978418e-01
   2.253130e-01    1.764699e+01    1.734612e+01    5.460297e-03    1.764153e+01    2.954079e-01
   2.278075e-01    1.722686e+01    1.692841e+01    5.460965e-03    1.722140e+01    2.929879e-01
   2.303295e-01    1.681576e+01    1.651972e+01    5.461649e-03    1.681030e+01    2.905823e-01
   2.328795e-01    1.641355e+01    1.611991e+01    5.462347e-03    1.640809e+01    2.881849e-01
   2.354577e-01    1.602006e+01    1.572879e+01    5.463061e-03    1.601460e+01    2.858030e-01
   2.380644e-01    1.563496e+01    1.534606e+01    5.463791e-03    1.562950e+01    2.834390e-01
   2.407001e-01    1.525825e+01    1.497170e+01    5.464537e-03    1.525278e+01    2.810839e-01
   2.433648e-01    1.488976e+01    1.460555e+01    5.465300e-03    1.488429e+01    2.787452e-01
   2.460591e-01    1.452928e+01    1.424741e+01    5.466080e-03    1.452382e+01    2.764073e-01
   2.487833e-01    1.417662e+01    1.389705e+01    5.466877e-03    1.417115e+01    2.741038e-01
   2.515375e-01    1.383170e+01    1.355443e+01    5.467693e-03    1.382623e+01    2.718000e-01
   2.543223e-01    1.349438e+01    1.321941e+01    5.468526e-03    1.348891e+01    2.695084e-01
   2.571379e-01    1.316446e+01    1.289175e+01    5.469378e-03    1.315899e+01    2.672363e-01
   2.599847e-01    1.284175e+01    1.257131e+01    5.470249e-03    1.283628e+01    2.649720e-01
   2.628630e-01    1.252622e+01    1.225802e+01    5.471140e-03    1.252075e+01    2.627219e-01
   2.657731e-01    1.221771e+01    1.195175e+01    5.472051e-03    1.221223e+01    2.604859e-01
   2.687155e-01    1.191598e+01    1.165225e+01    5.472982e-03    1.191051e+01    2.582610e-01
   2.716904e-01    1.162097e+01    1.135944e+01    5.473933e-03    1.161549e+01    2.560486e-01
   2.746983e-01    1.133257e+01    1.107324e+01    5.474906e-03    1.132709e+01    2.538524e-01
   2.777395e-01    1.105065e+01    1.079351e+01    5.475901e-03    1.104517e+01    2.516639e-01
   2.808144e-01    1.077497e+01    1.052000e+01    5.476918e-03    1.076949e+01    2.494914e-01
   2.839233e-01    1.050550e+01    1.025270e+01    5.477958e-03    1.050002e+01    2.473288e-01
   2.870666e-01    1.024214e+01    9.991484e+00    5.479023e-03    1.023666e+01    2.451807e-01
   2.902447e-01    9.984747e+00    9.736223e+00    5.480112e-03    9.979267e+00    2.430442e-01
   2.934580e-01    9.733113e+00    9.486707e+00    5.481225e-03    9.727632e+00    2.409247e-01
   2.967068e-01    9.487219e+00    9.242923e+00    5.482363e-03    9.481736e+00    2.388132e-01
   2.999917e-01    9.246947e+00    9.004754e+00    5.483526e-03    9.241464e+00    2.367103e-01
   3.033129e-01    9.012148e+00    8.772043e+00    5.484716e-03    9.006664e+00    2.346203e-01
   3.066709e-01    8.782686e+00    8.544652e+00    5.485932e-03    8.777200e+00    2.325481e-01
   3.100660e-01    8.558515e+00    8.322540e+00    5.487175e-03    8.553028e+00    2.304878e-01
   3.134988e-01    8.339525e+00    8.105600e+00    5.488446e-03    8.334036e+00    2.284361e-01
   3.169695e-01    8.125553e+00    7.893664e+00    5.489746e-03    8.120063e+00    2.263996e-01
   3.204787e-01    7.916515e+00    7.686648e+00    5.491075e-03    7.911024e+00    2.243764e-01
   3.240267e-01    7.712346e+00    7.484492e+00    5.492433e-03    7.706854e+00    2.223621e-01
   3.276140e-01    7.512945e+00    7.287095e+00    5.493822e-03    7.507452e+00    2.203568e-01
   3.312410e-01    7.318145e+00    7.094281e+00    5.495243e-03    7.312650e+00    2.183692e-01
   3.349082e-01    7.127903e+00    6.906014e+00    5.496695e-03    7.122406e+00    2.163925e-01
   3.386159e-01    6.942140e+00    6.722217e+00    5.498180e-03    6.936642e+00    2.144247e-01
   3.423647e-01    6.760759e+00    6.542794e+00    5.499700e-03    6.755259e+00    2.124660e-01
   3.461551e-01    6.583596e+00    6.367568e+00    5.501254e-03    6.578095e+00    2.105260e-01
   3.499873e-01    6.410639e+00    6.196540e+00    5.502844e-03    6.405136e+00    2.085959e-01
   3.538620e-01    6.241800e+00    6.029619e+00    5.504469e-03    6.236296e+00    2.066765e-01
   3.577796e-01    6.076973e+00    5.866698e+00    5.506130e-03    6.071466e+00    2.047686e-01
   3.617406e-01    5.916035e+00    5.707651e+00    5.507829e-03    5.910528e+00    2.028766e-01
   3.657455e-01    5.758960e+00    5.552458e+00    5.509566e-03    5.753450e+00    2.009926e-01
   3.697946e-01    5.605663e+00    5.401036e+00    5.511341e-03    5.600152e+00    1.991164e-01
   3.738886e-01    5.456033e+00    5.253267e+00    5.513157e-03    5.450520e+00    1.972532e-01
   3.780279e-01    5.309994e+00    5.109071e+00    5.515014e-03    5.304479e+00    1.954077e-01
   3.822131e-01    5.167498e+00    4.968410e+00    5.516912e-03    5.161981e+00    1.935704e-01
   3.864446e-01    5.028468e+00    4.831209e+00    5.518854e-03    5.022949e+00    1.917400e-01
   3.907229e-01    4.892786e+00    4.697341e+00    5.520842e-03    4.887265e+00    1.899241e-01
   3.950486e-01    4.760411e+00    4.566765e+00    5.522874e-03    4.754888e+00    1.881233e-01
   3.994221e-01    4.631284e+00    4.439429e+00    5.524952e-03    4.625759e+00    1.863300e-01
   4.038441e-01    4.505332e+00    4.315262e+00    5.527077e-03    4.499805e+00    1.845428e-01
   4.083151e-01    4.382441e+00    4.194135e+00    5.529250e-03    4.376911e+00    1.827767e-01
   4.128356e-01    4.262587e+00    4.076036e+00    5.531472e-03    4.257055e+00    1.810189e-01
   4.174061e-01    4.145706e+00    3.960905e+00    5.533743e-03    4.140172e+00    1.792678e-01
   4.220272e-01    4.031731e+00    3.848665e+00    5.536066e-03    4.026195e+00    1.775296e-01
   4.266994e-01    3.920556e+00    3.739211e+00    5.538441e-03    3.915017e+00    1.758058e-01
   4.314234e-01    3.812166e+00    3.632533e+00    5.540874e-03    3.806625e+00    1.740913e-01
   4.361997e-01    3.706498e+00    3.528569e+00    5.543361e-03    3.700954e+00    1.723852e-01
   4.410289e-01    3.603473e+00    3.427236e+00    5.545904e-03    3.597927e+00    1.706907e-01
   4.459115e-01    3.503023e+00    3.328463e+00    5.548505e-03    3.497474e+00    1.690111e-01
   4.508482e-01    3.405117e+00    3.232226e+00    5.551164e-03    3.399566e+00    1.673394e-01
   4.558395e-01    3.309699e+00    3.138469e+00    5.553883e-03    3.304145e+00    1.656762e-01
   4.608861e-01    3.216687e+00    3.047104e+00    5.556664e-03    3.211131e+00    1.640270e-01
   4.659886e-01    3.126036e+00    2.958087e+00    5.559509e-03    3.120477e+00    1.623897e-01
   4.711475e-01    3.037709e+00    2.871386e+00    5.562421e-03    3.032147e+00    1.607607e-01
   4.763636e-01    2.951652e+00    2.786948e+00    5.565399e-03    2.946087e+00    1.591389e-01
   4.816374e-01    2.867784e+00    2.704681e+00    5.568444e-03    2.862216e+00    1.575347e-01
   4.869696e-01    2.786078e+00    2.624567e+00    5.571558e-03    2.780506e+00    1.559390e-01
   4.923608e-01    2.706491e+00    2.546565e+00    5.574743e-03    2.700917e+00    1.543517e-01
   4.978118e-01    2.628975e+00    2.470623e+00    5.578000e-03    2.623397e+00    1.527731e-01
   5.033230e-01    2.553447e+00    2.396655e+00    5.581333e-03    2.547866e+00    1.512111e-01
   5.088953e-01    2.479897e+00    2.324655e+00    5.584744e-03    2.474312e+00    1.496572e-01
   5.145293e-01    2.408277e+00    2.254579e+00    5.588232e-03    2.402689e+00    1.481102e-01
   5.202257e-01    2.338537e+00    2.186369e+00    5.591799e-03    2.332945e+00    1.465757e-01
   5.259851e-01    2.270614e+00    2.119964e+00    5.595448e-03    2.265019e+00    1.450542e-01
   5.318082e-01    2.204492e+00    2.055351e+00    5.599178e-03    2.198893e+00    1.435412e-01
   5.376959e-01    2.140126e+00    1.992488e+00    5.602998e-03    2.134523e+00    1.420355e-01
   5.436487e-01    2.077463e+00    1.931314e+00    5.606907e-03    2.071856e+00    1.405423e-01
   5.496675e-01    2.016461e+00    1.871788e+00    5.610903e-03    2.010850e+00    1.390620e-01
   5.557528e-01    1.957094e+00    1.813891e+00    5.614991e-03    1.951480e+00    1.375883e-01
   5.619056e-01    1.899326e+00    1.757583e+00    5.619171e-03    1.893707e+00    1.361235e-01
   5.681264e-01    1.843098e+00    1.702802e+00    5.623451e-03    1.837474e+00    1.346722e-01
   5.744161e-01    1.788384e+00    1.649525e+00    5.627831e-03    1.782756e+00    1.332306e-01
   5.807755e-01    1.735156e+00    1.597726e+00    5.632310e-03    1.729524e+00    1.317976e-01
   5.872052e-01    1.683378e+00    1.547370e+00    5.636891e-03    1.677741e+00    1.303719e-01
   5.937062e-01    1.632993e+00    1.498390e+00    5.641576e-03    1.627351e+00    1.289613e-01
   6.002791e-01    1.583987e+00    1.450781e+00    5.646376e-03    1.578340e+00    1.275591e-01
   6.069248e-01    1.536329e+00    1.404512e+00    5.651285e-03    1.530678e+00    1.261651e-01
   6.136441e-01    1.489981e+00    1.359546e+00    5.656306e-03    1.484325e+00    1.247796e-01
   6.204377e-01    1.444898e+00    1.315828e+00    5.661441e-03    1.439237e+00    1.234087e-01
   6.273066e-01    1.401066e+00    1.273355e+00    5.666701e-03    1.395400e+00    1.220448e-01
   6.342515e-01    1.358454e+00    1.232094e+00    5.672082e-03    1.352782e+00    1.206883e-01
   6.412733e-01    1.317025e+00    1.192005e+00    5.677586e-03    1.311348e+00    1.193429e-01
   6.483728e-01    1.276745e+00    1.153052e+00    5.683216e-03    1.271062e+00    1.180103e-01
   6.555509e-01    1.237597e+00    1.115224e+00    5.688984e-03    1.231908e+00    1.166848e-01
   6.628085e-01    1.199553e+00    1.078491e+00    5.694884e-03    1.193858e+00    1.153664e-01
   6.701465e-01    1.162573e+00    1.042812e+00    5.700919e-03    1.156872e+00    1.140604e-01
   6.775657e-01    1.126637e+00    1.008165e+00    5.707097e-03    1.120930e+00    1.127649e-01
   6.850670e-01    1.091722e+00    9.745326e-01    5.713422e-03    1.086009e+00    1.114765e-01
   6.926514e-01    1.057805e+00    9.418896e-01    5.719892e-03    1.052085e+00    1.101952e-01
   7.003197e-01    1.024846e+00    9.101915e-01    5.726512e-03    1.019119e+00    1.089279e-01
   7.080729e-01    9.928313e-01    8.794290e-01    5.733294e-03    9.870980e-01    1.076690e-01
   7.159120e-01    9.617391e-01    8.495819e-01    5.740231e-03    9.559989e-01    1.064170e-01
   7.238379e-01    9.315448e-01    8.206251e-01    5.747329e-03    9.257975e-01    1.051724e-01
   7.318515e-01    9.022144e-01    7.925166e-01    5.754601e-03    8.964598e-01    1.039432e-01
   7.399538e-01    8.737371e-01    7.652543e-01    5.762040e-03    8.679751e-01    1.027207e-01
   7.481458e-01    8.460907e-01    7.388160e-01    5.769654e-03    8.403210e-01    1.015050e-01
   7.564285e-01    8.192502e-01    7.131745e-01    5.777453e-03    8.134727e-01    1.002983e-01
   7.648029e-01    7.931896e-01    6.883001e-01    5.785432e-03    7.874041e-01    9.910408e-02
   7.732701e-01    7.678969e-01    6.641865e-01    5.793603e-03    7.621033e-01    9.791682e-02
   7.818309e-01    7.433520e-01    6.408134e-01    5.801969e-03    7.375501e-01    9.673663e-02
   7.904866e-01    7.195296e-01    6.181521e-01    5.810528e-03    7.137191e-01    9.556694e-02
   7.992381e-01    6.964105e-01    5.961835e-01    5.819299e-03    6.905912e-01    9.440769e-02
   8.080864e-01    6.739816e-01    5.748980e-01    5.828274e-03    6.681534e-01    9.325538e-02
   8.170327e-01    6.522241e-01    5.542768e-01    5.837466e-03    6.463866e-01    9.210979e-02
   8.260781e-01    6.311133e-01    5.342903e-01    5.846878e-03    6.252664e-01    9.097613e-02
   8.352236e-01    6.106363e-01    5.149283e-01    5.856512e-03    6.047798e-01    8.985148e-02
   8.444704e-01    5.907782e-01    4.961785e-01    5.866383e-03    5.849118e-01    8.873331e-02
   8.538195e-01    5.715217e-01    4.780239e-01    5.876484e-03    5.656452e-01    8.762133e-02
   8.632721e-01    5.528444e-01    4.604339e-01    5.886837e-03    5.469576e-01    8.652369e-02
   8.728294e-01    5.347362e-01    4.434063e-01    5.897431e-03    5.288388e-01    8.543246e-02
   8.824925e-01    5.171825e-01    4.269264e-01    5.908289e-03    5.112743e-01    8.434782e-02
   8.922625e-01    5.001665e-01    4.109765e-01    5.919403e-03    4.942471e-01    8.327058e-02
   9.021408e-01    4.836696e-01    3.955325e-01    5.930794e-03    4.777388e-01    8.220632e-02
   9.121284e-01    4.676824e-01    3.805919e-01    5.942453e-03    4.617400e-01    8.114808e-02
   9.222265e-01    4.521910e-01    3.661404e-01    5.954405e-03    4.462366e-01    8.009625e-02
   9.324365e-01    4.371790e-01    3.521591e-01    5.966641e-03    4.312124e-01    7.905329e-02
   9.427595e-01    4.226325e-01    3.386319e-01    5.979181e-03    4.166533e-01    7.802147e-02
   9.531968e-01    4.085413e-01    3.255537e-01    5.992026e-03    4.025492e-01    7.699555e-02
   9.637496e-01    3.948925e-01    3.129116e-01    6.005185e-03    3.888873e-01    7.597570e-02
   9.744193e-01    3.816710e-01    3.006857e-01    6.018670e-03    3.756523e-01    7.496661e-02
   9.852071e-01    3.688656e-01    2.888668e-01    6.032483e-03    3.628331e-01    7.396628e-02
   9.961143e-01    3.564663e-01    2.774477e-01    6.046643e-03    3.504196e-01    7.297190e-02
   1.007142e+00    3.444615e-01    2.664167e-01    6.061150e-03    3.384003e-01    7.198362e-02
   1.018292e+00    3.328364e-01    2.557533e-01    6.076014e-03    3.267604e-01    7.100713e-02
   1.029566e+00    3.215833e-01    2.454541e-01    6.091254e-03    3.154920e-01    7.003793e-02
   1.040964e+00    3.106915e-01    2.355101e-01    6.106870e-03    3.045846e-01    6.907445e-02
   1.052489e+00    3.001504e-01    2.259104e-01    6.122873e-03    2.940276e-01    6.811721e-02
   1.064141e+00    2.899473e-01    2.166355e-01    6.139282e-03    2.838080e-01    6.717250e-02
   1.075922e+00    2.800752e-01    2.076856e-01    6.156101e-03    2.739191e-01    6.623350e-02
   1.087833e+00    2.705244e-01    1.990509e-01    6.173342e-03    2.643510e-01    6.530017e-02
   1.099877e+00    2.612846e-01    1.907190e-01    6.191015e-03    2.550936e-01    6.437453e-02
   1.112054e+00    2.523456e-01    1.826770e-01    6.209141e-03    2.461365e-01    6.345947e-02
   1.124365e+00    2.437006e-01    1.749228e-01    6.227725e-03    2.374729e-01    6.255013e-02
   1.136813e+00    2.353404e-01    1.674475e-01    6.246780e-03    2.290936e-01    6.164610e-02
   1.149399e+00    2.272560e-01    1.602383e-01    6.266320e-03    2.209896e-01    6.075136e-02
   1.162124e+00    2.194388e-01    1.532871e-01    6.286358e-03    2.131524e-01    5.986534e-02
   1.174989e+00    2.118819e-01    1.465902e-01    6.306912e-03    2.055750e-01    5.898475e-02
   1.187998e+00    2.045774e-01    1.401398e-01    6.327996e-03    1.982495e-01    5.810960e-02
   1.201150e+00    1.975167e-01    1.339224e-01    6.349624e-03    1.911671e-01    5.724469e-02
   1.214448e+00    1.906932e-01    1.279344e-01    6.371810e-03    1.843214e-01    5.638704e-02
   1.227893e+00    1.840999e-01    1.221707e-01    6.394572e-03    1.777053e-01    5.553458e-02
   1.241487e+00    1.777295e-01    1.166243e-01    6.417926e-03    1.713116e-01    5.468727e-02
   1.255232e+00    1.715750e-01    1.112813e-01    6.441889e-03    1.651331e-01    5.385178e-02
   1.269128e+00    1.656301e-01    1.061420e-01    6.466481e-03    1.591636e-01    5.302161e-02
   1.283179e+00    1.598883e-01    1.012001e-01    6.491718e-03    1.533966e-01    5.219651e-02
   1.297385e+00    1.543435e-01    9.644813e-02    6.517622e-03    1.478259e-01    5.137777e-02
   1.311748e+00    1.489893e-01    9.187558e-02    6.544210e-03    1.424451e-01    5.056949e-02
   1.326270e+00    1.438200e-01    8.748232e-02    6.571504e-03    1.372484e-01    4.976613e-02
   1.340954e+00    1.388298e-01    8.326248e-02    6.599525e-03    1.322303e-01    4.896781e-02
   1.355799e+00    1.340132e-01    7.920788e-02    6.628299e-03    1.273849e-01    4.817700e-02
   1.370809e+00    1.293647e-01    7.531186e-02    6.657846e-03    1.227068e-01    4.739496e-02
   1.385986e+00    1.248790e-01    7.157302e-02    6.688188e-03    1.181908e-01    4.661779e-02
   1.401330e+00    1.205509e-01    6.798614e-02    6.719349e-03    1.138316e-01    4.584543e-02
   1.416844e+00    1.163757e-01    6.454251e-02    6.751355e-03    1.096243e-01    4.508181e-02
   1.432530e+00    1.123485e-01    6.123884e-02    6.784240e-03    1.055643e-01    4.432541e-02
   1.448389e+00    1.084643e-01    5.807263e-02    6.818024e-03    1.016463e-01    4.357366e-02
   1.464424e+00    1.047185e-01    5.503924e-02    6.852732e-03    9.786578e-02    4.282655e-02
   1.480637e+00    1.011075e-01    5.212959e-02    6.888404e-03    9.421911e-02    4.208952e-02
   1.497029e+00    9.762629e-02    4.934325e-02    6.925064e-03    9.070123e-02    4.135798e-02
   1.513603e+00    9.427057e-02    4.667683e-02    6.962742e-03    8.730783e-02    4.063100e-02
   1.530360e+00    9.103634e-02    4.412585e-02    7.001480e-03    8.403486e-02    3.990900e-02
   1.547302e+00    8.792061e-02    4.168201e-02    7.041299e-03    8.087931e-02    3.919730e-02
   1.564433e+00    8.491860e-02    3.934629e-02    7.082252e-03    7.783634e-02    3.849005e-02
   1.581752e+00    8.202643e-02    3.711489e-02    7.124359e-03    7.490207e-02    3.778718e-02
   1.599264e+00    7.924106e-02    3.498278e-02    7.167671e-03    7.207338e-02    3.709060e-02
   1.616969e+00    7.655949e-02    3.294458e-02    7.212223e-03    6.934727e-02    3.640269e-02
   1.634871e+00    7.397740e-02    3.100024e-02    7.258052e-03    6.671935e-02    3.571911e-02
   1.652971e+00    7.149142e-02    2.914638e-02    7.305216e-03    6.418620e-02    3.503982e-02
   1.671271e+00    6.909929e-02    2.737755e-02    7.353748e-03    6.174554e-02    3.436799e-02
   1.689773e+00    6.679787e-02    2.569086e-02    7.403696e-03    5.939417e-02    3.370331e-02
   1.708481e+00    6.458336e-02    2.408538e-02    7.455111e-03    5.712825e-02    3.304287e-02
   1.727395e+00    6.245283e-02    2.255812e-02    7.508051e-03    5.494477e-02    3.238665e-02
   1.746519e+00    6.040493e-02    2.110333e-02    7.562563e-03    5.284237e-02    3.173904e-02
   1.765855e+00    5.843603e-02    1.972021e-02    7.618702e-03    5.081733e-02    3.109712e-02
   1.785405e+00    5.654302e-02    1.840712e-02    7.676527e-03    4.886650e-02    3.045938e-02
   1.805171e+00    5.472327e-02    1.716139e-02    7.736100e-03    4.698717e-02    2.982578e-02
   1.825156e+00    5.297649e-02    1.597708e-02    7.797483e-03    4.517900e-02    2.920193e-02
   1.845362e+00    5.129831e-02    1.485514e-02    7.860743e-03    4.343757e-02    2.858243e-02
   1.865792e+00    4.968630e-02    1.379333e-02    7.925948e-03    4.176035e-02    2.796702e-02
   1.886448e+00    4.813865e-02    1.278869e-02    7.993171e-03    4.014548e-02    2.735679e-02
   1.907333e+00    4.665481e-02    1.183697e-02    8.062494e-03    3.859231e-02    2.675534e-02
   1.928449e+00    4.523070e-02    1.093876e-02    8.133986e-03    3.709672e-02    2.615796e-02
   1.949799e+00    4.386433e-02    1.009191e-02    8.207730e-03    3.565660e-02    2.556468e-02
   1.971385e+00    4.255478e-02    9.293155e-03    8.283822e-03    3.427096e-02    2.497781e-02
   1.993211e+00    4.130078e-02    8.540045e-03    8.362344e-03    3.293843e-02    2.439839e-02
   2.015277e+00    4.009892e-02    7.832468e-03    8.443391e-03    3.165553e-02    2.382306e-02
   2.037589e+00    3.894745e-02    7.168523e-03    8.527068e-03    3.042039e-02    2.325186e-02
   2.060147e+00    3.784650e-02    6.544696e-03    8.613474e-03    2.923303e-02    2.268833e-02
   2.082955e+00    3.679374e-02    5.960049e-03    8.702716e-03    2.809102e-02    2.213097e-02
   2.106015e+00    3.578659e-02    5.413879e-03    8.794921e-03    2.699167e-02    2.157779e-02
   2.129331e+00    3.482353e-02    4.904499e-03    8.890197e-03    2.593334e-02    2.102884e-02
   2.152904e+00    3.390570e-02    4.428264e-03    8.988672e-03    2.491703e-02    2.048877e-02
   2.176739e+00    3.302966e-02    3.985433e-03    9.090479e-03    2.393918e-02    1.995375e-02
   2.200838e+00    3.219363e-02    3.574834e-03    9.195760e-03    2.299787e-02    1.942304e-02
   2.225203e+00    3.139659e-02    3.194805e-03    9.304662e-03    2.209192e-02    1.889712e-02
   2.249839e+00    3.064002e-02    2.842147e-03    9.417339e-03    2.122268e-02    1.838053e-02
   2.274746e+00    2.991987e-02    2.517557e-03    9.533953e-03    2.038592e-02    1.786836e-02
   2.299930e+00    2.923503e-02    2.219656e-03    9.654672e-03    1.958036e-02    1.736070e-02
   2.325393e+00    2.858545e-02    1.946549e-03    9.779674e-03    1.880578e-02    1.685923e-02
   2.351137e+00    2.797149e-02    1.696303e-03    9.909149e-03    1.806235e-02    1.636604e-02
   2.377166e+00    2.738988e-02    1.469051e-03    1.004331e-02    1.734657e-02    1.587752e-02
   2.403484e+00    2.683972e-02    1.263555e-03    1.018235e-02    1.665738e-02    1.539382e-02
   2.430093e+00    2.632197e-02    1.077791e-03    1.032650e-02    1.599546e-02    1.491767e-02
   2.456997e+00    2.583572e-02    9.108117e-04    1.047599e-02    1.535973e-02    1.444892e-02
   2.484198e+00    2.537857e-02    7.622806e-04    1.063108e-02    1.474749e-02    1.398521e-02
   2.511701e+00    2.494980e-02    6.310683e-04    1.079202e-02    1.415777e-02    1.352670e-02
   2.539508e+00    2.455148e-02    5.151375e-04    1.095910e-02    1.359238e-02    1.307724e-02
   2.567622e+00    2.418125e-02    4.142097e-04    1.113260e-02    1.304865e-02    1.263444e-02
   2.596049e+00    2.383766e-02    3.275533e-04    1.131284e-02    1.252482e-02    1.219727e-02
   2.624789e+00    2.352018e-02    2.540859e-04    1.150015e-02    1.202004e-02    1.176595e-02
   2.653848e+00    2.323202e-02    1.918747e-04    1.169487e-02    1.153715e-02    1.134528e-02
   2.683229e+00    2.296928e-02    1.408952e-04    1.189738e-02    1.107190e-02    1.093101e-02
   2.712935e+00    2.273150e-02    1.000646e-04    1.210808e-02    1.062342e-02    1.052336e-02
   2.742970e+00    2.251911e-02    6.812780e-05    1.232737e-02    1.019174e-02    1.012361e-02
   2.773337e+00    2.233432e-02    4.369355e-05    1.255571e-02    9.778610e-03    9.734916e-03
   2.804041e+00    2.217378e-02    2.615282e-05    1.279357e-02    9.380208e-03    9.354055e-03
   2.835085e+00    2.203736e-02    1.428063e-05    1.304145e-02    8.995909e-03    8.981628e-03
   2.866472e+00    2.192663e-02    6.766181e-06    1.329988e-02    8.626746e-03    8.619980e-03
   2.898206e+00    2.184233e-02    2.528370e-06    1.356945e-02    8.272886e-03    8.270358e-03
   2.930292e+00    2.178214e-02    6.279316e-07    1.385075e-02    7.931389e-03    7.930761e-03
   2.962734e+00    2.174613e-02    5.666779e-08    1.414433e-02    7.601796e-03    7.601739e-03
   2.995534e+00    2.173580e-02    1.000000e-20    1.444949e-02    7.286308e-03    7.286308e-03
   3.028698e+00    2.173580e-02    1.000000e-20    1.474753e-02    6.988269e-03    6.988269e-03
   3.062228e+00    2.173580e-02    1.000000e-20    1.503712e-02    6.698678e-03    6.698678e-03
   3.096130e+00    2.173580e-02    1.000000e-20    1.531819e-02    6.417610e-03    6.417610e-03
   3.130407e+00    2.173580e-02    1.000000e-20    1.559079e-02    6.145007e-03    6.145007e-03
   3.165064e+00    2.173580e-02    1.000000e-20    1.585498e-02    5.880821e-03    5.880821e-03
   3.200105e+00    2.173580e-02    1.000000e-20    1.611083e-02    5.624968e-03    5.624968e-03
   3.235533e+00    2.173580e-02    1.000000e-20    1.635844e-02    5.377360e-03    5.377360e-03
   3.271354e+00    2.173580e-02    1.000000e-20    1.659789e-02    5.137908e-03    5.137908e-03
   3.307571e+00    2.173580e-02    1.000000e-20    1.682933e-02    4.906470e-03    4.906470e-03
   3.344189e+00    2.173580e-02    1.000000e-20    1.705284e-02    4.682960e-03    4.682960e-03
   3.381212e+00    2.173580e-02    1.000000e-20    1.726856e-02    4.467238e-03    4.467238e-03
   3.418646e+00    2.173580e-02    1.000000e-20    1.747663e-02    4.259166e-03    4.259166e-03
   3.456493e+00    2.173580e-02    1.000000e-20    1.767720e-02    4.058605e-03    4.058605e-03
   3.494760e+00    2.173580e-02    1.000000e-20    1.787039e-02    3.865414e-03    3.865414e-03
   3.533451e+00    2.173580e-02    1.000000e-20    1.805636e-02    3.679436e-03    3.679436e-03
   3.572569e+00    2.173580e-02    1.000000e-20    1.823529e-02    3.500513e-03    3.500513e-03
   3.612121e+00    2.173580e-02    1.000000e-20    1.840731e-02    3.328486e-03    3.328486e-03
   3.652111e+00    2.173580e-02    1.000000e-20    1.857260e-02    3.163201e-03    3.163201e-03
   3.692544e+00    2.173580e-02    1.000000e-20    1.873131e-02    3.004488e-03    3.004488e-03
   3.733424e+00    2.173580e-02    1.000000e-20    1.888362e-02    2.852175e-03    2.852175e-03
   3.774756e+00    2.173580e-02    1.000000e-20    1.902970e-02    2.706095e-03    2.706095e-03
   3.816547e+00    2.173580e-02    1.000000e-20    1.916972e-02    2.566083e-03    2.566083e-03
   3.858800e+00    2.173580e-02    1.000000e-20    1.930383e-02    2.431974e-03    2.431974e-03
   3.901521e+00    2.173580e-02    1.000000e-20    1.943220e-02    2.303595e-03    2.303595e-03
   3.944714e+00    2.173580e-02    1.000000e-20    1.955504e-02    2.180762e-03    2.180762e-03
   3.988386e+00    2.173580e-02    1.000000e-20    1.967247e-02    2.063334e-03    2.063334e-03
   4.032542e+00    2.173580e-02    1.000000e-20    1.978469e-02    1.951113e-03    1.951113e-03
   4.077186e+00    2.173580e-02    1.000000e-20    1.989185e-02    1.843953e-03    1.843953e-03
   4.122324e+00    2.173580e-02    1.000000e-20    1.999411e-02    1.741692e-03    1.741692e-03
   4.167962e+00    2.173580e-02    1.000000e-20    2.009165e-02    1.644151e-03    1.644151e-03
   4.214106e+00    2.173580e-02    1.000000e-20    2.018463e-02    1.551169e-03    1.551169e-03
   4.260760e+00    2.173580e-02    1.000000e-20    2.027320e-02    1.462597e-03    1.462597e-03
   4.307931e+00    2.173580e-02    1.000000e-20    2.035752e-02    1.378276e-03    1.378276e-03
   4.355624e+00    2.173580e-02    1.000000e-20    2.043775e-02    1.298051e-03    1.298051e-03
   4.403845e+00    2.173580e-02    1.000000e-20    2.051403e-02    1.221771e-03    1.221771e-03
   4.452600e+00    2.173580e-02    1.000000e-20    2.058651e-02    1.149290e-03    1.149290e-03
   4.501895e+00    2.173580e-02    1.000000e-20    2.065535e-02    1.080450e-03    1.080450e-03
   4.551735e+00    2.173580e-02    1.000000e-20    2.072069e-02    1.015111e-03    1.015111e-03
   4.602128e+00    2.173580e-02    1.000000e-20    2.078265e-02    9.531455e-04    9.531455e-04
   4.653078e+00    2.173580e-02    1.000000e-20    2.084138e-02    8.944211e-04    8.944211e-04
   4.704592e+00    2.173580e-02    1.000000e-20    2.089702e-02    8.387780e-04    8.387780e-04
   4.756676e+00    2.173580e-02    1.000000e-20    2.094969e-02    7.861074e-04    7.861074e-04
   4.809338e+00    2.173580e-02    1.000000e-20    2.099951e-02    7.362913e-04    7.362913e-04
   4.862582e+00    2.173580e-02    1.000000e-20    2.104663e-02    6.891719e-04    6.891719e-04
   4.916415e+00    2.173580e-02    1.000000e-20    2.109112e-02    6.446783e-04    6.446783e-04
   4.970845e+00    2.173580e-02    1.000000e-20    2.113316e-02    6.026394e-04    6.026394e-04
   5.025877e+00    2.173580e-02    1.000000e-20    2.117280e-02    5.629990e-04    5.629990e-04
   5.081519e+00    2.173580e-02    1.000000e-20    2.121020e-02    5.255962e-04    5.255962e-04
   5.137776e+00    2.173580e-02    1.000000e-20    2.124543e-02    4.903670e-04    4.903670e-04
   5.194656e+00    2.173580e-02    1.000000e-20    2.127861e-02    4.571887e-04    4.571887e-04
   5.252166e+00    2.173580e-02    1.000000e-20    2.130984e-02    4.259597e-04    4.259597e-04
   5.310313e+00    2.173580e-02    1.000000e-20    2.133919e-02    3.966065e-04    3.966065e-04
   5.369103e+00    2.173580e-02    1.000000e-20    2.136679e-02    3.690105e-04    3.690105e-04
   5.428545e+00    2.173580e-02    1.000000e-20    2.139271e-02    3.430927e-04    3.430927e-04
   5.488644e+00    2.173580e-02    1.000000e-20    2.141702e-02    3.187802e-04    3.187802e-04
   5.549409e+00    2.173580e-02    1.000000e-20    2.143981e-02    2.959853e-04    2.959853e-04
   5.610846e+00    2.173580e-02    1.000000e-20    2.146119e-02    2.746054e-04    2.746054e-04
   5.672964e+00    2.173580e-02    1.000000e-20    2.148121e-02    2.545914e-04    2.545914e-04
   5.735769e+00    2.173580e-02    1.000000e-20    2.149993e-02    2.358690e-04    2.358690e-04
   5.799270e+00    2.173580e-02    1.000000e-20    2.151743e-02    2.183675e-04    2.183675e-04
   5.863474e+00    2.173580e-02    1.000000e-20    2.153379e-02    2.020059e-04    2.020059e-04
   5.928388e+00    2.173580e-02    1.000000e-20    2.154908e-02    1.867241e-04    1.867241e-04
   5.994021e+00    2.173580e-02    1.000000e-20    2.156333e-02    1.724700e-04    1.724700e-04
   6.060381e+00    2.173580e-02    1.000000e-20    2.157662e-02    1.591842e-04    1.591842e-04
   6.127475e+00    2.173580e-02    1.000000e-20    2.158899e-02    1.468104e-04    1.468104e-04
   6.195313e+00    2.173580e-02    1.000000e-20    2.160051e-02    1.352947e-04    1.352947e-04
   6.263901e+00    2.173580e-02    1.000000e-20    2.161121e-02    1.245859e-04    1.245859e-04
   6.333249e+00    2.173580e-02    1.000000e-20    2.162118e-02    1.146227e-04    1.146227e-04
   6.403364e+00    2.173580e-02    1.000000e-20    2.163043e-02    1.053707e-04    1.053707e-04
   6.474256e+00    2.173580e-02    1.000000e-20    2.163901e-02    9.678714e-05    9.678714e-05
   6.545932e+00    2.173580e-02    1.000000e-20    2.164697e-02    8.883020e-05    8.883020e-05
   6.618402e+00    2.173580e-02    1.000000e-20    2.165434e-02    8.146011e-05    8.146011e-05
   6.691674e+00    2.173580e-02    1.000000e-20    2.166116e-02    7.463917e-05    7.463917e-05
   6.765758e+00    2.173580e-02    1.000000e-20    2.166747e-02    6.833172e-05    6.833172e-05
   6.840661e+00    2.173580e-02    1.000000e-20    2.167330e-02    6.250400e-05    6.250400e-05
   6.916394e+00    2.173580e-02    1.000000e-20    2.167868e-02    5.712409e-05    5.712409e-05
   6.992966e+00    2.173580e-02    1.000000e-20    2.168364e-02    5.216186e-05    5.216186e-05
   7.070385e+00    2.173580e-02    1.000000e-20    2.168821e-02    4.758886e-05    4.758886e-05
   7.148661e+00    2.173580e-02    1.000000e-20    2.169242e-02    4.337828e-05    4.337828e-05
   7.227804e+00    2.173580e-02    1.000000e-20    2.169629e-02    3.950486e-05    3.950486e-05
   7.307823e+00    2.173580e-02    1.000000e-20    2.169985e-02    3.594482e-05    3.594482e-05
   7.388727e+00    2.173580e-02    1.000000e-20    2.170313e-02    3.267233e-05    3.267233e-05
   7.470528e+00    2.173580e-02    1.000000e-20    2.170613e-02    2.966908e-05    2.966908e-05
   7.553234e+00    2.173580e-02    1.000000e-20    2.170888e-02    2.691642e-05    2.691642e-05
   7.636856e+00    2.173580e-02    1.000000e-20    2.171140e-02    2.439581e-05    2.439581e-05
   7.721404e+00    2.173580e-02    1.000000e-20    2.171371e-02    2.208988e-05    2.208988e-05
   7.806887e+00    2.173580e-02    1.000000e-20    2.171582e-02    1.998237e-05    1.998237e-05
   7.893317e+00    2.173580e-02    1.000000e-20    2.171774e-02    1.805808e-05    1.805808e-05
   7.980704e+00    2.173580e-02    1.000000e-20    2.171950e-02    1.630280e-05    1.630280e-05
   8.069058e+00    2.173580e-02    1.000000e-20    2.172110e-02    1.470328e-05    1.470328e-05
   8.158391e+00    2.173580e-02    1.000000e-20    2.172255e-02    1.324715e-05    1.324715e-05
   8.248712e+00    2.173580e-02    1.000000e-20    2.172388e-02    1.192291e-05    1.192291e-05
   8.340034e+00    2.173580e-02    1.000000e-20    2.172508e-02    1.071985e-05    1.071985e-05
   8.432366e+00    2.173580e-02    1.000000e-20    2.172617e-02    9.628013e-06    9.628013e-06
   8.525721e+00    2.173580e-02    1.000000e-20    2.172716e-02    8.638157e-06    8.638157e-06
   8.620109e+00    2.173580e-02    1.000000e-20    2.172806e-02    7.741708e-06    7.741708e-06
   8.715542e+00    2.173580e-02    1.000000e-20    2.172887e-02    6.930724e-06    6.930724e-06
   8.812032e+00    2.173580e-02    1.000000e-20    2.172960e-02    6.197854e-06    6.197854e-06
   8.909590e+00    2.173580e-02    1.000000e-20    2.173026e-02    5.536301e-06    5.536301e-06
   9.008228e+00    2.173580e-02    1.000000e-20    2.173086e-02    4.939787e-06    4.939787e-06
   9.107958e+00    2.173580e-02    1.000000e-20    2.173140e-02    4.402522e-06    4.402522e-06
   9.208792e+00    2.173580e-02    1.000000e-20    2.173188e-02    3.919171e-06    3.919171e-06
   9.310743e+00    2.173580e-02    1.000000e-20    2.173231e-02    3.484822e-06    3.484822e-06
   9.413822e+00    2.173580e-02    1.000000e-20    2.173270e-02    3.094961e-06    3.094961e-06
   9.518042e+00    2.173580e-02    1.000000e-20    2.173305e-02    2.745442e-06    2.745442e-06
   9.623416e+00    2.173580e-02    1.000000e-20    2.173337e-02    2.432463e-06    2.432463e-06
   9.729957e+00    2.173580e-02    1.000000e-20    2.173365e-02    2.152539e-06    2.152539e-06
   9.837677e+00    2.173580e-02    1.000000e-20    2.173390e-02    1.902484e-06    1.902484e-06
   9.946590e+00    2.173580e-02    1.000000e-20    2.173412e-02    1.679385e-06    1.679385e-06
   1.005671e+01    2.173580e-02    1.000000e-20    2.173432e-02    1.480583e-06    1.480583e-06
   1.016805e+01    2.173580e-02    1.000000e-20    2.173450e-02    1.303654e-06    1.303654e-06
   1.028062e+01    2.173580e-02    1.000000e-20    2.173465e-02    1.146392e-06    1.146392e-06
   1.039443e+01    2.173580e-02    1.000000e-20    2.173479e-02    1.006789e-06    1.006789e-06
   1.050951e+01    2.173580e-02    1.000000e-20    2.173492e-02    8.830244e-07    8.830244e-07
   1.062586e+01    2.173580e-02    1.000000e-20    2.173503e-02    7.734445e-07    7.734445e-07
   1.074350e+01    2.173580e-02    1.000000e-20    2.173512e-02    6.765525e-07    6.765525e-07
   1.086244e+01    2.173580e-02    1.000000e-20    2.173521e-02    5.909943e-07    5.909943e-07
   1.098270e+01    2.173580e-02    1.000000e-20    2.173528e-02    5.155466e-07    5.155466e-07
   1.110429e+01    2.173580e-02    1.000000e-20    2.173535e-02    4.491061e-07    4.491061e-07
   1.122722e+01    2.173580e-02    1.000000e-20    2.173541e-02    3.906785e-07    3.906785e-07
   1.135152e+01    2.173580e-02    1.000000e-20    2.173546e-02    3.393697e-07    3.393697e-07
   1.147719e+01    2.173580e-02    1.000000e-20    2.173551e-02    2.943761e-07    2.943761e-07
   1.160426e+01    2.173580e-02    1.000000e-20    2.173554e-02    2.549772e-07    2.549772e-07
   1.173273e+01    2.173580e-02    1.000000e-20    2.173558e-02    2.205272e-07    2.205272e-07
   1.186262e+01    2.173580e-02    1.000000e-20    2.173561e-02    1.904488e-07    1.904488e-07
   1.199395e+01    2.173580e-02    1.000000e-20    2.173564e-02    1.642262e-07    1.642262e-07
   1.212674e+01    2.173580e-02    1.000000e-20    2.173566e-02    1.413993e-07    1.413993e-07
   1.226099e+01    2.173580e-02    1.000000e-20    2.173568e-02    1.215586e-07    1.215586e-07
   1.239673e+01    2.173580e-02    1.000000e-20    2.173570e-02    1.043399e-07    1.043399e-07
   1.253398e+01    2.173580e-02    1.000000e-20    2.173571e-02    8.941987e-08    8.941987e-08
   1.267274e+01    2.173580e-02    1.000000e-20    2.173572e-02    7.651188e-08    7.651188e-08
   1.281304e+01    2.173580e-02    1.000000e-20    2.173573e-02    6.536233e-08    6.536233e-08
   1.295489e+01    2.173580e-02    1.000000e-20    2.173574e-02    5.574711e-08    5.574711e-08
   1.309832e+01    2.173580e-02    1.000000e-20    2.173575e-02    4.746850e-08    4.746850e-08
   1.324333e+01    2.173580e-02    1.000000e-20    2.173576e-02    4.035241e-08    4.035241e-08
   1.338995e+01    2.173580e-02    1.000000e-20    2.173577e-02    3.424571e-08    3.424571e-08
   1.353819e+01    2.173580e-02    1.000000e-20    2.173577e-02    2.901402e-08    2.901402e-08
   1.368807e+01    2.173580e-02    1.000000e-20    2.173578e-02    2.453955e-08    2.453955e-08
   1.383961e+01    2.173580e-02    1.000000e-20    2.173578e-02    2.071926e-08    2.071926e-08
   1.399283e+01    2.173580e-02    1.000000e-20    2.173578e-02    1.746317e-08    1.746317e-08
   1.414774e+01    2.173580e-02    1.000000e-20    2.173579e-02    1.469281e-08    1.469281e-08
   1.430437e+01    2.173580e-02    1.000000e-20    2.173579e-02    1.233989e-08    1.233989e-08
   1.446273e+01    2.173580e-02    1.000000e-20    2.173579e-02    1.034510e-08    1.034510e-08
   1.462285e+01    2.173580e-02    1.000000e-20    2.173579e-02    8.656993e-09    8.656993e-09
   1.478474e+01    2.173580e-02    1.000000e-20    2.173579e-02    7.231030e-09    7.231030e-09
   1.494842e+01    2.173580e-02    1.000000e-20    2.173579e-02    6.028735e-09    6.028735e-09
   1.511391e+01    2.173580e-02    1.000000e-20    2.173579e-02    5.016923e-09    5.016923e-09
   1.528124e+01    2.173580e-02    1.000000e-20    2.173580e-02    4.167026e-09    4.167026e-09
   1.545042e+01    2.173580e-02    1.000000e-20    2.173580e-02    3.454501e-09    3.454501e-09
   1.562147e+01    2.173580e-02    1.000000e-20    2.173580e-02    2.858299e-09    2.858299e-09
   1.579442e+01    2.173580e-02    1.000000e-20    2.173580e-02    2.360406e-09    2.360406e-09
   1.596928e+01    2.173580e-02    1.000000e-20    2.173580e-02    1.945433e-09    1.945433e-09
   1.614607e+01    2.173580e-02    1.000000e-20    2.173580e-02    1.600262e-09    1.600262e-09
   1.632482e+01    2.173580e-02    1.000000e-20    2.173580e-02    1.313732e-09    1.313732e-09
   1.650556e+01    2.173580e-02    1.000000e-20    2.173580e-02    1.076366e-09    1.076366e-09
   1.668829e+01    2.173580e-02    1.000000e-20    2.173580e-02    8.801343e-10    8.801343e-10
   1.687305e+01    2.173580e-02    1.000000e-20    2.173580e-02    7.182465e-10    7.182465e-10
   1.705985e+01    2.173580e-02    1.000000e-20    2.173580e-02    5.849733e-10    5.849733e-10
   1.724872e+01    2.173580e-02    1.000000e-20    2.173580e-02    4.754902e-10    4.754902e-10
   1.743968e+01    2.173580e-02    1.000000e-20    2.173580e-02    3.857438e-10    3.857438e-10
   1.763275e+01    2.173580e-02    1.000000e-20    2.173580e-02    3.123356e-10    3.123356e-10
   1.782796e+01    2.173580e-02    1.000000e-20    2.173580e-02    2.524225e-10    2.524225e-10
   1.802534e+01    2.173580e-02    1.000000e-20    2.173580e-02    2.036314e-10    2.036314e-10
   1.822489e+01    2.173580e-02    1.000000e-20    2.173580e-02    1.639859e-10    1.639859e-10
   1.842666e+01    2.173580e-02    1.000000e-20    2.173580e-02    1.318436e-10    1.318436e-10
   1.863066e+01    2.173580e-02    1.000000e-20    2.173580e-02    1.058428e-10    1.058428e-10
   1.883692e+01    2.173580e-02    1.000000e-20    2.173580e-02    8.485742e-11    8.485742e-11
   1.904547e+01    2.173580e-02    1.000000e-20    2.173580e-02    6.795801e-11    6.795801e-11
   1.925632e+01    2.173580e-02    1.000000e-20    2.173580e-02    5.437948e-11    5.437948e-11
   1.946951e+01    2.173580e-02    1.000000e-20    2.173580e-02    4.349344e-11    4.349344e-11
   1.968505e+01    2.173580e-02    1.000000e-20    2.173580e-02    3.478508e-11    3.478508e-11
   1.990299e+01    2.173580e-02    1.000000e-20    2.173580e-02    2.783364e-11    2.783364e-11
   2.012333e+01    2.173580e-02    1.000000e-20    2.173580e-02    2.229609e-11    2.229609e-11
   2.034612e+01    2.173580e-02    1.000000e-20    2.173580e-02    1.789346e-11    1.789346e-11
   2.057137e+01    2.173580e-02    1.000000e-20    2.173580e-02    1.439948e-11    1.439948e-11
   2.079911e+01    2.173580e-02    1.000000e-20    2.173580e-02    1.163105e-11    1.163105e-11
   2.102938e+01    2.173580e-02    1.000000e-20    2.173580e-02    9.440438e-12    9.440438e-12
   2.126220e+01    2.173580e-02    1.000000e-20    2.173580e-02    7.708695e-12    7.708695e-12
   2.149759e+01    2.173580e-02    1.000000e-20    2.173580e-02    6.340369e-12    6.340369e-12
   2.173559e+01    2.173580e-02    1.000000e-20    2.173580e-02    5.258998e-12    5.258998e-12
   2.197623e+01    2.173580e-02    1.000000e-20    2.173580e-02    4.403557e-12    4.403557e-12
   2.221952e+01    2.173580e-02    1.000000e-20    2.173580e-02    3.725416e-12    3.725416e-12
   2.246552e+01    2.173580e-02    1.000000e-20    2.173580e-02    3.185941e-12    3.185941e-12
   2.271423e+01    2.173580e-02    1.000000e-20    2.173580e-02    2.754498e-12    2.754498e-12
   2.296570e+01    2.173580e-02    1.000000e-20    2.173580e-02    2.406863e-12    2.406863e-12
   2.321995e+01    2.173580e-02    1.000000e-20    2.173580e-02    2.123891e-12    2.123891e-12
   2.347702e+01    2.173580e-02    1.000000e-20    2.173580e-02    1.890436e-12    1.890436e-12
   2.373694e+01    2.173580e-02    1.000000e-20    2.173580e-02    1.694526e-12    1.694526e-12
   2.399973e+01    2.173580e-02    1.000000e-20    2.173580e-02    1.526616e-12    1.526616e-12
   2.426543e+01    2.173580e-02    1.000000e-20    2.173580e-02    1.379011e-12    1.379011e-12
   2.453407e+01    2.173580e-02    1.000000e-20    2.173580e-02    1.245382e-12    1.245382e-12
   2.480569e+01    2.173580e-02    1.000000e-20    2.173580e-02    1.120336e-12    1.120336e-12
   2.508031e+01    2.173580e-02    1.000000e-20    2.173580e-02    9.990272e-13    9.990272e-13
   2.535797e+01    2.173580e-02    1.000000e-20    2.173580e-02    8.767605e-13    8.767605e-13
   2.563871e+01    2.173580e-02    1.000000e-20    2.173580e-02    7.486407e-13    7.486407e-13
   2.592256e+01    2.173580e-02    1.000000e-20    2.173580e-02    6.091065e-13    6.091065e-13
   2.620955e+01    2.173580e-02    1.000000e-20    2.173580e-02    4.513785e-13    4.513785e-13
   2.649971e+01    2.173580e-02    1.000000e-20    2.173580e-02    2.668143e-13    2.668143e-13
   2.679309e+01    2.173580e-02    1.000000e-20    2.173580e-02    4.396830e-14    4.396829e-14
   2.708972e+01    2.173580e-02    1.000000e-20    2.173580e-02   -2.326646e-13   -2.326646e-13
   2.738963e+01    2.173580e-02    1.000000e-20    2.173580e-02   -5.843520e-13   -5.843520e-13
   2.769286e+01    2.173580e-02    1.000000e-20    2.173580e-02   -1.040577e-12   -1.040577e-12
   2.799944e+01    2.173580e-02    1.000000e-20    2.173580e-02   -1.642506e-12   -1.642506e-12
   2.830943e+01    2.173580e-02    1.000000e-20    2.173580e-02   -2.447886e-12   -2.447886e-12
   2.862284e+01    2.173580e-02    1.000000e-20    2.173580e-02   -3.538139e-12   -3.538139e-12
   2.893972e+01    2.173580e-02    1.000000e-20    2.173580e-02   -5.028467e-12   -5.028467e-12
   2.926011e+01    2.173580e-02    1.000000e-20    2.173580e-02   -7.082539e-12   -7.082539e-12
   2.958405e+01    2.173580e-02    1.000000e-20    2.173580e-02   -9.933093e-12   -9.933093e-12
   2.991158e+01    2.173580e-02    1.000000e-20    2.173580e-02   -1.390452e-11   -1.390452e-11
