# All units in [AU] if not specified
{"name":"Al", "Z":13, "Zstar":3.244354248046875, "A":28,  "μ[AU]": 1.731e-01, "T[AU]": 1.838e-02, "rs[AU]": 3.000e+00 }
	 r[AU]  	 n[AU]  	 nf[AU]  	 nb[AU]     n_ion[AU]    (φ_e+φ_ions)[AU]   φtotal[AU]     δVxc/δρ[Au]  
   2.000000e-02    1.447560e+03    1.656670e+00    1.444960e+03   -1.272320e-19   -4.539887e+01    6.041678e+02   -8.494971e+00
   3.228283e-01    9.027056e+00    3.033180e-01    8.721610e+00    1.125744e-09   -2.087122e+01    1.896453e+01   -1.629687e+00
   6.256566e-01    1.677020e+00    1.710361e-01    1.506052e+00    5.464818e-05   -1.470969e+01    5.635153e+00   -9.539519e-01
   9.284848e-01    5.314227e-01    1.141685e-01    4.173706e-01    8.483080e-04   -1.126285e+01    2.305127e+00   -6.648484e-01
   1.231313e+00    2.216749e-01    8.250063e-02    1.392449e-01    2.224347e-03   -9.051191e+00    1.073310e+00   -5.080735e-01
   1.534141e+00    1.119511e-01    6.260152e-02    4.938888e-02    3.274752e-03   -7.513945e+00    5.265164e-01   -4.127235e-01
   1.836970e+00    6.615131e-02    4.927346e-02    1.689950e-02    3.865205e-03   -6.385839e+00    2.576995e-01   -3.521376e-01
   2.139798e+00    4.494680e-02    4.010461e-02    4.854005e-03    4.160708e-03   -5.523902e+00    1.181042e-01   -3.135892e-01
   2.442626e+00    3.464097e-02    3.386473e-02    7.824187e-04    4.320189e-03   -4.843880e+00    4.492739e-02   -2.901062e-01
   2.745455e+00    2.981493e-02    2.981774e-02   -4.074151e-21    4.564810e-03   -4.292688e+00    9.078369e-03   -2.774129e-01
   3.048283e+00    2.808764e-02    2.808835e-02   -2.431180e-20    5.319425e-03   -3.835408e+00   -4.045587e-03   -2.725245e-01
   3.351111e+00    2.817077e-02    2.817020e-02   -2.310902e-20    6.931413e-03   -3.449402e+00   -3.424830e-03   -2.727645e-01
   3.653939e+00    2.903112e-02    2.902983e-02   -1.184996e-20    8.616165e-03   -3.121361e+00    3.109947e-03   -2.752197e-01
   3.956768e+00    2.991578e-02    2.991413e-02   -3.327084e-21    9.704152e-03   -2.842384e+00    9.792733e-03   -2.776922e-01
   4.259596e+00    3.045448e-02    3.045280e-02   -2.866210e-22    1.011027e-02   -2.604756e+00    1.384360e-02   -2.791731e-01
   4.562424e+00    3.058540e-02    3.058373e-02   -1.600294e-41    1.005961e-02   -2.401202e+00    1.482690e-02   -2.795303e-01
   4.865253e+00    3.040391e-02    3.040242e-02   -4.669031e-22    9.793332e-03   -2.225209e+00    1.346647e-02   -2.790349e-01
   5.168081e+00    3.004598e-02    3.004469e-02   -2.400430e-21    9.470303e-03   -2.071330e+00    1.077720e-02   -2.780518e-01
   5.470909e+00    2.963017e-02    2.962914e-02   -5.676803e-21    9.173748e-03   -1.935227e+00    7.644844e-03   -2.768996e-01
   5.773737e+00    2.923977e-02    2.923896e-02   -9.523158e-21    8.939175e-03   -1.813546e+00    4.695656e-03   -2.758075e-01
   6.076566e+00    2.892351e-02    2.892292e-02   -1.310557e-20    8.777520e-03   -1.703732e+00    2.301180e-03   -2.749154e-01
   6.379394e+00    2.870243e-02    2.870205e-02   -1.583540e-20    8.687062e-03   -1.603853e+00    6.244162e-04   -2.742877e-01
   6.682222e+00    2.857678e-02    2.857653e-02   -1.746443e-20    8.658447e-03   -1.512456e+00   -3.290877e-04   -2.739295e-01
   6.985051e+00    2.853263e-02    2.853249e-02   -1.804915e-20    8.676809e-03   -1.428448e+00   -6.636921e-04   -2.738034e-01
   7.287879e+00    2.854769e-02    2.854767e-02   -1.784703e-20    8.723737e-03   -1.350998e+00   -5.480383e-04   -2.738464e-01
   7.590707e+00    2.859724e-02    2.859728e-02   -1.719129e-20    8.781105e-03   -1.279458e+00   -1.704985e-04   -2.739879e-01
   7.893535e+00    2.865879e-02    2.865888e-02   -1.638912e-20    8.834167e-03   -1.213286e+00    2.979978e-04   -2.741634e-01
   8.196364e+00    2.871548e-02    2.871559e-02   -1.566258e-20    8.873788e-03   -1.152007e+00    7.290027e-04   -2.743249e-01
   8.499192e+00    2.875725e-02    2.875737e-02   -1.513470e-20    8.896686e-03   -1.095177e+00    1.046412e-03   -2.744436e-01
   8.802020e+00    2.878045e-02    2.878061e-02   -1.484412e-20    8.904079e-03   -1.042378e+00    1.222736e-03   -2.745096e-01
   9.104848e+00    2.878630e-02    2.878642e-02   -1.477131e-20    8.899788e-03   -9.932103e-01    1.267074e-03   -2.745262e-01
   9.407677e+00    2.877884e-02    2.877896e-02   -1.486452e-20    8.888432e-03   -9.473066e-01    1.210254e-03   -2.745050e-01
   9.710505e+00    2.876322e-02    2.876331e-02   -1.506013e-20    8.872600e-03   -9.043315e-01    1.091440e-03   -2.744606e-01
   1.001333e+01    2.874519e-02    2.874526e-02   -1.528711e-20    8.859230e-03   -8.639814e-01    9.542354e-04   -2.744094e-01
   1.031616e+01    2.872858e-02    2.872863e-02   -1.549716e-20    8.850314e-03   -8.259974e-01    8.278848e-04   -2.743621e-01
   1.061899e+01    2.871511e-02    2.871514e-02   -1.566831e-20    8.843332e-03   -7.901632e-01    7.253585e-04   -2.743238e-01
   1.092182e+01    2.870592e-02    2.870594e-02   -1.578537e-20    8.839959e-03   -7.562892e-01    6.554499e-04   -2.742976e-01
   1.122465e+01    2.870104e-02    2.870109e-02   -1.584778e-20    8.839565e-03   -7.242141e-01    6.182418e-04   -2.742837e-01
   1.152747e+01    2.869969e-02    2.869974e-02   -1.586512e-20    8.841170e-03   -6.937993e-01    6.078868e-04   -2.742799e-01
   1.183030e+01    2.870072e-02    2.870075e-02   -1.585211e-20    8.843746e-03   -6.649240e-01    6.156036e-04   -2.742828e-01
   1.213313e+01    2.870292e-02    2.870292e-02   -1.582415e-20    8.846423e-03   -6.374808e-01    6.322360e-04   -2.742891e-01
   1.243596e+01    2.870527e-02    2.870525e-02   -1.579420e-20    8.848593e-03   -6.113722e-01    6.500633e-04   -2.742958e-01
   1.273879e+01    2.870708e-02    2.870705e-02   -1.577119e-20    8.849946e-03   -5.865082e-01    6.637683e-04   -2.743010e-01
   1.304162e+01    2.870799e-02    2.870800e-02   -1.575963e-20    8.850435e-03   -5.628050e-01    6.706502e-04   -2.743035e-01
   1.334444e+01    2.870795e-02    2.870795e-02   -1.576026e-20    8.850199e-03   -5.401846e-01    6.702670e-04   -2.743034e-01
   1.364727e+01    2.870709e-02    2.870705e-02   -1.577118e-20    8.849470e-03   -5.185742e-01    6.637548e-04   -2.743010e-01
   1.395010e+01    2.870568e-02    2.870565e-02   -1.578908e-20    8.848494e-03   -4.979065e-01    6.530801e-04   -2.742970e-01
   1.425293e+01    2.870401e-02    2.870399e-02   -1.581036e-20    8.847482e-03   -4.781195e-01    6.404018e-04   -2.742922e-01
   1.455576e+01    2.870233e-02    2.870232e-02   -1.583183e-20    8.846586e-03   -4.591564e-01    6.276169e-04   -2.742874e-01
   1.485859e+01    2.870081e-02    2.870082e-02   -1.585118e-20    8.845893e-03   -4.409656e-01    6.161003e-04   -2.742831e-01
   1.516141e+01    2.869956e-02    2.869958e-02   -1.586712e-20    8.845428e-03   -4.234999e-01    6.066177e-04   -2.742795e-01
   1.546424e+01    2.869861e-02    2.869863e-02   -1.587930e-20    8.845168e-03   -4.067163e-01    5.993749e-04   -2.742768e-01
   1.576707e+01    2.869792e-02    2.869794e-02   -1.588809e-20    8.845062e-03   -3.905757e-01    5.941530e-04   -2.742749e-01
   1.606990e+01    2.869743e-02    2.869745e-02   -1.589427e-20    8.845049e-03   -3.750421e-01    5.904784e-04   -2.742735e-01
   1.637273e+01    2.869707e-02    2.869706e-02   -1.589881e-20    8.845072e-03   -3.600822e-01    5.877867e-04   -2.742725e-01
   1.667556e+01    2.869678e-02    2.869676e-02   -1.590257e-20    8.845087e-03   -3.456653e-01    5.855517e-04   -2.742716e-01
   1.697838e+01    2.869649e-02    2.869647e-02   -1.590625e-20    8.845066e-03   -3.317628e-01    5.833662e-04   -2.742708e-01
   1.728121e+01    2.869617e-02    2.869616e-02   -1.591028e-20    8.845002e-03   -3.183477e-01    5.809741e-04   -2.742699e-01
   1.758404e+01    2.869581e-02    2.869580e-02   -1.591485e-20    8.844890e-03   -3.053952e-01    5.782601e-04   -2.742689e-01
   1.788687e+01    2.869542e-02    2.869540e-02   -1.591993e-20    8.844745e-03   -2.928816e-01    5.752398e-04   -2.742677e-01
   1.818970e+01    2.869499e-02    2.869498e-02   -1.592538e-20    8.844581e-03   -2.807850e-01    5.720032e-04   -2.742665e-01
   1.849253e+01    2.869455e-02    2.869454e-02   -1.593099e-20    8.844413e-03   -2.690847e-01    5.686737e-04   -2.742653e-01
   1.879535e+01    2.869411e-02    2.869410e-02   -1.593654e-20    8.844251e-03   -2.577616e-01    5.653740e-04   -2.742640e-01
   1.909818e+01    2.869370e-02    2.869369e-02   -1.594188e-20    8.844102e-03   -2.467975e-01    5.622041e-04   -2.742628e-01
   1.940101e+01    2.869330e-02    2.869330e-02   -1.594689e-20    8.843971e-03   -2.361756e-01    5.592303e-04   -2.742617e-01
   1.970384e+01    2.869294e-02    2.869294e-02   -1.595151e-20    8.843856e-03   -2.258801e-01    5.564850e-04   -2.742607e-01
   2.000667e+01    2.869261e-02    2.869259e-02   -1.595574e-20    8.843756e-03   -2.158961e-01    5.539722e-04   -2.742598e-01
   2.030949e+01    2.869231e-02    2.869238e-02   -1.595960e-20    8.843668e-03   -2.062097e-01    5.516762e-04   -2.742589e-01
   2.061232e+01    2.869203e-02    2.869205e-02   -1.596315e-20    8.843590e-03   -1.968078e-01    5.495701e-04   -2.742581e-01
   2.091515e+01    2.869178e-02    2.869175e-02   -1.596643e-20    8.843518e-03   -1.876780e-01    5.476218e-04   -2.742574e-01
   2.121798e+01    2.869154e-02    2.869151e-02   -1.596950e-20    8.843452e-03   -1.788088e-01    5.457984e-04   -2.742567e-01
   2.152081e+01    2.869131e-02    2.869127e-02   -1.597242e-20    8.843390e-03   -1.701891e-01    5.440665e-04   -2.742560e-01
   2.182364e+01    2.869109e-02    2.869108e-02   -1.597524e-20    8.843331e-03   -1.618087e-01    5.423925e-04   -2.742554e-01
   2.212646e+01    2.869087e-02    2.869086e-02   -1.597802e-20    8.843273e-03   -1.536577e-01    5.407416e-04   -2.742548e-01
   2.242929e+01    2.869065e-02    2.869066e-02   -1.598082e-20    8.843214e-03   -1.457268e-01    5.390796e-04   -2.742542e-01
   2.273212e+01    2.869043e-02    2.869043e-02   -1.598369e-20    8.843151e-03   -1.380073e-01    5.373758e-04   -2.742535e-01
   2.303495e+01    2.869020e-02    2.869019e-02   -1.598667e-20    8.843081e-03   -1.304909e-01    5.356087e-04   -2.742529e-01
   2.333778e+01    2.868995e-02    2.868996e-02   -1.598976e-20    8.843003e-03   -1.231696e-01    5.337720e-04   -2.742522e-01
   2.364061e+01    2.868970e-02    2.868971e-02   -1.599295e-20    8.842917e-03   -1.160361e-01    5.318794e-04   -2.742515e-01
   2.394343e+01    2.868945e-02    2.868945e-02   -1.599617e-20    8.842825e-03   -1.090830e-01    5.299658e-04   -2.742508e-01
   2.424626e+01    2.868920e-02    2.868920e-02   -1.599935e-20    8.842733e-03   -1.023037e-01    5.280825e-04   -2.742501e-01
   2.454909e+01    2.868897e-02    2.868896e-02   -1.600237e-20    8.842647e-03   -9.569156e-02    5.262862e-04   -2.742494e-01
   2.485192e+01    2.868875e-02    2.868874e-02   -1.600517e-20    8.842573e-03   -8.924048e-02    5.246243e-04   -2.742488e-01
   2.515475e+01    2.868855e-02    2.868854e-02   -1.600772e-20    8.842520e-03   -8.294460e-02    5.231159e-04   -2.742482e-01
   2.545758e+01    2.868837e-02    2.868836e-02   -1.601005e-20    8.842493e-03   -7.679843e-02    5.217282e-04   -2.742477e-01
   2.576040e+01    2.868819e-02    2.868818e-02   -1.601238e-20    8.842495e-03   -7.079679e-02    5.203488e-04   -2.742472e-01
   2.606323e+01    2.868798e-02    2.868797e-02   -1.601505e-20    8.842520e-03   -6.493485e-02    5.187640e-04   -2.742466e-01
   2.636606e+01    2.868770e-02    2.868769e-02   -1.601862e-20    8.842559e-03   -5.920813e-02    5.166471e-04   -2.742458e-01
   2.666889e+01    2.868729e-02    2.868728e-02   -1.602384e-20    8.842587e-03   -5.361250e-02    5.135498e-04   -2.742446e-01
   2.697172e+01    2.868669e-02    2.868668e-02   -1.603163e-20    8.842593e-03   -4.814411e-02    5.089238e-04   -2.742429e-01
   2.727455e+01    2.868579e-02    2.868577e-02   -1.604317e-20    8.842560e-03   -4.279947e-02    5.020830e-04   -2.742403e-01
   2.757737e+01    2.868448e-02    2.868447e-02   -1.605990e-20    8.842278e-03   -3.757544e-02    4.921700e-04   -2.742366e-01
   2.788020e+01    2.868272e-02    2.868271e-02   -1.608246e-20    8.842356e-03   -3.246856e-02    4.788042e-04   -2.742316e-01
   2.818303e+01    2.868021e-02    2.868021e-02   -1.611462e-20    8.842175e-03   -2.747739e-02    4.597584e-04   -2.742244e-01
   2.848586e+01    2.867668e-02    2.867668e-02   -1.615992e-20    8.841959e-03   -2.260051e-02    4.329558e-04   -2.742144e-01
   2.878869e+01    2.867173e-02    2.867174e-02   -1.622360e-20    8.841741e-03   -1.783761e-02    3.953258e-04   -2.742003e-01
   2.909152e+01    2.866474e-02    2.866474e-02   -1.631359e-20    8.841514e-03   -1.319012e-02    3.422345e-04   -2.741804e-01
   2.939434e+01    2.865481e-02    2.865480e-02   -1.644168e-20    8.841478e-03   -8.661787e-03    2.668414e-04   -2.741521e-01
   2.969717e+01    2.864052e-02    2.864054e-02   -1.662657e-20    8.841789e-03   -4.260415e-03    1.583755e-04   -2.741113e-01
   3.000000e+01    2.861965e-02    2.861976e-02   -1.689781e-20    8.841941e-03    0.000000e+00    0.000000e+00   -2.740518e-01
