# All units in [AU] if not specified
{"name":"Al", "Z":13, "Zstar":0.953298549706431, "A":28,  "μ[AU]": -7.527e-02, "T[AU]": 3.675e-02, "rs[AU]": 5.441e+00 }
	 r[AU]  	 n[AU]  	 nf[AU]  	 nb[AU]     n_ion[AU]    (φ_e+φ_ions)[AU]   φtotal[AU]     δVxc/δρ[Au]  
    1.00000e-03     1.40654e+05     0.00000e+00     1.41372e+05     0.00000e+00    -5.15744e+01     1.29482e+04    -3.85956e+01
    1.27081e-03     9.80783e+04    1.01266e-128     9.85786e+04     0.00000e+00    -5.15743e+01     1.01779e+04    -3.42425e+01
    1.61496e-03     6.83660e+04    7.34281e-101     6.87145e+04     0.00000e+00    -5.14667e+01     7.99803e+03    -3.03784e+01
    2.05231e-03     4.76337e+04     5.74238e-79     4.78761e+04     0.00000e+00    -5.12634e+01     6.28282e+03    -2.69479e+01
    2.60810e-03     3.31696e+04     9.03544e-62     3.33381e+04     0.00000e+00    -5.09720e+01     4.93326e+03    -2.39017e+01
    3.31440e-03     2.30808e+04     2.86049e-48     2.31979e+04     0.00000e+00    -5.05963e+01     3.87144e+03    -2.11962e+01
    4.21198e-03     1.60459e+04     1.11550e-37     1.61271e+04     0.00000e+00    -5.01372e+01     3.03606e+03    -1.87926e+01
    5.35263e-03     1.11423e+04     2.22963e-29     1.11985e+04     0.00000e+00    -4.95933e+01     2.37888e+03    -1.66565e+01
    6.80218e-03     7.72601e+03     7.01380e-23     7.76481e+03     0.00000e+00    -4.89611e+01     1.86195e+03    -1.47575e+01
    8.64428e-03     5.34746e+03     2.65470e-01     5.37418e+03     0.00000e+00    -4.82356e+01     1.45541e+03    -1.30685e+01
    1.09852e-02     3.69281e+03     2.34647e-01     3.71114e+03     0.00000e+00    -4.74102e+01     1.13576e+03    -1.15653e+01
    1.39602e-02     2.54301e+03     2.07209e-01     2.55552e+03     0.00000e+00    -4.64772e+01     8.84504e+02    -1.02268e+01
    1.77407e-02     1.74514e+03     1.82767e-01     1.75364e+03     0.00000e+00    -4.54281e+01     6.87109e+02    -9.03403e+00
    2.25451e-02     1.19250e+03     1.60979e-01     1.19823e+03     0.00000e+00    -4.42540e+01     5.32128e+02    -7.97034e+00
    2.86506e-02     8.10613e+02     1.41541e-01     8.14438e+02     0.00000e+00    -4.29457e+01     4.10558e+02    -7.02093e+00
    3.64095e-02     5.47520e+02     1.24185e-01     5.50016e+02     0.00000e+00    -4.14947e+01     3.15316e+02    -6.17280e+00
    4.62696e-02     3.66970e+02     1.08677e-01     3.68587e+02     0.00000e+00    -3.98937e+01     2.40829e+02    -5.41448e+00
    5.87999e-02     2.43677e+02     9.48103e-02     2.44704e+02     0.00000e+00    -3.81374e+01     1.82712e+02    -4.73595e+00
    7.47236e-02     1.60013e+02     8.24056e-02     1.60648e+02     0.00000e+00    -3.62241e+01     1.37511e+02    -4.12846e+00
    9.49596e-02     1.03690e+02     7.13076e-02     1.04068e+02     0.00000e+00    -3.41561e+01     1.02505e+02    -3.58444e+00
    1.20676e-01     6.61487e+01     6.13828e-02     6.63613e+01     0.00000e+00    -3.19418e+01     7.55460e+01    -3.09736e+00
    1.53356e-01     4.14335e+01     5.25176e-02     4.15433e+01     0.00000e+00    -2.95965e+01     5.49346e+01    -2.66168e+00
    1.94887e-01     2.54077e+01     4.46159e-02     2.54556e+01     0.00000e+00    -2.71437e+01     3.93229e+01    -2.27268e+00
    2.47664e-01     1.52056e+01     3.75967e-02     1.52183e+01     0.00000e+00    -2.46150e+01     2.76366e+01    -1.92641e+00
    3.14734e-01     8.85214e+00     3.13918e-02     8.84646e+00     0.00000e+00    -2.20504e+01     1.90154e+01    -1.61951e+00
    3.99968e-01     4.99632e+00     2.59426e-02     4.98245e+00     0.00000e+00    -1.94962e+01     1.27675e+01    -1.34907e+00
    5.08283e-01     2.72490e+00     2.11966e-02     2.70870e+00     0.00000e+00    -1.70026e+01     8.33478e+00    -1.11250e+00
    6.45932e-01     1.43104e+00     1.71040e-02     1.41555e+00     0.00000e+00    -1.46200e+01     5.26705e+00    -9.07306e-01
    8.20857e-01     7.20724e-01     1.36129e-02     7.07326e-01     0.00000e+00    -1.23947e+01     3.20346e+00    -7.30845e-01
    1.04315e+00     3.46276e-01     1.06694e-02     3.35361e-01     0.00000e+00    -1.03653e+01     1.85800e+00    -5.82545e-01
    1.32565e+00     1.56327e-01     8.19569e-03     1.47820e-01     0.00000e+00    -8.55929e+00     1.00829e+00    -4.56741e-01
    1.68465e+00     6.30943e-02     6.07161e-03     5.67709e-02     0.00000e+00    -6.99326e+00     4.84548e-01    -3.47164e-01
    1.81377e+00     4.79632e-02     5.54689e-03     4.21980e-02     0.00000e+00    -6.54397e+00     3.84523e-01    -3.19748e-01
    1.96770e+00     3.51234e-02     5.00597e-03     2.99337e-02     0.00000e+00    -6.07409e+00     2.93699e-01    -2.91306e-01
    2.12163e+00     2.61373e-02     4.54195e-03     2.14410e-02     0.00000e+00    -5.66270e+00     2.25754e-01    -2.66748e-01
    2.14088e+00     2.52374e-02     4.48987e-03     2.05966e-02     0.00000e+00    -5.61466e+00     2.18702e-01    -2.63981e-01
    2.27556e+00     1.97750e-02     4.14320e-03     1.55022e-02     0.00000e+00    -5.29923e+00     1.74738e-01    -2.45522e-01
    2.42949e+00     1.51081e-02     3.79074e-03     1.12084e-02     0.00000e+00    -4.97667e+00     1.35330e-01    -2.26678e-01
    2.58342e+00     1.16608e-02     3.47832e-03     8.09073e-03     0.00000e+00    -4.68832e+00     1.04849e-01    -2.09938e-01
    2.73735e+00     9.08071e-03     3.19854e-03     5.80493e-03     0.00000e+00    -4.42912e+00     8.10735e-02    -1.94961e-01
    2.89129e+00     7.12922e-03     2.94552e-03     4.11877e-03     0.00000e+00    -4.19497e+00     6.23899e-02    -1.81491e-01
    3.04522e+00     5.64185e-03     2.71462e-03     2.87281e-03     0.00000e+00    -3.98246e+00     4.76109e-02    -1.69346e-01
    3.19915e+00     4.50315e-03     2.50233e-03     1.95544e-03     0.00000e+00    -3.78881e+00     3.58535e-02    -1.58401e-01
    3.35308e+00     3.63036e-03     2.30608e-03     1.28667e-03     0.00000e+00    -3.61166e+00     2.64552e-02    -1.48587e-01
    3.50701e+00     2.96265e-03     2.12414e-03     8.07534e-04     0.00000e+00    -3.44903e+00     1.89157e-02    -1.39865e-01
    3.66094e+00     2.45401e-03     1.95547e-03     4.73210e-04     0.00000e+00    -3.29923e+00     1.28554e-02    -1.32218e-01
    3.81487e+00     2.06877e-03     1.79940e-03     2.48791e-04     0.00000e+00    -3.16081e+00     7.98557e-03    -1.25626e-01
    3.96881e+00     1.77890e-03     1.65528e-03     1.06984e-04     0.00000e+00    -3.03255e+00     4.08576e-03    -1.20052e-01
    4.12274e+00     1.56242e-03     1.52179e-03     2.72445e-05     0.00000e+00    -2.91334e+00     9.87201e-04    -1.15443e-01
    4.27667e+00     1.40234e-03     1.39163e-03    -1.04508e-22     0.00000e+00    -2.80228e+00    -1.43971e-03    -1.11726e-01
    4.43060e+00     1.28587e-03     1.27738e-03    -1.75709e-21     0.00000e+00    -2.69852e+00    -3.29483e-03    -1.08823e-01
    4.58453e+00     1.20358e-03     1.19694e-03    -3.61441e-21     0.00000e+00    -2.60136e+00    -4.65526e-03    -1.06653e-01
    4.73846e+00     1.14873e-03     1.14368e-03    -5.10759e-21     0.00000e+00    -2.51017e+00    -5.58048e-03    -1.05146e-01
    4.89239e+00     1.11666e-03     1.11300e-03    -6.05899e-21     0.00000e+00    -2.42439e+00    -6.11611e-03    -1.04240e-01
    5.04632e+00     1.10431e-03     1.10190e-03    -6.41939e-21     0.00000e+00    -2.34352e+00    -6.29664e-03    -1.03886e-01
    5.20026e+00     1.10989e-03     1.10864e-03    -6.19936e-21     0.00000e+00    -2.26711e+00    -6.14732e-03    -1.04047e-01
    5.35419e+00     1.13263e-03     1.13252e-03    -5.44620e-21     0.00000e+00    -2.19478e+00    -5.68554e-03    -1.04694e-01
    5.50812e+00     1.17265e-03     1.17367e-03    -4.24181e-21     1.48185e-03    -2.12616e+00    -4.92168e-03    -1.05810e-01
    5.66205e+00     1.20724e-03     1.20932e-03    -3.29664e-21     1.48185e-03    -2.06134e+00    -4.26880e-03    -1.06752e-01
    5.81598e+00     1.23702e-03     1.24009e-03    -2.55625e-21     1.48185e-03    -2.00002e+00    -3.70995e-03    -1.07547e-01
    5.96991e+00     1.26258e-03     1.26658e-03    -1.97712e-21     1.48185e-03    -1.94190e+00    -3.23081e-03    -1.08219e-01
    6.12384e+00     1.28449e-03     1.28933e-03    -1.52474e-21     1.48185e-03    -1.88676e+00    -2.81924e-03    -1.08787e-01
    6.27778e+00     1.30323e-03     1.30884e-03    -1.17180e-21     1.48185e-03    -1.83435e+00    -2.46502e-03    -1.09267e-01
    6.43171e+00     1.31923e-03     1.32555e-03    -8.96812e-22     1.48185e-03    -1.78448e+00    -2.15950e-03    -1.09673e-01
    6.58564e+00     1.33288e-03     1.33984e-03    -6.82873e-22     1.48185e-03    -1.73697e+00    -1.89536e-03    -1.10017e-01
    6.73957e+00     1.34453e-03     1.35207e-03    -5.16718e-22     1.48185e-03    -1.69166e+00    -1.66645e-03    -1.10308e-01
    6.89350e+00     1.35445e-03     1.36252e-03    -3.87947e-22     1.48185e-03    -1.64839e+00    -1.46753e-03    -1.10555e-01
    7.04743e+00     1.36290e-03     1.37145e-03    -2.88414e-22     1.48185e-03    -1.60702e+00    -1.29420e-03    -1.10764e-01
    7.20136e+00     1.37010e-03     1.37907e-03    -2.11743e-22     1.48185e-03    -1.56744e+00    -1.14272e-03    -1.10941e-01
    7.35530e+00     1.37622e-03     1.38559e-03    -1.52944e-22     1.48185e-03    -1.52953e+00    -1.00995e-03    -1.11091e-01
    7.50923e+00     1.38143e-03     1.39115e-03    -1.08117e-22     1.48185e-03    -1.49318e+00    -8.93196e-04    -1.11219e-01
    7.66316e+00     1.38587e-03     1.39591e-03    -7.42142e-23     1.48185e-03    -1.45831e+00    -7.90198e-04    -1.11327e-01
    7.81709e+00     1.38965e-03     1.39997e-03    -4.88614e-23     1.48185e-03    -1.42481e+00    -6.99032e-04    -1.11419e-01
    7.97102e+00     1.39286e-03     1.40344e-03    -3.02140e-23     1.48185e-03    -1.39261e+00    -6.18064e-04    -1.11497e-01
    8.12495e+00     1.39560e-03     1.40640e-03    -1.68525e-23     1.48185e-03    -1.36164e+00    -5.45909e-04    -1.11563e-01
    8.27888e+00     1.39792e-03     1.40893e-03    -7.71150e-24     1.48185e-03    -1.33183e+00    -4.81384e-04    -1.11620e-01
    8.43281e+00     1.39990e-03     1.41109e-03    -2.06867e-24     1.48185e-03    -1.30311e+00    -4.23488e-04    -1.11667e-01
    8.58675e+00     1.40159e-03     1.41294e-03     3.00167e-09     1.48185e-03    -1.27542e+00    -3.71363e-04    -1.11708e-01
    8.74068e+00     1.40302e-03     1.41448e-03     4.57030e-08     1.48185e-03    -1.24871e+00    -3.24279e-04    -1.11743e-01
    8.89461e+00     1.40425e-03     1.41577e-03     1.02644e-07     1.48185e-03    -1.22293e+00    -2.81614e-04    -1.11772e-01
    9.04854e+00     1.40529e-03     1.41686e-03     1.62074e-07     1.48185e-03    -1.19803e+00    -2.42834e-04    -1.11798e-01
    9.20247e+00     1.40617e-03     1.41779e-03     2.19501e-07     1.48185e-03    -1.17396e+00    -2.07483e-04    -1.11819e-01
    9.35640e+00     1.40692e-03     1.41858e-03     2.72883e-07     1.48185e-03    -1.15068e+00    -1.75169e-04    -1.11837e-01
    9.51033e+00     1.40756e-03     1.41924e-03     3.21349e-07     1.48185e-03    -1.12817e+00    -1.45557e-04    -1.11852e-01
    9.66427e+00     1.40811e-03     1.41981e-03     3.64647e-07     1.48185e-03    -1.10637e+00    -1.18359e-04    -1.11866e-01
    9.81820e+00     1.40857e-03     1.42029e-03     4.02857e-07     1.48185e-03    -1.08525e+00    -9.33261e-05    -1.11877e-01
    9.97213e+00     1.40896e-03     1.42070e-03     4.36237e-07     1.48185e-03    -1.06479e+00    -7.02445e-05    -1.11886e-01
    1.00000e+01     1.40908e-03     1.42081e-03     4.45897e-07     1.48185e-03    -1.06115e+00    -6.54165e-05    -1.11889e-01
    1.01261e+01     1.40943e-03     1.42117e-03     4.75768e-07     1.48185e-03    -1.04495e+00    -4.67895e-05    -1.11897e-01
    1.02800e+01     1.40971e-03     1.42146e-03     5.01270e-07     1.48185e-03    -1.02571e+00    -2.69771e-05    -1.11904e-01
    1.04339e+01     1.40995e-03     1.42171e-03     5.23211e-07     1.48185e-03    -1.00703e+00    -8.59728e-06    -1.11910e-01
    1.05879e+01     1.41016e-03     1.42192e-03     5.41956e-07     1.48185e-03    -9.88900e-01     8.47003e-06    -1.11915e-01
    1.06729e+01     1.41035e-03     1.42210e-03     5.58646e-07     1.48185e-03    -9.79103e-01     1.88212e-05    -1.11920e-01
    1.07418e+01     1.41051e-03     1.42225e-03     5.72488e-07     1.48185e-03    -9.71287e-01     2.71017e-05    -1.11923e-01
    1.08957e+01     1.41066e-03     1.42241e-03     5.86617e-07     1.48185e-03    -9.54174e-01     4.19714e-05    -1.11927e-01
    1.10496e+01     1.41080e-03     1.42254e-03     5.98715e-07     1.48185e-03    -9.37539e-01     5.58533e-05    -1.11930e-01
    1.12036e+01     1.41091e-03     1.42265e-03     6.09027e-07     1.48185e-03    -9.21361e-01     6.88186e-05    -1.11933e-01
    1.13458e+01     1.41103e-03     1.42276e-03     6.19345e-07     1.48185e-03    -9.06800e-01     8.04431e-05    -1.11936e-01
    1.13575e+01     1.41105e-03     1.42277e-03     6.21141e-07     1.48185e-03    -9.05622e-01     8.15492e-05    -1.11936e-01
    1.15114e+01     1.41114e-03     1.42285e-03     6.28659e-07     1.48185e-03    -8.90305e-01     9.28896e-05    -1.11939e-01
    1.16654e+01     1.41122e-03     1.42292e-03     6.35016e-07     1.48185e-03    -8.75392e-01     1.03494e-04    -1.11940e-01
    1.18193e+01     1.41128e-03     1.42298e-03     6.40351e-07     1.48185e-03    -8.60869e-01     1.13406e-04    -1.11942e-01
    1.19732e+01     1.41134e-03     1.42302e-03     6.44784e-07     1.48185e-03    -8.46719e-01     1.22668e-04    -1.11943e-01
    1.20188e+01     1.41140e-03     1.42307e-03     6.49375e-07     1.48185e-03    -8.42602e-01     1.25911e-04    -1.11945e-01
    1.21272e+01     1.41149e-03     1.42314e-03     6.56387e-07     1.48185e-03    -8.32927e-01     1.32755e-04    -1.11947e-01
    1.22811e+01     1.41153e-03     1.42318e-03     6.59669e-07     1.48185e-03    -8.19483e-01     1.40885e-04    -1.11948e-01
    1.24350e+01     1.41158e-03     1.42321e-03     6.62449e-07     1.48185e-03    -8.06372e-01     1.48490e-04    -1.11949e-01
    1.25890e+01     1.41162e-03     1.42323e-03     6.64790e-07     1.48185e-03    -7.93582e-01     1.55597e-04    -1.11950e-01
    1.26917e+01     1.41169e-03     1.42328e-03     6.70014e-07     1.48185e-03    -7.85217e-01     1.60771e-04    -1.11952e-01
    1.27429e+01     1.41174e-03     1.42332e-03     6.73687e-07     1.48185e-03    -7.81100e-01     1.63475e-04    -1.11953e-01
    1.28968e+01     1.41178e-03     1.42334e-03     6.75593e-07     1.48185e-03    -7.68917e-01     1.69714e-04    -1.11954e-01
    1.30508e+01     1.41181e-03     1.42336e-03     6.77324e-07     1.48185e-03    -7.57022e-01     1.75551e-04    -1.11955e-01
    1.32047e+01     1.41185e-03     1.42338e-03     6.78915e-07     1.48185e-03    -7.45404e-01     1.81007e-04    -1.11956e-01
    1.33586e+01     1.41188e-03     1.42339e-03     6.80400e-07     1.48185e-03    -7.34055e-01     1.86103e-04    -1.11956e-01
    1.33646e+01     1.41189e-03     1.42339e-03     6.80783e-07     1.48185e-03    -7.33618e-01     1.86353e-04    -1.11957e-01
    1.35125e+01     1.41193e-03     1.42341e-03     6.82755e-07     1.48185e-03    -7.22964e-01     1.91026e-04    -1.11958e-01
    1.36665e+01     1.41197e-03     1.42343e-03     6.84157e-07     1.48185e-03    -7.12124e-01     1.95467e-04    -1.11958e-01
    1.38204e+01     1.41200e-03     1.42344e-03     6.85555e-07     1.48185e-03    -7.01525e-01     1.99608e-04    -1.11959e-01
    1.39743e+01     1.41204e-03     1.42346e-03     6.86976e-07     1.48185e-03    -6.91159e-01     2.03467e-04    -1.11960e-01
    1.40375e+01     1.41208e-03     1.42349e-03     6.89961e-07     1.48185e-03    -6.86969e-01     2.05397e-04    -1.11961e-01
    1.41283e+01     1.41213e-03     1.42352e-03     6.93521e-07     1.48185e-03    -6.81019e-01     2.07960e-04    -1.11962e-01
    1.42822e+01     1.41217e-03     1.42354e-03     6.95276e-07     1.48185e-03    -6.71099e-01     2.11342e-04    -1.11963e-01
    1.44361e+01     1.41221e-03     1.42356e-03     6.97228e-07     1.48185e-03    -6.61390e-01     2.14510e-04    -1.11964e-01
    1.45901e+01     1.41226e-03     1.42358e-03     6.99412e-07     1.48185e-03    -6.51886e-01     2.17481e-04    -1.11965e-01
    1.47105e+01     1.41231e-03     1.42362e-03     7.03098e-07     1.48185e-03    -6.44591e-01     2.19995e-04    -1.11967e-01
    1.47440e+01     1.41234e-03     1.42364e-03     7.04864e-07     1.48185e-03    -6.42580e-01     2.20801e-04    -1.11967e-01
    1.48979e+01     1.41239e-03     1.42367e-03     7.07742e-07     1.48185e-03    -6.33467e-01     2.23451e-04    -1.11969e-01
    1.50519e+01     1.41244e-03     1.42370e-03     7.11033e-07     1.48185e-03    -6.24541e-01     2.25969e-04    -1.11970e-01
    1.52058e+01     1.41250e-03     1.42374e-03     7.14794e-07     1.48185e-03    -6.15795e-01     2.28373e-04    -1.11971e-01
    1.53597e+01     1.41257e-03     1.42378e-03     7.19089e-07     1.48185e-03    -6.07225e-01     2.30685e-04    -1.11973e-01
    1.53834e+01     1.41259e-03     1.42380e-03     7.20535e-07     1.48185e-03    -6.05922e-01     2.31162e-04    -1.11973e-01
    1.55137e+01     1.41266e-03     1.42385e-03     7.25906e-07     1.48185e-03    -5.98825e-01     2.33260e-04    -1.11975e-01
    1.56676e+01     1.41274e-03     1.42391e-03     7.31581e-07     1.48185e-03    -5.90589e-01     2.35466e-04    -1.11977e-01
    1.58215e+01     1.41283e-03     1.42397e-03     7.38082e-07     1.48185e-03    -5.82515e-01     2.37655e-04    -1.11979e-01
    1.59755e+01     1.41293e-03     1.42405e-03     7.45524e-07     1.48185e-03    -5.74595e-01     2.39855e-04    -1.11982e-01
    1.60563e+01     1.41300e-03     1.42410e-03     7.51465e-07     1.48185e-03    -5.70495e-01     2.41301e-04    -1.11983e-01
    1.61294e+01     1.41307e-03     1.42416e-03     7.57204e-07     1.48185e-03    -5.66826e-01     2.42638e-04    -1.11985e-01
    1.62833e+01     1.41320e-03     1.42426e-03     7.67075e-07     1.48185e-03    -5.59205e-01     2.44967e-04    -1.11988e-01
    1.64372e+01     1.41334e-03     1.42437e-03     7.78411e-07     1.48185e-03    -5.51726e-01     2.47413e-04    -1.11991e-01
    1.65912e+01     1.41349e-03     1.42449e-03     7.91421e-07     1.48185e-03    -5.44386e-01     2.50013e-04    -1.11995e-01
    1.67292e+01     1.41365e-03     1.42463e-03     8.05368e-07     1.48185e-03    -5.37916e-01     2.52623e-04    -1.11999e-01
    1.67451e+01     1.41367e-03     1.42465e-03     8.07377e-07     1.48185e-03    -5.37180e-01     2.52985e-04    -1.11999e-01
    1.68990e+01     1.41387e-03     1.42481e-03     8.24547e-07     1.48185e-03    -5.30105e-01     2.56036e-04    -1.12004e-01
    1.70530e+01     1.41409e-03     1.42500e-03     8.44269e-07     1.48185e-03    -5.23158e-01     2.59389e-04    -1.12009e-01
    1.74022e+01     1.41437e-03     1.42523e-03     8.68294e-07     1.48185e-03    -5.07857e-01     2.63175e-04    -1.12016e-01
    1.80751e+01     1.41350e-03     1.42438e-03     7.79818e-07     1.48185e-03    -4.80061e-01     2.46915e-04    -1.11995e-01
    1.87480e+01     1.41306e-03     1.42393e-03     7.34021e-07     1.48185e-03    -4.54257e-01     2.36461e-04    -1.11985e-01
    1.94209e+01     1.41283e-03     1.42369e-03     7.09982e-07     1.48185e-03    -4.30238e-01     2.28939e-04    -1.11979e-01
    2.00939e+01     1.41273e-03     1.42356e-03     6.97257e-07     1.48185e-03    -4.07827e-01     2.22913e-04    -1.11977e-01
    2.07668e+01     1.41268e-03     1.42349e-03     6.90486e-07     1.48185e-03    -3.86868e-01     2.17692e-04    -1.11976e-01
    2.14397e+01     1.41266e-03     1.42346e-03     6.86871e-07     1.48185e-03    -3.67225e-01     2.12959e-04    -1.11975e-01
    2.21126e+01     1.41266e-03     1.42344e-03     6.84938e-07     1.48185e-03    -3.48777e-01     2.08583e-04    -1.11975e-01
    2.27856e+01     1.41266e-03     1.42343e-03     6.83903e-07     1.48185e-03    -3.31419e-01     2.04523e-04    -1.11975e-01
    2.34585e+01     1.41267e-03     1.42342e-03     6.83347e-07     1.48185e-03    -3.15056e-01     2.00772e-04    -1.11975e-01
    2.41314e+01     1.41267e-03     1.42342e-03     6.83050e-07     1.48185e-03    -2.99606e-01     1.97336e-04    -1.11975e-01
    2.48043e+01     1.41267e-03     1.42342e-03     6.82890e-07     1.48185e-03    -2.84994e-01     1.94222e-04    -1.11975e-01
    2.54773e+01     1.41268e-03     1.42342e-03     6.82804e-07     1.48185e-03    -2.71154e-01     1.91433e-04    -1.11975e-01
    2.61502e+01     1.41268e-03     1.42341e-03     6.82758e-07     1.48185e-03    -2.58026e-01     1.88964e-04    -1.11976e-01
    2.68231e+01     1.41268e-03     1.42341e-03     6.82733e-07     1.48185e-03    -2.45556e-01     1.86808e-04    -1.11976e-01
    2.74960e+01     1.41268e-03     1.42341e-03     6.82720e-07     1.48185e-03    -2.33697e-01     1.84950e-04    -1.11976e-01
    2.81690e+01     1.41268e-03     1.42341e-03     6.82712e-07     1.48185e-03    -2.22404e-01     1.83373e-04    -1.11975e-01
    2.88419e+01     1.41267e-03     1.42341e-03     6.82708e-07     1.48185e-03    -2.11638e-01     1.82056e-04    -1.11975e-01
    2.95148e+01     1.41267e-03     1.42341e-03     6.82706e-07     1.48185e-03    -2.01362e-01     1.80979e-04    -1.11975e-01
    3.01877e+01     1.41267e-03     1.42341e-03     6.82705e-07     1.48185e-03    -1.91545e-01     1.80119e-04    -1.11975e-01
    3.08607e+01     1.41267e-03     1.42341e-03     6.82704e-07     1.48185e-03    -1.82155e-01     1.79452e-04    -1.11975e-01
    3.15336e+01     1.41267e-03     1.42341e-03     6.82703e-07     1.48185e-03    -1.73167e-01     1.78958e-04    -1.11975e-01
    3.22065e+01     1.41266e-03     1.42341e-03     6.82703e-07     1.48185e-03    -1.64553e-01     1.78613e-04    -1.11975e-01
    3.28794e+01     1.41266e-03     1.42341e-03     6.82703e-07     1.48185e-03    -1.56292e-01     1.78398e-04    -1.11975e-01
    3.35523e+01     1.41266e-03     1.42341e-03     6.82702e-07     1.48185e-03    -1.48362e-01     1.78293e-04    -1.11975e-01
    3.42253e+01     1.41266e-03     1.42341e-03     6.82702e-07     1.48185e-03    -1.40744e-01     1.78282e-04    -1.11975e-01
    3.48982e+01     1.41265e-03     1.42341e-03     6.82702e-07     1.48185e-03    -1.33420e-01     1.78347e-04    -1.11975e-01
    3.55711e+01     1.41265e-03     1.42341e-03     6.82702e-07     1.48185e-03    -1.26373e-01     1.78475e-04    -1.11975e-01
    3.62440e+01     1.41265e-03     1.42341e-03     6.82702e-07     1.48185e-03    -1.19587e-01     1.78652e-04    -1.11975e-01
    3.69170e+01     1.41265e-03     1.42341e-03     6.82702e-07     1.48185e-03    -1.13049e-01     1.78867e-04    -1.11975e-01
    3.75899e+01     1.41265e-03     1.42341e-03     6.82702e-07     1.48185e-03    -1.06745e-01     1.79109e-04    -1.11975e-01
    3.82628e+01     1.41265e-03     1.42341e-03     6.82701e-07     1.48185e-03    -1.00663e-01     1.79371e-04    -1.11975e-01
    3.89357e+01     1.41264e-03     1.42341e-03     6.82700e-07     1.48185e-03    -9.47903e-02     1.79643e-04    -1.11975e-01
    3.96087e+01     1.41264e-03     1.42341e-03     6.82698e-07     1.48185e-03    -8.91176e-02     1.79921e-04    -1.11975e-01
    4.02816e+01     1.41264e-03     1.42341e-03     6.82695e-07     1.48185e-03    -8.36344e-02     1.80197e-04    -1.11975e-01
    4.09545e+01     1.41264e-03     1.42341e-03     6.82689e-07     1.48185e-03    -7.83314e-02     1.80468e-04    -1.11975e-01
    4.16274e+01     1.41264e-03     1.42341e-03     6.82677e-07     1.48185e-03    -7.31998e-02     1.80729e-04    -1.11975e-01
    4.23004e+01     1.41264e-03     1.42341e-03     6.82658e-07     1.48185e-03    -6.82315e-02     1.80976e-04    -1.11975e-01
    4.29733e+01     1.41264e-03     1.42341e-03     6.82622e-07     1.48185e-03    -6.34188e-02     1.81204e-04    -1.11975e-01
    4.36462e+01     1.41264e-03     1.42341e-03     6.82560e-07     1.48185e-03    -5.87545e-02     1.81410e-04    -1.11975e-01
    4.43191e+01     1.41264e-03     1.42341e-03     6.82448e-07     1.48185e-03    -5.42319e-02     1.81588e-04    -1.11975e-01
    4.49921e+01     1.41263e-03     1.42341e-03     6.82251e-07     1.48185e-03    -4.98446e-02     1.81728e-04    -1.11974e-01
    4.56650e+01     1.41263e-03     1.42341e-03     6.81900e-07     1.48185e-03    -4.55867e-02     1.81817e-04    -1.11974e-01
    4.63379e+01     1.41262e-03     1.42340e-03     6.81276e-07     1.48185e-03    -4.14525e-02     1.81832e-04    -1.11974e-01
    4.70108e+01     1.41261e-03     1.42339e-03     6.80167e-07     1.48185e-03    -3.74368e-02     1.81732e-04    -1.11974e-01
    4.76838e+01     1.41259e-03     1.42337e-03     6.78194e-07     1.48185e-03    -3.35346e-02     1.81449e-04    -1.11973e-01
    4.83567e+01     1.41255e-03     1.42333e-03     6.74685e-07     1.48185e-03    -2.97413e-02     1.80860e-04    -1.11972e-01
    4.90296e+01     1.41248e-03     1.42327e-03     6.68448e-07     1.48185e-03    -2.60527e-02     1.79749e-04    -1.11971e-01
    4.97025e+01     1.41235e-03     1.42315e-03     6.57382e-07     1.48185e-03    -2.24649e-02     1.77733e-04    -1.11968e-01
    5.03755e+01     1.41213e-03     1.42295e-03     6.37813e-07     1.48185e-03    -1.89746e-02     1.74132e-04    -1.11962e-01
    5.10484e+01     1.41173e-03     1.42259e-03     6.03427e-07     1.48185e-03    -1.55792e-02     1.67735e-04    -1.11953e-01
    5.17213e+01     1.41103e-03     1.42194e-03     5.43738e-07     1.48185e-03    -1.22772e-02     1.56389e-04    -1.11936e-01
    5.23942e+01     1.40977e-03     1.42077e-03     4.42639e-07     1.48185e-03    -9.06918e-03     1.36260e-04    -1.11906e-01
    5.30672e+01     1.40754e-03     1.41869e-03     2.80660e-07     1.48185e-03    -5.95862e-03     1.00517e-04    -1.11852e-01
    5.37401e+01     1.40357e-03     1.41490e-03     6.25648e-08     1.48185e-03    -2.95464e-03     3.69975e-05    -1.11756e-01
    5.44130e+01     1.40126e-03     1.41264e-03     0.00000e+00     1.48185e-03     0.00000e+00     0.00000e+00    -1.11700e-01
