# All units in [AU] if not specified
{"name":"Al", "Z":13, "Zstar":3.641332814017444, "A":28,  "μ[AU]": 1.980e-01, "T[AU]": 3.675e-02, "rs[AU]": 3.000e+00 }
	 r[AU]  	 n[AU]  	 nf[AU]  	 nb[AU]     n_ion[AU]    (φ_e+φ_ions)[AU]   φtotal[AU]     δVxc/δρ[Au]  
   2.000000e-02    1.457221e+03    1.804979e+00    1.455099e+03    0.000000e+00   -4.245230e+01    6.071144e+02   -8.513580e+00
   2.153336e-02    1.295382e+03    1.735492e+00    1.293368e+03    0.000000e+00   -4.232725e+01    5.609539e+02   -8.190201e+00
   2.318427e-02    1.150956e+03    1.668408e+00    1.149043e+03    0.000000e+00   -4.217117e+01    5.181205e+02   -7.877963e+00
   2.496176e-02    1.022105e+03    1.603637e+00    1.020286e+03    0.000000e+00   -4.198511e+01    4.783782e+02   -7.576458e+00
   2.687552e-02    9.071788e+02    1.541096e+00    9.054487e+02    0.000000e+00   -4.176999e+01    4.415082e+02   -7.285291e+00
   2.893601e-02    8.047044e+02    1.480703e+00    8.030580e+02    0.000000e+00   -4.152669e+01    4.073072e+02   -7.004085e+00
   3.115447e-02    7.133619e+02    1.422378e+00    7.117946e+02    0.000000e+00   -4.125601e+01    3.755863e+02   -6.732475e+00
   3.354302e-02    6.319703e+02    1.366048e+00    6.304778e+02    0.000000e+00   -4.095866e+01    3.461701e+02   -6.470111e+00
   3.611469e-02    5.594730e+02    1.311638e+00    5.580512e+02    0.000000e+00   -4.063533e+01    3.188957e+02   -6.216657e+00
   3.888352e-02    4.949248e+02    1.259081e+00    4.935697e+02    0.000000e+00   -4.028664e+01    2.936119e+02   -5.971793e+00
   4.186463e-02    4.374785e+02    1.208308e+00    4.361867e+02    0.000000e+00   -3.991319e+01    2.701781e+02   -5.735205e+00
   4.507430e-02    3.863775e+02    1.159257e+00    3.851459e+02    0.000000e+00   -3.951551e+01    2.484638e+02   -5.506599e+00
   4.853005e-02    3.409437e+02    1.111865e+00    3.397693e+02    0.000000e+00   -3.909415e+01    2.283478e+02   -5.285687e+00
   5.225074e-02    3.005707e+02    1.066073e+00    2.994509e+02    0.000000e+00   -3.864960e+01    2.097173e+02   -5.072196e+00
   5.625669e-02    2.647168e+02    1.021825e+00    2.636486e+02    0.000000e+00   -3.818236e+01    1.924680e+02   -4.865869e+00
   6.056977e-02    2.328953e+02    9.790672e-01    2.318765e+02    0.000000e+00   -3.769292e+01    1.765022e+02   -4.666447e+00
   6.521352e-02    2.046728e+02    9.377477e-01    2.037010e+02    0.000000e+00   -3.718176e+01    1.617301e+02   -4.473696e+00
   7.021330e-02    1.796601e+02    8.978164e-01    1.787333e+02    0.000000e+00   -3.664939e+01    1.480673e+02   -4.287383e+00
   7.559640e-02    1.575100e+02    8.592268e-01    1.566262e+02    0.000000e+00   -3.609631e+01    1.354362e+02   -4.107291e+00
   8.139221e-02    1.379114e+02    8.219332e-01    1.370687e+02    0.000000e+00   -3.552304e+01    1.237640e+02   -3.933209e+00
   8.763238e-02    1.205862e+02    7.858927e-01    1.197828e+02    0.000000e+00   -3.493016e+01    1.129835e+02   -3.764938e+00
   9.435096e-02    1.052854e+02    7.510640e-01    1.045197e+02    0.000000e+00   -3.431823e+01    1.030318e+02   -3.602285e+00
   1.015846e-01    9.178681e+01    7.174082e-01    9.105718e+01    0.000000e+00   -3.368788e+01    9.385089e+01   -3.445073e+00
   1.093729e-01    7.989125e+01    6.848878e-01    7.919623e+01    0.000000e+00   -3.303977e+01    8.538631e+01   -3.293125e+00
   1.177583e-01    6.942089e+01    6.534673e-01    6.875908e+01    0.000000e+00   -3.237463e+01    7.758766e+01   -3.146278e+00
   1.267866e-01    6.021666e+01    6.231129e-01    5.958675e+01    0.000000e+00   -3.169320e+01    7.040798e+01   -3.004376e+00
   1.365070e-01    5.213654e+01    5.937928e-01    5.153721e+01    0.000000e+00   -3.099630e+01    6.380356e+01   -2.867271e+00
   1.469727e-01    4.505341e+01    5.654763e-01    4.448350e+01    0.000000e+00   -3.028482e+01    5.773364e+01   -2.734822e+00
   1.582408e-01    3.885385e+01    5.381347e-01    3.831218e+01    0.000000e+00   -2.955969e+01    5.216025e+01   -2.606895e+00
   1.703728e-01    3.343650e+01    5.117406e-01    3.292199e+01    1.204217e-17   -2.882191e+01    4.704803e+01   -2.483365e+00
   1.834349e-01    2.871092e+01    4.862679e-01    2.822250e+01    4.131875e-17   -2.807255e+01    4.236396e+01   -2.364112e+00
   1.974984e-01    2.459633e+01    4.616921e-01    2.413301e+01    1.883843e-15   -2.731274e+01    3.807724e+01   -2.249021e+00
   2.126402e-01    2.102075e+01    4.379896e-01    2.058154e+01    1.289344e-14   -2.654368e+01    3.415912e+01   -2.137987e+00
   2.289428e-01    1.791998e+01    4.151386e-01    1.750396e+01    2.424759e-13   -2.576663e+01    3.058277e+01   -2.030907e+00
   2.464954e-01    1.523682e+01    3.931176e-01    1.484309e+01    1.224510e-12   -2.498291e+01    2.732308e+01   -1.927686e+00
   2.653937e-01    1.292037e+01    3.719068e-01    1.254806e+01    1.832278e-11   -2.419389e+01    2.435661e+01   -1.828231e+00
   2.857408e-01    1.092536e+01    3.514870e-01    1.057364e+01    6.632773e-11   -2.340101e+01    2.166143e+01   -1.732456e+00
   3.076479e-01    9.211560e+00    3.318400e-01    8.879606e+00    5.586624e-10   -2.260575e+01    1.921701e+01   -1.640279e+00
   3.312346e-01    7.743269e+00    3.129482e-01    7.430295e+00    3.754416e-09   -2.180963e+01    1.700414e+01   -1.551621e+00
   3.566297e-01    6.488847e+00    2.947948e-01    6.194090e+00    1.842338e-08   -2.101418e+01    1.500487e+01   -1.466408e+00
   3.839717e-01    5.420281e+00    2.773635e-01    5.143000e+00    7.573613e-08   -2.022098e+01    1.320235e+01   -1.384566e+00
   4.134099e-01    4.512834e+00    2.606386e-01    4.252306e+00    2.802023e-07   -1.943161e+01    1.158084e+01   -1.306027e+00
   4.451052e-01    3.744679e+00    2.446047e-01    3.500199e+00    9.403075e-07   -1.864766e+01    1.012558e+01   -1.230725e+00
   4.792304e-01    3.096614e+00    2.292471e-01    2.867496e+00    2.820688e-06   -1.787068e+01    8.822818e+00   -1.158595e+00
   5.159720e-01    2.551753e+00    2.145508e-01    2.337329e+00    7.511009e-06   -1.710222e+01    7.659612e+00   -1.089575e+00
   5.555304e-01    2.095317e+00    2.005014e-01    1.894937e+00    1.793219e-05   -1.634380e+01    6.623928e+00   -1.023604e+00
   5.981217e-01    1.714390e+00    1.870846e-01    1.527416e+00    4.140831e-05   -1.559687e+01    5.704509e+00   -9.606240e-01
   6.439784e-01    1.397711e+00    1.742863e-01    1.223523e+00    8.349292e-05   -1.486282e+01    4.890857e+00   -9.005774e-01
   6.933508e-01    1.135505e+00    1.620926e-01    9.734995e-01    1.596374e-04   -1.414298e+01    4.173215e+00   -8.434104e-01
   7.465085e-01    9.193012e-01    1.504895e-01    7.688865e-01    2.793438e-04   -1.343858e+01    3.542485e+00   -7.890697e-01
   8.037417e-01    7.417945e-01    1.394635e-01    6.023940e-01    4.557388e-04   -1.275078e+01    2.990241e+00   -7.375058e-01
   8.653628e-01    5.968314e-01    1.290113e-01    4.678726e-01    6.979869e-04   -1.208061e+01    2.508656e+00   -6.891832e-01
   9.317083e-01    4.789536e-01    1.191175e-01    3.598787e-01    1.008054e-03   -1.142901e+01    2.090523e+00   -6.438165e-01
   1.003140e+00    3.835038e-01    1.097654e-01    2.737723e-01    1.379986e-03   -1.079681e+01    1.729162e+00   -6.011477e-01
   1.080049e+00    3.065856e-01    1.009434e-01    2.056688e-01    1.801554e-03   -1.018473e+01    1.418430e+00   -5.611499e-01
   1.162854e+00    2.449068e-01    9.264083e-02    1.522864e-01    2.252776e-03   -9.593370e+00    1.152689e+00   -5.238031e-01
   1.252007e+00    1.956935e-01    8.484712e-02    1.108617e-01    2.711816e-03   -9.023239e+00    9.267532e-01   -4.890915e-01
   1.347996e+00    1.566252e-01    7.755270e-02    7.908368e-02    3.156731e-03   -8.474726e+00    7.358861e-01   -4.570057e-01
   1.451344e+00    1.257706e-01    7.074890e-02    5.502961e-02    3.569899e-03   -7.948113e+00    5.757689e-01   -4.275420e-01
   1.562615e+00    1.015334e-01    6.442839e-02    3.711028e-02    3.936569e-03   -7.443567e+00    4.424854e-01   -4.007029e-01
   1.682418e+00    8.260240e-02    5.858541e-02    2.402031e-02    4.250305e-03   -6.961142e+00    3.325009e-01   -3.764948e-01
   1.811405e+00    6.790928e-02    5.321613e-02    1.469503e-02    4.508740e-03   -6.500772e+00    2.426452e-01   -3.549264e-01
   1.950281e+00    5.659087e-02    4.831886e-02    8.272828e-03    4.713341e-03   -6.062273e+00    1.700983e-01   -3.360055e-01
   2.099805e+00    4.795673e-02    4.389390e-02    4.062887e-03    4.870168e-03   -5.645337e+00    1.123804e-01   -3.197348e-01
   2.260793e+00    4.146076e-02    3.994092e-02    1.519382e-03    4.986137e-03   -5.249524e+00    6.733844e-02   -3.061061e-01
   2.434123e+00    3.667805e-02    3.644474e-02    2.325224e-04    5.068716e-03   -4.874258e+00    3.314240e-02   -2.950974e-01
   2.620741e+00    3.328677e-02    3.328580e-02   -1.089334e-20    5.125771e-03   -4.518802e+00    8.293087e-03   -2.866748e-01
   2.821668e+00    3.105457e-02    3.105351e-02   -4.271511e-20    5.167258e-03   -4.182234e+00   -8.363809e-03   -2.808016e-01
   3.037999e+00    2.983204e-02    2.983095e-02   -6.578436e-20    5.234615e-03   -3.863393e+00   -1.759447e-02   -2.774604e-01
   3.270916e+00    2.954359e-02    2.954257e-02   -7.174353e-20    5.503282e-03   -3.560873e+00   -1.978331e-02   -2.766582e-01
   3.521690e+00    3.013872e-02    3.013781e-02   -5.965602e-20    6.319285e-03   -3.273346e+00   -1.526960e-02   -2.783073e-01
   3.791690e+00    3.144844e-02    3.144774e-02   -3.606952e-20    7.809045e-03   -3.000620e+00   -5.403134e-03   -2.818587e-01
   4.082391e+00    3.303649e-02    3.303596e-02   -1.369182e-20    9.431402e-03   -2.744633e+00    6.442330e-03   -2.860301e-01
   4.395378e+00    3.430281e-02    3.430247e-02   -2.104791e-21    1.043035e-02   -2.508519e+00    1.579970e-02   -2.892581e-01
   4.732363e+00    3.481690e-02    3.481673e-02    0.000000e+00    1.055285e-02   -2.294131e+00    1.957783e-02   -2.905451e-01
   5.095182e+00    3.453898e-02    3.453893e-02   -8.341940e-22    1.009712e-02   -2.100557e+00    1.753900e-02   -2.898510e-01
   5.485819e+00    3.373861e-02    3.373862e-02   -6.415739e-21    9.465540e-03   -1.924768e+00    1.164435e-02   -2.878303e-01
   5.906405e+00    3.278440e-02    3.278442e-02   -1.672483e-20    8.916515e-03   -1.763091e+00    4.576329e-03   -2.853773e-01
   6.359236e+00    3.198547e-02    3.198552e-02   -2.767038e-20    8.554784e-03   -1.612314e+00   -1.376011e-03   -2.832853e-01
   6.846784e+00    3.153188e-02    3.153193e-02   -3.470240e-20    8.404135e-03   -1.470138e+00   -4.769713e-03   -2.820815e-01
   7.371712e+00    3.148440e-02    3.148444e-02   -3.547116e-20    8.456814e-03   -1.335290e+00   -5.125807e-03   -2.819547e-01
   7.936886e+00    3.176050e-02    3.176058e-02   -3.108816e-20    8.661300e-03   -1.207647e+00   -3.058302e-03   -2.826897e-01
   8.545389e+00    3.212892e-02    3.212891e-02   -2.556658e-20    8.877225e-03   -1.088260e+00   -3.054611e-04   -2.836636e-01
   9.200545e+00    3.233180e-02    3.233169e-02   -2.269156e-20    8.956138e-03   -9.784187e-01    1.207667e-03   -2.841966e-01
   9.905931e+00    3.229678e-02    3.229675e-02   -2.317956e-20    8.896390e-03   -8.780654e-01    9.463720e-04   -2.841047e-01
   1.066540e+01    3.216804e-02    3.216789e-02   -2.500326e-20    8.812317e-03   -7.855755e-01   -1.381275e-05   -2.837665e-01
   1.148309e+01    3.211966e-02    3.211962e-02   -2.570105e-20    8.791831e-03   -6.991410e-01   -3.748370e-04   -2.836392e-01
   1.236347e+01    3.219012e-02    3.219011e-02   -2.468676e-20    8.834133e-03   -6.180000e-01    1.511129e-04   -2.838246e-01
   1.331135e+01    3.227732e-02    3.227730e-02   -2.345195e-20    8.874463e-03   -5.424752e-01    8.013838e-04   -2.840537e-01
   1.433191e+01    3.229084e-02    3.229082e-02   -2.326254e-20    8.872988e-03   -4.728316e-01    9.021533e-04   -2.840891e-01
   1.543070e+01    3.226167e-02    3.226165e-02   -2.367198e-20    8.857467e-03   -4.084583e-01    6.846757e-04   -2.840126e-01
   1.661374e+01    3.224604e-02    3.224602e-02   -2.389236e-20    8.855042e-03   -3.485833e-01    5.681565e-04   -2.839715e-01
   1.788748e+01    3.222954e-02    3.222953e-02   -2.412569e-20    8.852547e-03   -2.929868e-01    4.451951e-04   -2.839282e-01
   1.925887e+01    3.219215e-02    3.219213e-02   -2.465777e-20    8.839997e-03   -2.415139e-01    1.662616e-04   -2.838299e-01
   2.073541e+01    3.216067e-02    3.216066e-02   -2.510892e-20    8.830328e-03   -1.936822e-01   -6.867441e-05   -2.837472e-01
   2.232515e+01    3.215070e-02    3.215067e-02   -2.525246e-20    8.827871e-03   -1.491127e-01   -1.431150e-04   -2.837209e-01
   2.403677e+01    3.216030e-02    3.216028e-02   -2.511435e-20    8.830691e-03   -1.075762e-01   -7.149123e-05   -2.837462e-01
   2.587961e+01    3.218864e-02    3.218862e-02   -2.470799e-20    8.839587e-03   -6.885251e-02    1.400375e-04   -2.838207e-01
   2.786375e+01    3.221418e-02    3.221418e-02   -2.434366e-20    8.849298e-03   -3.289202e-02    3.307009e-04   -2.838879e-01
   3.000000e+01    3.216988e-02    3.216986e-02   -2.497675e-20    8.841941e-03    0.000000e+00    0.000000e+00   -2.837714e-01
