# All units in [AU] if not specified
{"name":"Al", "Z":13, "Zstar":2.4002848280570523, "A":28,  "μ[AU]": 1.153e-01, "T[AU]": 1.838e-02, "rs[AU]": 3.000e+00 }
	 r[AU]  	 n[AU]  	 nf[AU]  	 nb[AU]     n_ion[AU]    (φ_e+φ_ions)[AU]   φtotal[AU]     δVxc/δρ[Au]  
   2.000000e-02    1.464094e+03    1.297343e+00    1.459195e+03    2.963600e-62   -4.220684e+01    6.073598e+02   -8.526771e+00
   2.321925e-02    1.153594e+03    1.198230e+00    1.149571e+03   -1.650629e-61   -4.194360e+01    5.175033e+02   -7.883894e+00
   2.695668e-02    9.070291e+02    1.105907e+00    9.037137e+02    1.186796e-60   -4.155288e+01    4.402690e+02   -7.284896e+00
   3.129569e-02    7.114632e+02    1.019880e+00    7.087206e+02   -1.715136e-60   -4.104323e+01    3.739161e+02   -6.726589e+00
   3.633312e-02    5.565606e+02    9.396937e-01    5.542827e+02   -6.734594e-59   -4.042180e+01    3.169451e+02   -6.206028e+00
   4.218140e-02    4.340627e+02    8.649292e-01    4.321625e+02   -9.219155e-58   -3.969465e+01    2.680648e+02   -5.720499e+00
   4.897102e-02    3.373712e+02    7.951995e-01    3.357789e+02   -9.721080e-57   -3.886706e+01    2.261627e+02   -5.267501e+00
   5.685351e-02    2.612148e+02    7.301490e-01    2.598742e+02    5.917674e-55   -3.794376e+01    1.902807e+02   -4.844736e+00
   6.600480e-02    2.013833e+02    6.694520e-01    2.002491e+02   -3.251633e-53   -3.692920e+01    1.595928e+02   -4.450097e+00
   7.662909e-02    1.545139e+02    6.128104e-01    1.535497e+02    2.252619e-47   -3.582779e+01    1.333872e+02   -4.081655e+00
   8.896351e-02    1.179218e+02    5.599520e-01    1.170983e+02    2.192617e-40   -3.464409e+01    1.110499e+02   -3.737651e+00
   1.032833e-01    8.946403e+01    5.106295e-01    8.875728e+01    2.444618e-34   -3.338309e+01    9.205098e+01   -3.416486e+00
   1.199080e-01    6.743025e+01    4.646186e-01    6.682122e+01    3.339435e-29   -3.205036e+01    7.593274e+01   -3.116708e+00
   1.392087e-01    5.045681e+01    4.217164e-01    4.992993e+01    8.633254e-25   -3.065222e+01    6.229940e+01   -2.837008e+00
   1.616161e-01    3.745686e+01    3.817401e-01    3.699950e+01    5.011493e-21   -2.919593e+01    5.080827e+01   -2.576205e+00
   1.876302e-01    2.756513e+01    3.445252e-01    2.716703e+01    8.120650e-18   -2.768973e+01    4.116214e+01   -2.333239e+00
   2.178317e-01    2.009379e+01    3.099237e-01    1.974652e+01    4.324419e-15   -2.614296e+01    3.310282e+01   -2.107156e+00
   2.528944e-01    1.449706e+01    2.778025e-01    1.419373e+01    8.769996e-13   -2.456599e+01    2.640553e+01   -1.897101e+00
   2.936009e-01    1.034306e+01    2.480409e-01    1.007794e+01    7.679475e-11   -2.297018e+01    2.087428e+01   -1.702303e+00
   3.408596e-01    7.291184e+00    2.205288e-01    7.059532e+00    3.236767e-09   -2.136773e+01    1.633780e+01   -1.522062e+00
   3.957253e-01    5.074074e+00    1.951641e-01    4.871889e+00    7.216805e-08   -1.977142e+01    1.264632e+01   -1.355731e+00
   4.594222e-01    3.483056e+00    1.718505e-01    3.306943e+00    9.245680e-07   -1.819436e+01    9.668724e+00   -1.202706e+00
   5.333719e-01    2.356433e+00    1.504944e-01    2.203479e+00    7.321802e-06   -1.664956e+01    7.290339e+00   -1.062410e+00
   6.192248e-01    1.570011e+00    1.310027e-01    1.437687e+00    3.825897e-05   -1.514963e+01    5.411031e+00   -9.342716e-01
   7.188968e-01    1.029399e+00    1.132795e-01    9.154859e-01    1.399361e-04   -1.370626e+01    3.943667e+00   -8.177137e-01
   8.346122e-01    6.637610e-01    9.722511e-02    5.662963e-01    3.781524e-04   -1.232996e+01    2.812800e+00   -7.122813e-01
   9.689534e-01    4.209111e-01    8.274912e-02    3.381295e-01    7.935533e-04   -1.102969e+01    1.953514e+00   -6.186446e-01
   1.000000e+00    3.821953e-01    7.993637e-02    3.022521e-01    9.025256e-04   -1.076237e+01    1.804299e+00   -6.005151e-01
   1.124919e+00    2.641100e-01    6.989579e-02    1.942734e-01    1.354075e-03   -9.804355e+00    1.318703e+00   -5.360555e-01
   1.145000e+00    2.499062e-01    6.848732e-02    1.814836e-01    1.425854e-03   -9.663920e+00    1.256458e+00   -5.270541e-01
   1.290000e+00    1.704094e-01    5.933265e-02    1.111657e-01    1.910994e-03   -8.757143e+00    8.870433e-01   -4.688915e-01
   1.305988e+00    1.638944e-01    5.845569e-02    1.055285e-01    1.959833e-03   -8.665964e+00    8.548501e-01   -4.633588e-01
   1.435000e+00    1.210464e-01    5.195098e-02    6.918683e-02    2.313874e-03   -7.992444e+00    6.334559e-01   -4.226074e-01
   1.516203e+00    1.016633e-01    4.843721e-02    5.331454e-02    2.499731e-03   -7.614127e+00    5.265867e-01   -4.008579e-01
   1.580000e+00    8.934487e-02    4.593485e-02    4.349503e-02    2.626674e-03   -7.338609e+00    4.559062e-01   -3.855149e-01
   1.725000e+00    6.783909e-02    4.084978e-02    2.706596e-02    2.859547e-03   -6.776755e+00    3.261435e-01   -3.548160e-01
   1.760255e+00    6.383088e-02    3.976632e-02    2.413886e-02    2.905863e-03   -6.651068e+00    3.008907e-01   -3.483775e-01
   1.870000e+00    5.331152e-02    3.663820e-02    1.674068e-02    3.028364e-03   -6.285846e+00    2.326921e-01   -3.300414e-01
   2.015000e+00    4.304403e-02    3.304568e-02    1.005732e-02    3.148766e-03   -5.855296e+00    1.629835e-01   -3.095565e-01
   2.043590e+00    4.144878e-02    3.242246e-02    9.083662e-03    3.168003e-03   -5.776193e+00    1.518272e-01   -3.060797e-01
   2.160000e+00    3.587650e-02    3.006126e-02    5.866546e-03    3.234436e-03   -5.473110e+00    1.120755e-01   -2.931569e-01
   2.305000e+00    3.070799e-02    2.753592e-02    3.216854e-03    3.298844e-03   -5.132589e+00    7.399132e-02   -2.798638e-01
   2.372532e+00    2.888266e-02    2.653847e-02    2.386167e-03    3.326348e-03   -4.985820e+00    6.022576e-02   -2.747996e-01
   2.450000e+00    2.712006e-02    2.550673e-02    1.652341e-03    3.360394e-03   -4.826026e+00    4.676289e-02   -2.696946e-01
   2.595000e+00    2.454619e-02    2.384415e-02    7.362329e-04    3.453320e-03   -4.549518e+00    2.678262e-02   -2.618094e-01
   2.740000e+00    2.279941e-02    2.256864e-02    2.608328e-04    3.632659e-03   -4.298207e+00    1.298493e-02   -2.561251e-01
   2.754420e+00    2.266959e-02    2.246728e-02    2.319818e-04    3.657518e-03   -4.274402e+00    1.195077e-02   -2.556907e-01
   2.885000e+00    2.170723e-02    2.167669e-02    5.699719e-05    3.966505e-03   -4.068486e+00    4.246328e-03   -2.524155e-01
   3.030000e+00    2.109459e-02    2.111796e-02    2.618266e-25    4.528636e-03   -3.857799e+00   -7.031968e-04   -2.502777e-01
   3.175000e+00    2.086010e-02    2.088069e-02   -8.431612e-22    5.336453e-03   -3.663778e+00   -2.622669e-03   -2.494480e-01
   3.197779e+00    2.085550e-02    2.087575e-02   -8.701361e-22    5.479595e-03   -3.634653e+00   -2.664634e-03   -2.494316e-01
   3.320000e+00    2.091131e-02    2.092931e-02   -5.969415e-22    6.257036e-03   -3.484568e+00   -2.239068e-03   -2.496298e-01
   3.465000e+00    2.113307e-02    2.114828e-02    6.480305e-07    7.221808e-03   -3.318951e+00   -4.803867e-04   -2.504132e-01
   3.610000e+00    2.145742e-02    2.144638e-02    2.484715e-05    8.121499e-03   -3.165674e+00    2.100299e-03   -2.515489e-01
   3.712501e+00    2.171973e-02    2.167537e-02    5.678567e-05    8.679379e-03   -3.064163e+00    4.185607e-03   -2.524587e-01
   3.755000e+00    2.183183e-02    2.177086e-02    7.284178e-05    8.883196e-03   -3.023641e+00    5.075792e-03   -2.528452e-01
   3.900000e+00    2.218482e-02    2.206380e-02    1.311445e-04    9.527120e-03   -2.892126e+00    7.873618e-03   -2.540532e-01
   4.045000e+00    2.249150e-02    2.231004e-02    1.899776e-04    1.001970e-02   -2.770214e+00    1.029685e-02   -2.550920e-01
   4.190000e+00    2.272750e-02    2.249484e-02    2.396891e-04    1.034542e-02   -2.657137e+00    1.215479e-02   -2.558847e-01
   4.310075e+00    2.286406e-02    2.259993e-02    2.700141e-04    1.047746e-02   -2.569631e+00    1.322505e-02   -2.563407e-01
   4.335000e+00    2.288675e-02    2.261725e-02    2.751542e-04    1.048979e-02   -2.552111e+00    1.340235e-02   -2.564163e-01
   4.480000e+00    2.295579e-02    2.266935e-02    2.908511e-04    1.050523e-02   -2.454517e+00    1.393545e-02   -2.566460e-01
   4.625000e+00    2.294745e-02    2.266210e-02    2.886448e-04    1.041587e-02   -2.363621e+00    1.385678e-02   -2.566183e-01
   4.770000e+00    2.287318e-02    2.260418e-02    2.712741e-04    1.025384e-02   -2.278777e+00    1.325680e-02   -2.563711e-01
   4.915000e+00    2.274706e-02    2.250569e-02    2.427520e-04    1.004882e-02   -2.199385e+00    1.224633e-02   -2.559501e-01
   5.003835e+00    2.265469e-02    2.243303e-02    2.225443e-04    9.903965e-03   -2.153167e+00    1.150736e-02   -2.556407e-01
   5.060000e+00    2.259159e-02    2.238310e-02    2.090739e-04    9.809325e-03   -2.124834e+00    1.100272e-02   -2.554289e-01
   5.205000e+00    2.240716e-02    2.223574e-02    1.713190e-04    9.586839e-03   -2.054737e+00    9.528321e-03   -2.548073e-01
   5.350000e+00    2.221344e-02    2.207836e-02    1.343799e-04    9.376942e-03   -1.988595e+00    7.978590e-03   -2.541506e-01
   5.495000e+00    2.202068e-02    2.191883e-02    1.006400e-04    9.189141e-03   -1.926019e+00    6.435050e-03   -2.534932e-01
   5.640000e+00    2.183689e-02    2.176366e-02    7.157925e-05    9.026845e-03   -1.866670e+00    4.961644e-03   -2.528626e-01
   5.785000e+00    2.166797e-02    2.161807e-02    4.789505e-05    8.891268e-03   -1.810252e+00    3.605865e-03   -2.522798e-01
   5.809265e+00    2.164227e-02    2.159563e-02    4.457204e-05    8.870095e-03   -1.801072e+00    3.399413e-03   -2.521908e-01
   5.930000e+00    2.152006e-02    2.148786e-02    2.989756e-05    8.778728e-03   -1.756492e+00    2.417318e-03   -2.517669e-01
   6.075000e+00    2.139190e-02    2.137261e-02    1.674798e-05    8.697205e-03   -1.705198e+00    1.386495e-03   -2.513205e-01
   6.220000e+00    2.128637e-02    2.127564e-02    7.998687e-06    8.639454e-03   -1.656162e+00    5.369266e-04   -2.509515e-01
   6.365000e+00    2.120333e-02    2.119763e-02    2.813182e-06    8.603028e-03   -1.609218e+00   -1.321244e-04   -2.506602e-01
   6.510000e+00    2.114177e-02    2.113842e-02    3.573864e-07    8.585635e-03   -1.564223e+00   -6.283544e-04   -2.504438e-01
   6.655000e+00    2.110003e-02    2.109699e-02   -2.210868e-23    8.584731e-03   -1.521050e+00   -9.649921e-04   -2.502968e-01
   6.744339e+00    2.108404e-02    2.108096e-02   -5.179561e-23    8.588245e-03   -1.495303e+00   -1.094003e-03   -2.502405e-01
   6.800000e+00    2.107742e-02    2.107438e-02   -6.634661e-23    8.592024e-03   -1.479579e+00   -1.147468e-03   -2.502171e-01
   6.945000e+00    2.106896e-02    2.106583e-02   -8.661286e-23    8.613881e-03   -1.439733e+00   -1.215796e-03   -2.501873e-01
   7.090000e+00    2.107345e-02    2.107046e-02   -7.563536e-23    8.643685e-03   -1.401415e+00   -1.179563e-03   -2.502031e-01
   7.235000e+00    2.108823e-02    2.108510e-02   -4.325225e-23    8.678934e-03   -1.364548e+00   -1.060331e-03   -2.502553e-01
   7.380000e+00    2.111067e-02    2.110760e-02   -7.645157e-24    8.717137e-03   -1.329064e+00   -8.793848e-04   -2.503343e-01
   7.525000e+00    2.113825e-02    2.113496e-02    2.702281e-07    8.756376e-03   -1.294898e+00   -6.569346e-04   -2.504314e-01
   7.670000e+00    2.116865e-02    2.116446e-02    1.239642e-06    8.794977e-03   -1.261994e+00   -4.116648e-04   -2.505384e-01
   7.815000e+00    2.119979e-02    2.119429e-02    2.635079e-06    8.831135e-03   -1.230295e+00   -1.603980e-04   -2.506478e-01
   7.829924e+00    2.120307e-02    2.119741e-02    2.801225e-06    8.834405e-03   -1.227098e+00   -1.339376e-04   -2.506594e-01
   7.960000e+00    2.123018e-02    2.122309e-02    4.297083e-06    8.862252e-03   -1.199748e+00    8.479943e-05   -2.507545e-01
   8.105000e+00    2.125784e-02    2.124911e-02    6.029132e-06    8.889342e-03   -1.170307e+00    3.081617e-04   -2.508515e-01
   8.250000e+00    2.128198e-02    2.127168e-02    7.692449e-06    8.910853e-03   -1.141921e+00    5.031454e-04   -2.509361e-01
   8.395000e+00    2.130183e-02    2.129016e-02    9.159251e-06    8.926371e-03   -1.114544e+00    6.637205e-04   -2.510056e-01
   8.540000e+00    2.131699e-02    2.130424e-02    1.033728e-05    8.936003e-03   -1.088128e+00    7.866434e-04   -2.510587e-01
   8.685000e+00    2.132737e-02    2.131389e-02    1.117330e-05    8.940114e-03   -1.062629e+00    8.711846e-04   -2.510950e-01
   8.830000e+00    2.133314e-02    2.131929e-02    1.165185e-05    8.939545e-03   -1.038002e+00    9.187945e-04   -2.511152e-01
   8.975000e+00    2.133470e-02    2.132082e-02    1.178872e-05    8.934995e-03   -1.014202e+00    9.325586e-04   -2.511207e-01
   9.090248e+00    2.133354e-02    2.131984e-02    1.170038e-05    8.928434e-03   -9.958464e-01    9.242163e-04   -2.511166e-01
   9.120000e+00    2.133301e-02    2.131937e-02    1.165855e-05    8.926384e-03   -9.911851e-01    9.201945e-04   -2.511147e-01
   9.265000e+00    2.132796e-02    2.131482e-02    1.125552e-05    8.916202e-03   -9.689159e-01    8.808341e-04   -2.510971e-01
   9.410000e+00    2.132068e-02    2.130822e-02    1.067944e-05    8.905709e-03   -9.473521e-01    8.235806e-04   -2.510716e-01
   9.555000e+00    2.131181e-02    2.130015e-02    9.990013e-06    8.894261e-03   -9.264573e-01    7.536128e-04   -2.510406e-01
   9.700000e+00    2.130201e-02    2.129121e-02    9.244925e-06    8.883034e-03   -9.061967e-01    6.761254e-04   -2.510063e-01
   9.845000e+00    2.129186e-02    2.128191e-02    8.492939e-06    8.872362e-03   -8.865381e-01    5.957707e-04   -2.509707e-01
   9.990000e+00    2.128185e-02    2.127273e-02    7.773289e-06    8.862804e-03   -8.674513e-01    5.166224e-04   -2.509357e-01
   1.013500e+01    2.127242e-02    2.126405e-02    7.114196e-06    8.854593e-03   -8.489085e-01    4.419826e-04   -2.509026e-01
   1.028000e+01    2.126386e-02    2.125617e-02    6.533882e-06    8.847813e-03   -8.308837e-01    3.743674e-04   -2.508726e-01
   1.042500e+01    2.125640e-02    2.124930e-02    6.042421e-06    8.842632e-03   -8.133535e-01    3.155625e-04   -2.508465e-01
   1.055344e+01    2.125089e-02    2.124424e-02    5.688987e-06    8.838889e-03   -7.982205e-01    2.723256e-04   -2.508272e-01
   1.057000e+01    2.125030e-02    2.124369e-02    5.650984e-06    8.838450e-03   -7.962950e-01    2.676294e-04   -2.508251e-01
   1.071500e+01    2.124539e-02    2.123918e-02    5.343608e-06    8.836195e-03   -7.796898e-01    2.292706e-04   -2.508079e-01
   1.086000e+01    2.124178e-02    2.123589e-02    5.122673e-06    8.832552e-03   -7.635187e-01    2.013238e-04   -2.507952e-01
   1.100500e+01    2.123960e-02    2.123393e-02    4.992900e-06    8.835446e-03   -7.477631e-01    1.848423e-04   -2.507876e-01
   1.115000e+01    2.123852e-02    2.123299e-02    4.931447e-06    8.836700e-03   -7.324088e-01    1.771407e-04   -2.507838e-01
   1.129500e+01    2.123838e-02    2.123293e-02    4.927549e-06    8.838498e-03   -7.174415e-01    1.769223e-04   -2.507833e-01
   1.144000e+01    2.123900e-02    2.123359e-02    4.970744e-06    8.840799e-03   -7.028475e-01    1.828315e-04   -2.507854e-01
   1.158500e+01    2.124021e-02    2.123480e-02    5.050380e-06    8.843433e-03   -6.886139e-01    1.934369e-04   -2.507897e-01
   1.173000e+01    2.124182e-02    2.123638e-02    5.155762e-06    8.846193e-03   -6.747288e-01    2.072902e-04   -2.507954e-01
   1.187500e+01    2.124368e-02    2.123819e-02    5.276569e-06    8.848949e-03   -6.611805e-01    2.230092e-04   -2.508019e-01
   1.202000e+01    2.124561e-02    2.124006e-02    5.402988e-06    8.851521e-03   -6.479581e-01    2.393102e-04   -2.508086e-01
   1.216500e+01    2.124748e-02    2.124187e-02    5.526234e-06    8.853805e-03   -6.350511e-01    2.550767e-04   -2.508152e-01
   1.225214e+01    2.124860e-02    2.124296e-02    5.600694e-06    8.854732e-03   -6.274408e-01    2.645392e-04   -2.508191e-01
   1.231000e+01    2.124933e-02    2.124365e-02    5.648656e-06    8.855238e-03   -6.224480e-01    2.706127e-04   -2.508217e-01
   1.245500e+01    2.125080e-02    2.124508e-02    5.747360e-06    8.856734e-03   -6.101411e-01    2.830894e-04   -2.508268e-01
   1.260000e+01    2.125198e-02    2.124624e-02    5.827692e-06    8.857813e-03   -5.981195e-01    2.932186e-04   -2.508310e-01
   1.274500e+01    2.125283e-02    2.124709e-02    5.886856e-06    8.858467e-03   -5.863738e-01    3.006888e-04   -2.508340e-01
   1.289000e+01    2.125335e-02    2.124761e-02    5.923616e-06    8.858720e-03   -5.748950e-01    3.053754e-04   -2.508358e-01
   1.303500e+01    2.125352e-02    2.124782e-02    5.938146e-06    8.858614e-03   -5.636743e-01    3.073171e-04   -2.508364e-01
   1.318000e+01    2.125338e-02    2.124773e-02    5.931810e-06    8.858199e-03   -5.527029e-01    3.066881e-04   -2.508359e-01
   1.332500e+01    2.125296e-02    2.124737e-02    5.906904e-06    8.857538e-03   -5.419727e-01    3.037682e-04   -2.508344e-01
   1.347000e+01    2.125231e-02    2.124679e-02    5.866376e-06    8.856694e-03   -5.314754e-01    2.989113e-04   -2.508321e-01
   1.361500e+01    2.125146e-02    2.124604e-02    5.813556e-06    8.855729e-03   -5.212034e-01    2.925156e-04   -2.508292e-01
   1.376000e+01    2.125048e-02    2.124515e-02    5.751902e-06    8.854707e-03   -5.111491e-01    2.849964e-04   -2.508257e-01
   1.390500e+01    2.124942e-02    2.124418e-02    5.684778e-06    8.853674e-03   -5.013054e-01    2.767606e-04   -2.508220e-01
   1.405000e+01    2.124831e-02    2.124317e-02    5.615311e-06    8.852687e-03   -4.916654e-01    2.681907e-04   -2.508181e-01
   1.419500e+01    2.124721e-02    2.124216e-02    5.546207e-06    8.851747e-03   -4.822225e-01    2.596224e-04   -2.508143e-01
   1.422428e+01    2.124702e-02    2.124198e-02    5.534090e-06    8.851493e-03   -4.803388e-01    2.581175e-04   -2.508136e-01
   1.434000e+01    2.124621e-02    2.124125e-02    5.483921e-06    8.850776e-03   -4.729699e-01    2.518691e-04   -2.508108e-01
   1.448500e+01    2.124524e-02    2.124036e-02    5.423180e-06    8.850102e-03   -4.639025e-01    2.442744e-04   -2.508073e-01
   1.463000e+01    2.124437e-02    2.123956e-02    5.369001e-06    8.849557e-03   -4.550143e-01    2.374765e-04   -2.508043e-01
   1.477500e+01    2.124361e-02    2.123886e-02    5.322082e-06    8.849145e-03   -4.462997e-01    2.315724e-04   -2.508016e-01
   1.492000e+01    2.124297e-02    2.123828e-02    5.282686e-06    8.848860e-03   -4.377537e-01    2.266040e-04   -2.507994e-01
   1.506500e+01    2.124245e-02    2.123780e-02    5.250703e-06    8.848693e-03   -4.293714e-01    2.225644e-04   -2.507976e-01
   1.521000e+01    2.124204e-02    2.123743e-02    5.225697e-06    8.848633e-03   -4.211481e-01    2.194036e-04   -2.507961e-01
   1.535500e+01    2.124174e-02    2.123715e-02    5.206956e-06    8.848658e-03   -4.130794e-01    2.170351e-04   -2.507951e-01
   1.550000e+01    2.124152e-02    2.123695e-02    5.193589e-06    8.848733e-03   -4.051610e-01    2.153474e-04   -2.507943e-01
   1.564500e+01    2.124137e-02    2.123681e-02    5.184661e-06    8.848895e-03   -3.973888e-01    2.142227e-04   -2.507938e-01
   1.579000e+01    2.124127e-02    2.123673e-02    5.178986e-06    8.848932e-03   -3.897590e-01    2.135099e-04   -2.507934e-01
   1.593500e+01    2.124122e-02    2.123669e-02    5.176124e-06    8.849109e-03   -3.822678e-01    2.131532e-04   -2.507933e-01
   1.608000e+01    2.124121e-02    2.123667e-02    5.175053e-06    8.849252e-03   -3.749114e-01    2.130220e-04   -2.507932e-01
   1.622500e+01    2.124120e-02    2.123667e-02    5.174999e-06    8.849431e-03   -3.676863e-01    2.130169e-04   -2.507932e-01
   1.637000e+01    2.124121e-02    2.123667e-02    5.175066e-06    8.849586e-03   -3.605893e-01    2.130231e-04   -2.507932e-01
   1.651386e+01    2.124120e-02    2.123666e-02    5.174567e-06    8.849697e-03   -3.536714e-01    2.129528e-04   -2.507932e-01
   1.651500e+01    2.124120e-02    2.123666e-02    5.174590e-06    8.849698e-03   -3.536169e-01    2.129558e-04   -2.507932e-01
   1.666000e+01    2.124117e-02    2.123664e-02    5.172832e-06    8.849768e-03   -3.467661e-01    2.127200e-04   -2.507931e-01
   1.680500e+01    2.124113e-02    2.123659e-02    5.169512e-06    8.849805e-03   -3.400337e-01    2.122800e-04   -2.507929e-01
   1.695000e+01    2.124105e-02    2.123651e-02    5.164374e-06    8.849802e-03   -3.334167e-01    2.116031e-04   -2.507926e-01
   1.709500e+01    2.124094e-02    2.123641e-02    5.157304e-06    8.849773e-03   -3.269123e-01    2.106746e-04   -2.507923e-01
   1.724000e+01    2.124080e-02    2.123627e-02    5.148262e-06    8.849697e-03   -3.205175e-01    2.094890e-04   -2.507918e-01
   1.738500e+01    2.124064e-02    2.123611e-02    5.137370e-06    8.849593e-03   -3.142297e-01    2.080618e-04   -2.507912e-01
   1.753000e+01    2.124044e-02    2.123592e-02    5.124827e-06    8.849460e-03   -3.080461e-01    2.064186e-04   -2.507905e-01
   1.767500e+01    2.124023e-02    2.123571e-02    5.110922e-06    8.849310e-03   -3.019642e-01    2.045959e-04   -2.507898e-01
   1.782000e+01    2.124000e-02    2.123548e-02    5.095976e-06    8.849141e-03   -2.959814e-01    2.026351e-04   -2.507890e-01
   1.796500e+01    2.123976e-02    2.123525e-02    5.080359e-06    8.848957e-03   -2.900954e-01    2.005836e-04   -2.507881e-01
   1.811000e+01    2.123951e-02    2.123501e-02    5.064489e-06    8.848790e-03   -2.843036e-01    1.984956e-04   -2.507873e-01
   1.825500e+01    2.123927e-02    2.123477e-02    5.048684e-06    8.848628e-03   -2.786039e-01    1.964120e-04   -2.507864e-01
   1.840000e+01    2.123903e-02    2.123454e-02    5.033236e-06    8.848474e-03   -2.729940e-01    1.943710e-04   -2.507856e-01
   1.854500e+01    2.123880e-02    2.123431e-02    5.018398e-06    8.848325e-03   -2.674718e-01    1.924057e-04   -2.507848e-01
   1.869000e+01    2.123859e-02    2.123410e-02    5.004421e-06    8.848206e-03   -2.620352e-01    1.905490e-04   -2.507840e-01
   1.883500e+01    2.123839e-02    2.123390e-02    4.991434e-06    8.848100e-03   -2.566823e-01    1.888182e-04   -2.507833e-01
   1.898000e+01    2.123821e-02    2.123372e-02    4.979532e-06    8.848134e-03   -2.514109e-01    1.872259e-04   -2.507827e-01
   1.912500e+01    2.123804e-02    2.123355e-02    4.968168e-06    8.848061e-03   -2.462195e-01    1.857016e-04   -2.507821e-01
   1.917197e+01    2.123800e-02    2.123351e-02    4.965261e-06    8.848004e-03   -2.445547e-01    1.853082e-04   -2.507819e-01
   1.927000e+01    2.123791e-02    2.123341e-02    4.958893e-06    8.847920e-03   -2.411060e-01    1.844471e-04   -2.507816e-01
   1.941500e+01    2.123776e-02    2.123326e-02    4.949043e-06    8.847869e-03   -2.360689e-01    1.831166e-04   -2.507811e-01
   1.956000e+01    2.123763e-02    2.123312e-02    4.940056e-06    8.847833e-03   -2.311064e-01    1.818970e-04   -2.507806e-01
   1.970500e+01    2.123751e-02    2.123300e-02    4.931824e-06    8.847807e-03   -2.262169e-01    1.807749e-04   -2.507802e-01
   1.985000e+01    2.123740e-02    2.123288e-02    4.924221e-06    8.847785e-03   -2.213988e-01    1.797336e-04   -2.507798e-01
   1.999500e+01    2.123730e-02    2.123277e-02    4.917122e-06    8.847768e-03   -2.166504e-01    1.787574e-04   -2.507795e-01
   2.014000e+01    2.123720e-02    2.123267e-02    4.910396e-06    8.847757e-03   -2.119705e-01    1.778293e-04   -2.507791e-01
   2.028500e+01    2.123711e-02    2.123257e-02    4.903896e-06    8.847743e-03   -2.073574e-01    1.769301e-04   -2.507788e-01
   2.043000e+01    2.123702e-02    2.123247e-02    4.897504e-06    8.847726e-03   -2.028098e-01    1.760445e-04   -2.507785e-01
   2.057500e+01    2.123693e-02    2.123238e-02    4.891117e-06    8.847707e-03   -1.983263e-01    1.751593e-04   -2.507782e-01
   2.072000e+01    2.123684e-02    2.123228e-02    4.884649e-06    8.847675e-03   -1.939055e-01    1.742630e-04   -2.507779e-01
   2.086500e+01    2.123675e-02    2.123218e-02    4.878067e-06    8.847676e-03   -1.895463e-01    1.733517e-04   -2.507775e-01
   2.101000e+01    2.123665e-02    2.123207e-02    4.871185e-06    8.847628e-03   -1.852472e-01    1.724007e-04   -2.507772e-01
   2.115500e+01    2.123655e-02    2.123196e-02    4.864037e-06    8.847588e-03   -1.810072e-01    1.714146e-04   -2.507768e-01
   2.130000e+01    2.123644e-02    2.123185e-02    4.856616e-06    8.847541e-03   -1.768249e-01    1.703926e-04   -2.507765e-01
   2.144500e+01    2.123633e-02    2.123173e-02    4.848934e-06    8.847492e-03   -1.726992e-01    1.693362e-04   -2.507761e-01
   2.159000e+01    2.123621e-02    2.123161e-02    4.841007e-06    8.847443e-03   -1.686290e-01    1.682475e-04   -2.507757e-01
   2.173500e+01    2.123609e-02    2.123148e-02    4.832845e-06    8.847381e-03   -1.646132e-01    1.671276e-04   -2.507753e-01
   2.188000e+01    2.123597e-02    2.123136e-02    4.824509e-06    8.847327e-03   -1.606506e-01    1.659848e-04   -2.507748e-01
   2.202500e+01    2.123584e-02    2.123123e-02    4.816013e-06    8.847262e-03   -1.567402e-01    1.648208e-04   -2.507744e-01
   2.217000e+01    2.123572e-02    2.123109e-02    4.807419e-06    8.847195e-03   -1.528810e-01    1.636439e-04   -2.507739e-01
   2.225794e+01    2.123565e-02    2.123102e-02    4.802670e-06    8.847127e-03   -1.505650e-01    1.629909e-04   -2.507737e-01
   2.231500e+01    2.123560e-02    2.123097e-02    4.799719e-06    8.847084e-03   -1.490719e-01    1.625843e-04   -2.507735e-01
   2.246000e+01    2.123548e-02    2.123085e-02    4.791382e-06    8.847019e-03   -1.453120e-01    1.614412e-04   -2.507731e-01
   2.260500e+01    2.123536e-02    2.123072e-02    4.783379e-06    8.846921e-03   -1.416003e-01    1.603420e-04   -2.507727e-01
   2.275000e+01    2.123525e-02    2.123061e-02    4.775937e-06    8.846866e-03   -1.379359e-01    1.593168e-04   -2.507723e-01
   2.289500e+01    2.123515e-02    2.123050e-02    4.769091e-06    8.846808e-03   -1.343179e-01    1.583706e-04   -2.507720e-01
   2.304000e+01    2.123506e-02    2.123041e-02    4.762913e-06    8.846768e-03   -1.307453e-01    1.575128e-04   -2.507716e-01
   2.318500e+01    2.123498e-02    2.123032e-02    4.757404e-06    8.846736e-03   -1.272173e-01    1.567438e-04   -2.507714e-01
   2.333000e+01    2.123491e-02    2.123025e-02    4.752553e-06    8.846710e-03   -1.237331e-01    1.560620e-04   -2.507711e-01
   2.347500e+01    2.123486e-02    2.123018e-02    4.748339e-06    8.846697e-03   -1.202918e-01    1.554652e-04   -2.507709e-01
   2.362000e+01    2.123481e-02    2.123013e-02    4.744702e-06    8.846693e-03   -1.168928e-01    1.549452e-04   -2.507708e-01
   2.376500e+01    2.123477e-02    2.123008e-02    4.741556e-06    8.846698e-03   -1.135351e-01    1.544909e-04   -2.507706e-01
   2.391000e+01    2.123473e-02    2.123004e-02    4.738790e-06    8.846710e-03   -1.102181e-01    1.540875e-04   -2.507705e-01
   2.405500e+01    2.123470e-02    2.123000e-02    4.736271e-06    8.846729e-03   -1.069411e-01    1.537176e-04   -2.507704e-01
   2.420000e+01    2.123467e-02    2.122996e-02    4.733847e-06    8.846748e-03   -1.037034e-01    1.533609e-04   -2.507703e-01
   2.434500e+01    2.123464e-02    2.122992e-02    4.731364e-06    8.846772e-03   -1.005042e-01    1.529973e-04   -2.507702e-01
   2.449000e+01    2.123461e-02    2.122988e-02    4.728646e-06    8.846789e-03   -9.734297e-02    1.526035e-04   -2.507700e-01
   2.463500e+01    2.123457e-02    2.122983e-02    4.725549e-06    8.846811e-03   -9.421899e-02    1.521603e-04   -2.507699e-01
   2.478000e+01    2.123451e-02    2.122977e-02    4.721889e-06    8.846834e-03   -9.113165e-02    1.516433e-04   -2.507697e-01
   2.492500e+01    2.123445e-02    2.122971e-02    4.717462e-06    8.846838e-03   -8.808034e-02    1.510256e-04   -2.507695e-01
   2.507000e+01    2.123437e-02    2.122962e-02    4.712133e-06    8.846828e-03   -8.506444e-02    1.502891e-04   -2.507692e-01
   2.521500e+01    2.123428e-02    2.122952e-02    4.705803e-06    8.846802e-03   -8.208338e-02    1.494204e-04   -2.507689e-01
   2.536000e+01    2.123416e-02    2.122941e-02    4.698417e-06    8.846757e-03   -7.913655e-02    1.484124e-04   -2.507685e-01
   2.550500e+01    2.123403e-02    2.122928e-02    4.689981e-06    8.846692e-03   -7.622338e-02    1.472654e-04   -2.507680e-01
   2.565000e+01    2.123388e-02    2.122913e-02    4.680557e-06    8.846607e-03   -7.334329e-02    1.459874e-04   -2.507675e-01
   2.579500e+01    2.123372e-02    2.122897e-02    4.670268e-06    8.846502e-03   -7.049571e-02    1.445946e-04   -2.507669e-01
   2.584063e+01    2.123367e-02    2.122892e-02    4.667080e-06    8.846459e-03   -6.960625e-02    1.441629e-04   -2.507668e-01
   2.594000e+01    2.123355e-02    2.122881e-02    4.659770e-06    8.846364e-03   -6.768001e-02    1.431740e-04   -2.507664e-01
   2.608500e+01    2.123337e-02    2.122863e-02    4.648463e-06    8.846236e-03   -6.489573e-02    1.416455e-04   -2.507657e-01
   2.623000e+01    2.123319e-02    2.122846e-02    4.637065e-06    8.846104e-03   -6.214227e-02    1.401047e-04   -2.507651e-01
   2.637500e+01    2.123301e-02    2.122828e-02    4.625844e-06    8.845967e-03   -5.941907e-02    1.385872e-04   -2.507645e-01
   2.652000e+01    2.123284e-02    2.122812e-02    4.615090e-06    8.845870e-03   -5.672561e-02    1.371318e-04   -2.507638e-01
   2.666500e+01    2.123268e-02    2.122796e-02    4.604913e-06    8.845768e-03   -5.406138e-02    1.357533e-04   -2.507633e-01
   2.681000e+01    2.123253e-02    2.122781e-02    4.595470e-06    8.845684e-03   -5.142589e-02    1.344728e-04   -2.507627e-01
   2.695500e+01    2.123239e-02    2.122767e-02    4.586847e-06    8.845625e-03   -4.881865e-02    1.333021e-04   -2.507623e-01
   2.710000e+01    2.123226e-02    2.122755e-02    4.579042e-06    8.845594e-03   -4.623922e-02    1.322413e-04   -2.507618e-01
   2.724500e+01    2.123215e-02    2.122744e-02    4.571944e-06    8.845589e-03   -4.368716e-02    1.312755e-04   -2.507614e-01
   2.739000e+01    2.123204e-02    2.122734e-02    4.565343e-06    8.845613e-03   -4.116207e-02    1.303769e-04   -2.507611e-01
   2.753500e+01    2.123194e-02    2.122724e-02    4.558914e-06    8.845661e-03   -3.866355e-02    1.295022e-04   -2.507607e-01
   2.768000e+01    2.123183e-02    2.122713e-02    4.552224e-06    8.845696e-03   -3.619125e-02    1.285934e-04   -2.507603e-01
   2.782500e+01    2.123171e-02    2.122702e-02    4.544901e-06    8.845788e-03   -3.374482e-02    1.276006e-04   -2.507599e-01
   2.797000e+01    2.123157e-02    2.122688e-02    4.536283e-06    8.845891e-03   -3.132393e-02    1.264350e-04   -2.507594e-01
   2.811500e+01    2.123140e-02    2.122671e-02    4.525629e-06    8.845607e-03   -2.892830e-02    1.249968e-04   -2.507588e-01
   2.826000e+01    2.123120e-02    2.122653e-02    4.513952e-06    8.845826e-03   -2.655740e-02    1.234217e-04   -2.507581e-01
   2.840500e+01    2.123097e-02    2.122631e-02    4.499857e-06    8.846294e-03   -2.421105e-02    1.215219e-04   -2.507573e-01
   2.855000e+01    2.123065e-02    2.122601e-02    4.480728e-06    8.846469e-03   -2.188923e-02    1.189438e-04   -2.507562e-01
   2.869500e+01    2.123022e-02    2.122561e-02    4.455190e-06    8.846620e-03   -1.959177e-02    1.154994e-04   -2.507547e-01
   2.884000e+01    2.122966e-02    2.122508e-02    4.421809e-06    8.846782e-03   -1.731851e-02    1.109898e-04   -2.507527e-01
   2.898500e+01    2.122894e-02    2.122440e-02    4.378881e-06    8.846901e-03   -1.506934e-02    1.051758e-04   -2.507501e-01
   2.913000e+01    2.122802e-02    2.122353e-02    4.324640e-06    8.847053e-03   -1.284418e-02    9.780409e-05   -2.507469e-01
   2.927500e+01    2.122686e-02    2.122245e-02    4.256876e-06    8.847189e-03   -1.064302e-02    8.855239e-05   -2.507429e-01
   2.942000e+01    2.122542e-02    2.122110e-02    4.173113e-06    8.847314e-03   -8.465892e-03    7.704930e-05   -2.507378e-01
   2.956500e+01    2.122365e-02    2.121943e-02    4.070549e-06    8.847416e-03   -6.312922e-03    6.285979e-05   -2.507316e-01
   2.971000e+01    2.122148e-02    2.121739e-02    3.946082e-06    8.846437e-03   -4.184297e-03    4.547931e-05   -2.507240e-01
   2.985500e+01    2.121892e-02    2.121499e-02    3.800974e-06    8.847600e-03   -2.079631e-03    2.498528e-05   -2.507150e-01
   3.000000e+01    2.121580e-02    2.121205e-02    3.626535e-06    8.841941e-03    0.000000e+00    0.000000e+00   -2.507041e-01
