# All units in [AU] if not specified
{"name":"Al", "Z":13, "Zstar":2.732605499743417, "A":28,  "μ[AU]": -2.090e-01, "T[AU]": 3.675e-01, "rs[AU]": 3.000e+00 }
	 r[AU]  	 n[AU]  	 nf[AU]  	 nb[AU]     n_ion[AU]    (φ_e+φ_ions)[AU]   φtotal[AU]     δVxc/δρ[Au]  
    1.00000e-03     1.41175e+05     4.57274e+00     1.41354e+05     0.00000e+00    -5.26482e+01     1.29469e+04    -3.86429e+01
    1.02617e-03     1.35794e+05     4.51390e+00     1.35967e+05     0.00000e+00    -5.26379e+01     1.26154e+04    -3.81477e+01
    1.05303e-03     1.30618e+05     4.45580e+00     1.30784e+05     0.00000e+00    -5.26266e+01     1.22922e+04    -3.76587e+01
    1.08059e-03     1.25639e+05     4.39846e+00     1.25799e+05     0.00000e+00    -5.26145e+01     1.19774e+04    -3.71760e+01
    1.10888e-03     1.20850e+05     4.34184e+00     1.21003e+05     0.00000e+00    -5.26014e+01     1.16705e+04    -3.66994e+01
    1.13790e-03     1.16242e+05     4.28595e+00     1.16390e+05     0.00000e+00    -5.25875e+01     1.13715e+04    -3.62290e+01
    1.16768e-03     1.11810e+05     4.23077e+00     1.11952e+05     0.00000e+00    -5.25726e+01     1.10801e+04    -3.57645e+01
    1.19825e-03     1.07547e+05     4.17630e+00     1.07683e+05     0.00000e+00    -5.25569e+01     1.07962e+04    -3.53060e+01
    1.22961e-03     1.03445e+05     4.12252e+00     1.03576e+05     0.00000e+00    -5.25403e+01     1.05195e+04    -3.48533e+01
    1.26179e-03     9.94998e+04     4.06943e+00     9.96260e+04     0.00000e+00    -5.25228e+01     1.02499e+04    -3.44064e+01
    1.29482e-03     9.57045e+04     4.01702e+00     9.58259e+04     0.00000e+00    -5.25044e+01     9.98709e+03    -3.39652e+01
    1.32871e-03     9.20536e+04     3.96528e+00     9.21703e+04     0.00000e+00    -5.24852e+01     9.73103e+03    -3.35297e+01
    1.36348e-03     8.85416e+04     3.91420e+00     8.86538e+04     0.00000e+00    -5.24652e+01     9.48150e+03    -3.30997e+01
    1.39917e-03     8.51632e+04     3.86377e+00     8.52711e+04     0.00000e+00    -5.24443e+01     9.23833e+03    -3.26752e+01
    1.43579e-03     8.19133e+04     3.81398e+00     8.20171e+04     0.00000e+00    -5.24225e+01     9.00137e+03    -3.22561e+01
    1.47337e-03     7.87871e+04     3.76483e+00     7.88869e+04     0.00000e+00    -5.23999e+01     8.77046e+03    -3.18423e+01
    1.51194e-03     7.57798e+04     3.71631e+00     7.58757e+04     0.00000e+00    -5.23764e+01     8.54543e+03    -3.14338e+01
    1.55151e-03     7.28869e+04     3.66841e+00     7.29792e+04     0.00000e+00    -5.23521e+01     8.32615e+03    -3.10306e+01
    1.59212e-03     7.01042e+04     3.62112e+00     7.01929e+04     0.00000e+00    -5.23270e+01     8.11246e+03    -3.06324e+01
    1.63379e-03     6.74273e+04     3.57443e+00     6.75126e+04     0.00000e+00    -5.23011e+01     7.90422e+03    -3.02394e+01
    1.67655e-03     6.48523e+04     3.52834e+00     6.49343e+04     0.00000e+00    -5.22743e+01     7.70130e+03    -2.98514e+01
    1.72043e-03     6.23752e+04     3.48284e+00     6.24541e+04     0.00000e+00    -5.22467e+01     7.50355e+03    -2.94683e+01
    1.76546e-03     5.99925e+04     3.43791e+00     6.00683e+04     0.00000e+00    -5.22183e+01     7.31085e+03    -2.90900e+01
    1.81167e-03     5.77004e+04     3.39356e+00     5.77734e+04     0.00000e+00    -5.21890e+01     7.12307e+03    -2.87167e+01
    1.85909e-03     5.54956e+04     3.34978e+00     5.55658e+04     0.00000e+00    -5.21589e+01     6.94007e+03    -2.83480e+01
    1.90775e-03     5.33747e+04     3.30655e+00     5.34422e+04     0.00000e+00    -5.21280e+01     6.76175e+03    -2.79841e+01
    1.95768e-03     5.13346e+04     3.26388e+00     5.13994e+04     0.00000e+00    -5.20963e+01     6.58798e+03    -2.76248e+01
    2.00892e-03     4.93721e+04     3.22175e+00     4.94344e+04     0.00000e+00    -5.20638e+01     6.41863e+03    -2.72700e+01
    2.06150e-03     4.74843e+04     3.18015e+00     4.75442e+04     0.00000e+00    -5.20304e+01     6.25362e+03    -2.69198e+01
    2.11546e-03     4.56684e+04     3.13909e+00     4.57260e+04     0.00000e+00    -5.19962e+01     6.09281e+03    -2.65741e+01
    2.17083e-03     4.39216e+04     3.09855e+00     4.39770e+04     0.00000e+00    -5.19612e+01     5.93610e+03    -2.62327e+01
    2.22765e-03     4.22414e+04     3.05852e+00     4.22946e+04     0.00000e+00    -5.19254e+01     5.78339e+03    -2.58957e+01
    2.28595e-03     4.06251e+04     3.01901e+00     4.06763e+04     0.00000e+00    -5.18888e+01     5.63458e+03    -2.55629e+01
    2.34579e-03     3.90704e+04     2.97999e+00     3.91196e+04     0.00000e+00    -5.18513e+01     5.48957e+03    -2.52344e+01
    2.40718e-03     3.75748e+04     2.94148e+00     3.76222e+04     0.00000e+00    -5.18130e+01     5.34826e+03    -2.49101e+01
    2.47019e-03     3.61363e+04     2.90345e+00     3.61818e+04     0.00000e+00    -5.17739e+01     5.21055e+03    -2.45899e+01
    2.53484e-03     3.47525e+04     2.86591e+00     3.47963e+04     0.00000e+00    -5.17340e+01     5.07636e+03    -2.42738e+01
    2.60119e-03     3.34215e+04     2.82885e+00     3.34635e+04     0.00000e+00    -5.16932e+01     4.94559e+03    -2.39617e+01
    2.66927e-03     3.21411e+04     2.79226e+00     3.21816e+04     0.00000e+00    -5.16516e+01     4.81816e+03    -2.36535e+01
    2.73913e-03     3.09096e+04     2.75613e+00     3.09484e+04     0.00000e+00    -5.16091e+01     4.69398e+03    -2.33493e+01
    2.81083e-03     2.97249e+04     2.72046e+00     2.97623e+04     0.00000e+00    -5.15658e+01     4.57297e+03    -2.30489e+01
    2.88440e-03     2.85854e+04     2.68525e+00     2.86213e+04     0.00000e+00    -5.15217e+01     4.45505e+03    -2.27524e+01
    2.95989e-03     2.74893e+04     2.65048e+00     2.75239e+04     0.00000e+00    -5.14767e+01     4.34014e+03    -2.24596e+01
    3.03736e-03     2.64350e+04     2.61616e+00     2.64661e+04     0.00000e+00    -5.14309e+01     4.22816e+03    -2.21705e+01
    3.11686e-03     2.54209e+04     2.58227e+00     2.54507e+04     0.00000e+00    -5.13843e+01     4.11904e+03    -2.18851e+01
    3.19844e-03     2.44455e+04     2.54881e+00     2.44740e+04     0.00000e+00    -5.13367e+01     4.01271e+03    -2.16033e+01
    3.28216e-03     2.35072e+04     2.51578e+00     2.35345e+04     0.00000e+00    -5.12884e+01     3.90909e+03    -2.13250e+01
    3.36806e-03     2.26047e+04     2.48316e+00     2.26309e+04     0.00000e+00    -5.12391e+01     3.80811e+03    -2.10503e+01
    3.45622e-03     2.17366e+04     2.45096e+00     2.17617e+04     0.00000e+00    -5.11890e+01     3.70972e+03    -2.07791e+01
    3.54668e-03     2.09016e+04     2.41917e+00     2.09257e+04     0.00000e+00    -5.11380e+01     3.61383e+03    -2.05114e+01
    3.63951e-03     2.00984e+04     2.38779e+00     2.01216e+04     0.00000e+00    -5.10862e+01     3.52039e+03    -2.02470e+01
    3.73477e-03     1.93259e+04     2.35680e+00     1.93481e+04     0.00000e+00    -5.10334e+01     3.42934e+03    -1.99859e+01
    3.83252e-03     1.85828e+04     2.32620e+00     1.86041e+04     0.00000e+00    -5.09798e+01     3.34061e+03    -1.97282e+01
    3.93283e-03     1.78681e+04     2.29599e+00     1.78885e+04     0.00000e+00    -5.09253e+01     3.25415e+03    -1.94737e+01
    4.03577e-03     1.71807e+04     2.26616e+00     1.72003e+04     0.00000e+00    -5.08699e+01     3.16989e+03    -1.92225e+01
    4.14140e-03     1.65195e+04     2.23671e+00     1.65382e+04     0.00000e+00    -5.08135e+01     3.08779e+03    -1.89744e+01
    4.24979e-03     1.58835e+04     2.20764e+00     1.59015e+04     0.00000e+00    -5.07563e+01     3.00778e+03    -1.87294e+01
    4.36103e-03     1.52718e+04     2.17893e+00     1.52890e+04     0.00000e+00    -5.06982e+01     2.92982e+03    -1.84876e+01
    4.47517e-03     1.46835e+04     2.15058e+00     1.47000e+04     0.00000e+00    -5.06391e+01     2.85384e+03    -1.82488e+01
    4.59230e-03     1.41176e+04     2.12260e+00     1.41334e+04     0.00000e+00    -5.05791e+01     2.77981e+03    -1.80130e+01
    4.71250e-03     1.35733e+04     2.09497e+00     1.35885e+04     0.00000e+00    -5.05182e+01     2.70767e+03    -1.77802e+01
    4.83584e-03     1.30498e+04     2.06768e+00     1.30643e+04     0.00000e+00    -5.04563e+01     2.63737e+03    -1.75504e+01
    4.96241e-03     1.25463e+04     2.04075e+00     1.25602e+04     0.00000e+00    -5.03935e+01     2.56887e+03    -1.73234e+01
    5.09230e-03     1.20621e+04     2.01415e+00     1.20754e+04     0.00000e+00    -5.03297e+01     2.50211e+03    -1.70993e+01
    5.22558e-03     1.15963e+04     1.98789e+00     1.16090e+04     0.00000e+00    -5.02649e+01     2.43706e+03    -1.68780e+01
    5.36236e-03     1.11483e+04     1.96196e+00     1.11605e+04     0.00000e+00    -5.01992e+01     2.37368e+03    -1.66595e+01
    5.50271e-03     1.07175e+04     1.93635e+00     1.07292e+04     0.00000e+00    -5.01325e+01     2.31191e+03    -1.64438e+01
    5.64673e-03     1.03031e+04     1.91107e+00     1.03143e+04     0.00000e+00    -5.00649e+01     2.25172e+03    -1.62308e+01
    5.79453e-03     9.90460e+03     1.88611e+00     9.91527e+03     0.00000e+00    -4.99962e+01     2.19307e+03    -1.60204e+01
    5.94619e-03     9.52131e+03     1.86147e+00     9.53151e+03     0.00000e+00    -4.99265e+01     2.13591e+03    -1.58128e+01
    6.10183e-03     9.15268e+03     1.83713e+00     9.16244e+03     0.00000e+00    -4.98558e+01     2.08022e+03    -1.56077e+01
    6.26153e-03     8.79815e+03     1.81310e+00     8.80748e+03     0.00000e+00    -4.97841e+01     2.02595e+03    -1.54052e+01
    6.42542e-03     8.45719e+03     1.78938e+00     8.46611e+03     0.00000e+00    -4.97114e+01     1.97307e+03    -1.52052e+01
    6.59360e-03     8.12928e+03     1.76595e+00     8.13780e+03     0.00000e+00    -4.96376e+01     1.92154e+03    -1.50078e+01
    6.76618e-03     7.81391e+03     1.74281e+00     7.82206e+03     0.00000e+00    -4.95628e+01     1.87133e+03    -1.48128e+01
    6.94327e-03     7.51062e+03     1.71997e+00     7.51840e+03     0.00000e+00    -4.94870e+01     1.82240e+03    -1.46203e+01
    7.12500e-03     7.21895e+03     1.69742e+00     7.22638e+03     0.00000e+00    -4.94100e+01     1.77472e+03    -1.44302e+01
    7.31149e-03     6.93844e+03     1.67515e+00     6.94554e+03     0.00000e+00    -4.93320e+01     1.72826e+03    -1.42425e+01
    7.50286e-03     6.66869e+03     1.65315e+00     6.67546e+03     0.00000e+00    -4.92529e+01     1.68299e+03    -1.40571e+01
    7.69923e-03     6.40927e+03     1.63144e+00     6.41574e+03     0.00000e+00    -4.91728e+01     1.63887e+03    -1.38740e+01
    7.90075e-03     6.15979e+03     1.61000e+00     6.16597e+03     0.00000e+00    -4.90915e+01     1.59589e+03    -1.36933e+01
    8.10754e-03     5.91988e+03     1.58882e+00     5.92577e+03     0.00000e+00    -4.90091e+01     1.55400e+03    -1.35148e+01
    8.31975e-03     5.68917e+03     1.56791e+00     5.69479e+03     0.00000e+00    -4.89256e+01     1.51319e+03    -1.33385e+01
    8.53751e-03     5.46731e+03     1.54727e+00     5.47267e+03     0.00000e+00    -4.88410e+01     1.47342e+03    -1.31645e+01
    8.76096e-03     5.25397e+03     1.52688e+00     5.25907e+03     0.00000e+00    -4.87552e+01     1.43467e+03    -1.29926e+01
    8.99027e-03     5.04881e+03     1.50674e+00     5.05367e+03     0.00000e+00    -4.86683e+01     1.39691e+03    -1.28228e+01
    9.22558e-03     4.85153e+03     1.48686e+00     4.85616e+03     0.00000e+00    -4.85802e+01     1.36011e+03    -1.26552e+01
    9.46704e-03     4.66183e+03     1.46723e+00     4.66623e+03     0.00000e+00    -4.84909e+01     1.32426e+03    -1.24897e+01
    9.71483e-03     4.47941e+03     1.44784e+00     4.48361e+03     0.00000e+00    -4.84005e+01     1.28933e+03    -1.23262e+01
    9.96910e-03     4.30400e+03     1.42870e+00     4.30800e+03     0.00000e+00    -4.83088e+01     1.25529e+03    -1.21648e+01
    1.02300e-02     4.13534e+03     1.40979e+00     4.13914e+03     0.00000e+00    -4.82160e+01     1.22212e+03    -1.20053e+01
    1.04978e-02     3.97316e+03     1.39112e+00     3.97677e+03     0.00000e+00    -4.81219e+01     1.18980e+03    -1.18479e+01
    1.07726e-02     3.81722e+03     1.37269e+00     3.82065e+03     0.00000e+00    -4.80266e+01     1.15831e+03    -1.16924e+01
    1.10545e-02     3.66728e+03     1.35448e+00     3.67054e+03     0.00000e+00    -4.79301e+01     1.12763e+03    -1.15389e+01
    1.13438e-02     3.52312e+03     1.33650e+00     3.52621e+03     0.00000e+00    -4.78323e+01     1.09773e+03    -1.13872e+01
    1.16408e-02     3.38450e+03     1.31874e+00     3.38744e+03     0.00000e+00    -4.77333e+01     1.06860e+03    -1.12375e+01
    1.19454e-02     3.25123e+03     1.30120e+00     3.25401e+03     0.00000e+00    -4.76330e+01     1.04022e+03    -1.10896e+01
    1.22581e-02     3.12309e+03     1.28389e+00     3.12573e+03     0.00000e+00    -4.75314e+01     1.01256e+03    -1.09435e+01
    1.25789e-02     2.99990e+03     1.26678e+00     3.00239e+03     0.00000e+00    -4.74285e+01     9.85612e+02    -1.07992e+01
    1.29082e-02     2.88145e+03     1.24989e+00     2.88382e+03     0.00000e+00    -4.73243e+01     9.59356e+02    -1.06568e+01
    1.32460e-02     2.76758e+03     1.23321e+00     2.76981e+03     0.00000e+00    -4.72188e+01     9.33774e+02    -1.05160e+01
    1.35927e-02     2.65810e+03     1.21674e+00     2.66021e+03     0.00000e+00    -4.71120e+01     9.08849e+02    -1.03771e+01
    1.39485e-02     2.55285e+03     1.20047e+00     2.55485e+03     0.00000e+00    -4.70038e+01     8.84563e+02    -1.02398e+01
    1.43136e-02     2.45166e+03     1.18440e+00     2.45355e+03     0.00000e+00    -4.68943e+01     8.60901e+02    -1.01043e+01
    1.46882e-02     2.35439e+03     1.16853e+00     2.35617e+03     0.00000e+00    -4.67834e+01     8.37847e+02    -9.97037e+00
    1.50727e-02     2.26088e+03     1.15286e+00     2.26256e+03     0.00000e+00    -4.66711e+01     8.15385e+02    -9.83813e+00
    1.54672e-02     2.17099e+03     1.13738e+00     2.17257e+03     0.00000e+00    -4.65575e+01     7.93499e+02    -9.70752e+00
    1.58720e-02     2.08458e+03     1.12210e+00     2.08607e+03     0.00000e+00    -4.64424e+01     7.72177e+02    -9.57851e+00
    1.62874e-02     2.00152e+03     1.10700e+00     2.00292e+03     0.00000e+00    -4.63259e+01     7.51403e+02    -9.45110e+00
    1.67137e-02     1.92168e+03     1.09208e+00     1.92299e+03     0.00000e+00    -4.62080e+01     7.31163e+02    -9.32525e+00
    1.71512e-02     1.84493e+03     1.07736e+00     1.84616e+03     0.00000e+00    -4.60887e+01     7.11443e+02    -9.20094e+00
    1.76001e-02     1.77116e+03     1.06281e+00     1.77231e+03     0.00000e+00    -4.59679e+01     6.92231e+02    -9.07816e+00
    1.80608e-02     1.70026e+03     1.04844e+00     1.70133e+03     0.00000e+00    -4.58456e+01     6.73514e+02    -8.95689e+00
    1.85335e-02     1.63211e+03     1.03425e+00     1.63311e+03     0.00000e+00    -4.57219e+01     6.55279e+02    -8.83710e+00
    1.90186e-02     1.56661e+03     1.02023e+00     1.56754e+03     0.00000e+00    -4.55967e+01     6.37513e+02    -8.71878e+00
    1.95163e-02     1.50366e+03     1.00639e+00     1.50452e+03     0.00000e+00    -4.54700e+01     6.20205e+02    -8.60191e+00
    2.00272e-02     1.44316e+03     9.92714e-01     1.44396e+03     0.00000e+00    -4.53418e+01     6.03344e+02    -8.48646e+00
    2.05513e-02     1.38501e+03     9.79208e-01     1.38575e+03     0.00000e+00    -4.52120e+01     5.86917e+02    -8.37243e+00
    2.10892e-02     1.32914e+03     9.65866e-01     1.32982e+03     0.00000e+00    -4.50807e+01     5.70914e+02    -8.25979e+00
    2.16412e-02     1.27544e+03     9.52689e-01     1.27607e+03     0.00000e+00    -4.49479e+01     5.55324e+02    -8.14852e+00
    2.22077e-02     1.22384e+03     9.39672e-01     1.22441e+03     0.00000e+00    -4.48135e+01     5.40137e+02    -8.03860e+00
    2.27889e-02     1.17425e+03     9.26815e-01     1.17478e+03     0.00000e+00    -4.46776e+01     5.25342e+02    -7.93002e+00
    2.33854e-02     1.12660e+03     9.14115e-01     1.12708e+03     0.00000e+00    -4.45401e+01     5.10930e+02    -7.82277e+00
    2.39975e-02     1.08082e+03     9.01570e-01     1.08125e+03     0.00000e+00    -4.44009e+01     4.96890e+02    -7.71682e+00
    2.46256e-02     1.03683e+03     8.89178e-01     1.03722e+03     0.00000e+00    -4.42602e+01     4.83213e+02    -7.61215e+00
    2.52701e-02     9.94562e+02     8.76937e-01     9.94913e+02     0.00000e+00    -4.41179e+01     4.69891e+02    -7.50875e+00
    2.59315e-02     9.53954e+02     8.64845e-01     9.54266e+02     0.00000e+00    -4.39739e+01     4.56913e+02    -7.40661e+00
    2.66102e-02     9.14940e+02     8.52901e-01     9.15215e+02     0.00000e+00    -4.38283e+01     4.44272e+02    -7.30571e+00
    2.73067e-02     8.77460e+02     8.41102e-01     8.77699e+02     0.00000e+00    -4.36810e+01     4.31959e+02    -7.20602e+00
    2.80214e-02     8.41453e+02     8.29446e-01     8.41659e+02     0.00000e+00    -4.35321e+01     4.19965e+02    -7.10754e+00
    2.87549e-02     8.06865e+02     8.17932e-01     8.07038e+02     0.00000e+00    -4.33815e+01     4.08283e+02    -7.01025e+00
    2.95075e-02     7.73639e+02     8.06558e-01     7.73782e+02     0.00000e+00    -4.32292e+01     3.96904e+02    -6.91414e+00
    3.02798e-02     7.41724e+02     7.95322e-01     7.41839e+02     0.00000e+00    -4.30752e+01     3.85821e+02    -6.81918e+00
    3.10723e-02     7.11070e+02     7.84221e-01     7.11157e+02     0.00000e+00    -4.29195e+01     3.75026e+02    -6.72537e+00
    3.18856e-02     6.81627e+02     7.73256e-01     6.81688e+02     0.00000e+00    -4.27622e+01     3.64512e+02    -6.63268e+00
    3.27202e-02     6.53350e+02     7.62423e-01     6.53386e+02     0.00000e+00    -4.26030e+01     3.54272e+02    -6.54112e+00
    3.35766e-02     6.26193e+02     7.51721e-01     6.26206e+02     0.00000e+00    -4.24422e+01     3.44299e+02    -6.45065e+00
    3.44554e-02     6.00113e+02     7.41148e-01     6.00104e+02     0.00000e+00    -4.22796e+01     3.34587e+02    -6.36127e+00
    3.53572e-02     5.75069e+02     7.30703e-01     5.75039e+02     0.00000e+00    -4.21153e+01     3.25127e+02    -6.27296e+00
    3.62826e-02     5.51021e+02     7.20384e-01     5.50971e+02     0.00000e+00    -4.19492e+01     3.15916e+02    -6.18571e+00
    3.72323e-02     5.27930e+02     7.10190e-01     5.27861e+02     0.00000e+00    -4.17813e+01     3.06945e+02    -6.09950e+00
    3.82068e-02     5.05759e+02     7.00118e-01     5.05673e+02     0.00000e+00    -4.16116e+01     2.98209e+02    -6.01433e+00
    3.92068e-02     4.84473e+02     6.90168e-01     4.84371e+02     0.00000e+00    -4.14402e+01     2.89702e+02    -5.93017e+00
    4.02330e-02     4.64038e+02     6.80337e-01     4.63920e+02     0.00000e+00    -4.12670e+01     2.81418e+02    -5.84702e+00
    4.12860e-02     4.44421e+02     6.70625e-01     4.44288e+02     0.00000e+00    -4.10920e+01     2.73351e+02    -5.76486e+00
    4.23666e-02     4.25590e+02     6.61029e-01     4.25443e+02     0.00000e+00    -4.09151e+01     2.65497e+02    -5.68368e+00
    4.34755e-02     4.07515e+02     6.51549e-01     4.07355e+02     0.00000e+00    -4.07365e+01     2.57849e+02    -5.60347e+00
    4.46134e-02     3.90166e+02     6.42182e-01     3.89994e+02     0.00000e+00    -4.05560e+01     2.50403e+02    -5.52422e+00
    4.57811e-02     3.73516e+02     6.32928e-01     3.73332e+02     0.00000e+00    -4.03737e+01     2.43153e+02    -5.44591e+00
    4.69794e-02     3.57536e+02     6.23785e-01     3.57342e+02     0.00000e+00    -4.01896e+01     2.36094e+02    -5.36853e+00
    4.82090e-02     3.42203e+02     6.14751e-01     3.41998e+02     0.00000e+00    -4.00036e+01     2.29222e+02    -5.29207e+00
    4.94708e-02     3.27489e+02     6.05825e-01     3.27275e+02     0.00000e+00    -3.98158e+01     2.22532e+02    -5.21651e+00
    5.07657e-02     3.13371e+02     5.97007e-01     3.13149e+02     0.00000e+00    -3.96261e+01     2.16019e+02    -5.14186e+00
    5.20944e-02     2.99826e+02     5.88294e-01     2.99596e+02     0.00000e+00    -3.94346e+01     2.09679e+02    -5.06809e+00
    5.34579e-02     2.86832e+02     5.79685e-01     2.86595e+02     0.00000e+00    -3.92413e+01     2.03508e+02    -4.99519e+00
    5.48571e-02     2.74367e+02     5.71179e-01     2.74123e+02     0.00000e+00    -3.90461e+01     1.97500e+02    -4.92316e+00
    5.62929e-02     2.62411e+02     5.62774e-01     2.62160e+02     0.00000e+00    -3.88490e+01     1.91653e+02    -4.85198e+00
    5.77663e-02     2.50943e+02     5.54470e-01     2.50687e+02     0.00000e+00    -3.86501e+01     1.85961e+02    -4.78164e+00
    5.92782e-02     2.39946e+02     5.46265e-01     2.39683e+02     0.00000e+00    -3.84493e+01     1.80422e+02    -4.71213e+00
    6.08297e-02     2.29399e+02     5.38159e-01     2.29132e+02     0.00000e+00    -3.82466e+01     1.75031e+02    -4.64345e+00
    6.24219e-02     2.19286e+02     5.30149e-01     2.19014e+02     0.00000e+00    -3.80421e+01     1.69785e+02    -4.57557e+00
    6.40557e-02     2.09590e+02     5.22234e-01     2.09314e+02     0.00000e+00    -3.78358e+01     1.64679e+02    -4.50850e+00
    6.57323e-02     2.00294e+02     5.14414e-01     2.00014e+02     0.00000e+00    -3.76276e+01     1.59711e+02    -4.44222e+00
    6.74527e-02     1.91382e+02     5.06687e-01     1.91100e+02     0.00000e+00    -3.74175e+01     1.54877e+02    -4.37672e+00
    6.92182e-02     1.82841e+02     4.99053e-01     1.82555e+02     0.00000e+00    -3.72056e+01     1.50173e+02    -4.31200e+00
    7.10299e-02     1.74654e+02     4.91509e-01     1.74366e+02     0.00000e+00    -3.69918e+01     1.45596e+02    -4.24804e+00
    7.28890e-02     1.66808e+02     4.84056e-01     1.66518e+02     0.00000e+00    -3.67762e+01     1.41144e+02    -4.18483e+00
    7.47968e-02     1.59290e+02     4.76691e-01     1.58998e+02     0.00000e+00    -3.65587e+01     1.36812e+02    -4.12237e+00
    7.67545e-02     1.52087e+02     4.69414e-01     1.51794e+02     0.00000e+00    -3.63395e+01     1.32598e+02    -4.06064e+00
    7.87634e-02     1.45186e+02     4.62224e-01     1.44891e+02     0.00000e+00    -3.61183e+01     1.28500e+02    -3.99964e+00
    8.08249e-02     1.38575e+02     4.55120e-01     1.38279e+02     0.00000e+00    -3.58954e+01     1.24513e+02    -3.93936e+00
    8.29404e-02     1.32243e+02     4.48101e-01     1.31947e+02     0.00000e+00    -3.56707e+01     1.20635e+02    -3.87979e+00
    8.51113e-02     1.26178e+02     4.41166e-01     1.25882e+02     0.00000e+00    -3.54442e+01     1.16864e+02    -3.82093e+00
    8.73389e-02     1.20371e+02     4.34313e-01     1.20075e+02     0.00000e+00    -3.52158e+01     1.13196e+02    -3.76275e+00
    8.96249e-02     1.14811e+02     4.27543e-01     1.14515e+02     0.00000e+00    -3.49857e+01     1.09630e+02    -3.70527e+00
    9.19707e-02     1.09488e+02     4.20853e-01     1.09192e+02     0.00000e+00    -3.47539e+01     1.06162e+02    -3.64846e+00
    9.43779e-02     1.04392e+02     4.14244e-01     1.04097e+02     0.00000e+00    -3.45202e+01     1.02790e+02    -3.59232e+00
    9.68482e-02     9.95154e+01     4.07714e-01     9.92204e+01     0.00000e+00    -3.42849e+01     9.95125e+01    -3.53684e+00
    9.93830e-02     9.48481e+01     4.01262e-01     9.45539e+01     0.00000e+00    -3.40478e+01     9.63259e+01    -3.48202e+00
    1.01984e-01     9.03822e+01     3.94887e-01     9.00891e+01     0.00000e+00    -3.38090e+01     9.32283e+01    -3.42784e+00
    1.04654e-01     8.61096e+01     3.88589e-01     8.58176e+01     0.00000e+00    -3.35685e+01     9.02175e+01    -3.37431e+00
    1.07393e-01     8.20224e+01     3.82367e-01     8.17318e+01     0.00000e+00    -3.33264e+01     8.72913e+01    -3.32141e+00
    1.10204e-01     7.81133e+01     3.76220e-01     7.78242e+01     0.00000e+00    -3.30826e+01     8.44476e+01    -3.26914e+00
    1.13088e-01     7.43749e+01     3.70147e-01     7.40875e+01     0.00000e+00    -3.28371e+01     8.16843e+01    -3.21748e+00
    1.16048e-01     7.08005e+01     3.64147e-01     7.05148e+01     0.00000e+00    -3.25900e+01     7.89993e+01    -3.16644e+00
    1.19085e-01     6.73834e+01     3.58220e-01     6.70996e+01     0.00000e+00    -3.23414e+01     7.63907e+01    -3.11600e+00
    1.22202e-01     6.41171e+01     3.52364e-01     6.38353e+01     0.00000e+00    -3.20912e+01     7.38566e+01    -3.06617e+00
    1.25401e-01     6.09955e+01     3.46580e-01     6.07158e+01     0.00000e+00    -3.18394e+01     7.13950e+01    -3.01692e+00
    1.28683e-01     5.80128e+01     3.40865e-01     5.77353e+01     0.00000e+00    -3.15861e+01     6.90041e+01    -2.96827e+00
    1.32051e-01     5.51632e+01     3.35221e-01     5.48879e+01     0.00000e+00    -3.13313e+01     6.66822e+01    -2.92019e+00
    1.35507e-01     5.24412e+01     3.29645e-01     5.21684e+01     0.00000e+00    -3.10751e+01     6.44274e+01    -2.87269e+00
    1.39054e-01     4.98417e+01     3.24137e-01     4.95713e+01     0.00000e+00    -3.08174e+01     6.22381e+01    -2.82576e+00
    1.42694e-01     4.73595e+01     3.18697e-01     4.70917e+01     0.00000e+00    -3.05583e+01     6.01127e+01    -2.77939e+00
    1.46428e-01     4.49898e+01     3.13324e-01     4.47246e+01     0.00000e+00    -3.02979e+01     5.80494e+01    -2.73357e+00
    1.50261e-01     4.27280e+01     3.08016e-01     4.24655e+01     0.00000e+00    -3.00361e+01     5.60468e+01    -2.68831e+00
    1.54194e-01     4.05695e+01     3.02775e-01     4.03098e+01     0.00000e+00    -2.97730e+01     5.41032e+01    -2.64359e+00
    1.58230e-01     3.85101e+01     2.97598e-01     3.82532e+01     0.00000e+00    -2.95086e+01     5.22172e+01    -2.59941e+00
    1.62371e-01     3.65457e+01     2.92485e-01     3.62916e+01     0.00000e+00    -2.92429e+01     5.03873e+01    -2.55577e+00
    1.66621e-01     3.46721e+01     2.87436e-01     3.44209e+01     0.00000e+00    -2.89761e+01     4.86120e+01    -2.51266e+00
    1.70982e-01     3.28857e+01     2.82450e-01     3.26374e+01     0.00000e+00    -2.87081e+01     4.68900e+01    -2.47007e+00
    1.75457e-01     3.11826e+01     2.77526e-01     3.09374e+01     0.00000e+00    -2.84390e+01     4.52198e+01    -2.42800e+00
    1.80049e-01     2.95595e+01     2.72665e-01     2.93173e+01     0.00000e+00    -2.81688e+01     4.36002e+01    -2.38645e+00
    1.84762e-01     2.80128e+01     2.67864e-01     2.77737e+01     0.00000e+00    -2.78976e+01     4.20298e+01    -2.34540e+00
    1.89598e-01     2.65394e+01     2.63124e-01     2.63034e+01     0.00000e+00    -2.76254e+01     4.05074e+01    -2.30486e+00
    1.94560e-01     2.51361e+01     2.58445e-01     2.49032e+01     0.00000e+00    -2.73522e+01     3.90318e+01    -2.26482e+00
    1.99653e-01     2.37999e+01     2.53825e-01     2.35701e+01     0.00000e+00    -2.70781e+01     3.76016e+01    -2.22528e+00
    2.04878e-01     2.25279e+01     2.49264e-01     2.23012e+01     0.00000e+00    -2.68031e+01     3.62158e+01    -2.18622e+00
    2.10241e-01     2.13172e+01     2.44762e-01     2.10937e+01     0.00000e+00    -2.65274e+01     3.48731e+01    -2.14766e+00
    2.15744e-01     2.01654e+01     2.40318e-01     1.99450e+01     0.00000e+00    -2.62508e+01     3.35725e+01    -2.10957e+00
    2.21390e-01     1.90697e+01     2.35932e-01     1.88525e+01     0.00000e+00    -2.59736e+01     3.23129e+01    -2.07196e+00
    2.27185e-01     1.80277e+01     2.31603e-01     1.78137e+01     0.00000e+00    -2.56957e+01     3.10931e+01    -2.03483e+00
    2.33131e-01     1.70371e+01     2.27331e-01     1.68263e+01     0.00000e+00    -2.54171e+01     2.99121e+01    -1.99816e+00
    2.39233e-01     1.60955e+01     2.23114e-01     1.58879e+01     0.00000e+00    -2.51381e+01     2.87689e+01    -1.96196e+00
    2.45495e-01     1.52009e+01     2.18954e-01     1.49965e+01     0.00000e+00    -2.48585e+01     2.76625e+01    -1.92622e+00
    2.51920e-01     1.43511e+01     2.14849e-01     1.41499e+01     0.00000e+00    -2.45784e+01     2.65919e+01    -1.89094e+00
    2.58514e-01     1.35441e+01     2.10799e-01     1.33460e+01     0.00000e+00    -2.42980e+01     2.55561e+01    -1.85611e+00
    2.65280e-01     1.27779e+01     2.06803e-01     1.25831e+01     0.00000e+00    -2.40172e+01     2.45543e+01    -1.82174e+00
    2.72223e-01     1.20508e+01     2.02861e-01     1.18591e+01     0.00000e+00    -2.37361e+01     2.35854e+01    -1.78780e+00
    2.79349e-01     1.13609e+01     1.98973e-01     1.11724e+01     0.00000e+00    -2.34548e+01     2.26487e+01    -1.75431e+00
    2.86660e-01     1.07066e+01     1.95138e-01     1.05213e+01     0.00000e+00    -2.31734e+01     2.17431e+01    -1.72126e+00
    2.94163e-01     1.00862e+01     1.91356e-01     9.90401e+00     0.00000e+00    -2.28918e+01     2.08680e+01    -1.68864e+00
    3.01862e-01     9.49819e+00     1.87626e-01     9.31908e+00     0.00000e+00    -2.26102e+01     2.00224e+01    -1.65645e+00
    3.09763e-01     8.94099e+00     1.83948e-01     8.76499e+00     0.00000e+00    -2.23287e+01     1.92055e+01    -1.62470e+00
    3.17871e-01     8.41320e+00     1.80322e-01     8.24028e+00     0.00000e+00    -2.20472e+01     1.84166e+01    -1.59336e+00
    3.26191e-01     7.91344e+00     1.76747e-01     7.74359e+00     0.00000e+00    -2.17658e+01     1.76548e+01    -1.56245e+00
    3.34728e-01     7.44038e+00     1.73222e-01     7.27358e+00     0.00000e+00    -2.14847e+01     1.69194e+01    -1.53195e+00
    3.43489e-01     6.99276e+00     1.69749e-01     6.82898e+00     0.00000e+00    -2.12038e+01     1.62097e+01    -1.50187e+00
    3.52480e-01     6.56936e+00     1.66325e-01     6.40858e+00     0.00000e+00    -2.09233e+01     1.55249e+01    -1.47219e+00
    3.61705e-01     6.16901e+00     1.62951e-01     6.01122e+00     0.00000e+00    -2.06432e+01     1.48644e+01    -1.44293e+00
    3.71173e-01     5.79061e+00     1.59627e-01     5.63577e+00     0.00000e+00    -2.03635e+01     1.42273e+01    -1.41407e+00
    3.80887e-01     5.43309e+00     1.56351e-01     5.28117e+00     0.00000e+00    -2.00844e+01     1.36131e+01    -1.38561e+00
    3.90857e-01     5.09541e+00     1.53124e-01     4.94640e+00     0.00000e+00    -1.98058e+01     1.30211e+01    -1.35755e+00
    4.01087e-01     4.77662e+00     1.49946e-01     4.63048e+00     0.00000e+00    -1.95279e+01     1.24507e+01    -1.32988e+00
    4.11585e-01     4.47576e+00     1.46815e-01     4.33246e+00     0.00000e+00    -1.92508e+01     1.19011e+01    -1.30260e+00
    4.22357e-01     4.19195e+00     1.43732e-01     4.05147e+00     0.00000e+00    -1.89744e+01     1.13718e+01    -1.27571e+00
    4.33412e-01     3.92432e+00     1.40697e-01     3.78663e+00     0.00000e+00    -1.86989e+01     1.08623e+01    -1.24921e+00
    4.44756e-01     3.67207e+00     1.37708e-01     3.53713e+00     0.00000e+00    -1.84244e+01     1.03718e+01    -1.22308e+00
    4.56397e-01     3.43440e+00     1.34766e-01     3.30218e+00     0.00000e+00    -1.81508e+01     9.89984e+00    -1.19734e+00
    4.68342e-01     3.21057e+00     1.31870e-01     3.08105e+00     0.00000e+00    -1.78783e+01     9.44584e+00    -1.17197e+00
    4.80601e-01     2.99986e+00     1.29020e-01     2.87300e+00     0.00000e+00    -1.76069e+01     9.00924e+00    -1.14698e+00
    4.93180e-01     2.80160e+00     1.26216e-01     2.67737e+00     0.00000e+00    -1.73367e+01     8.58952e+00    -1.12235e+00
    5.06088e-01     2.61513e+00     1.23457e-01     2.49349e+00     0.00000e+00    -1.70678e+01     8.18614e+00    -1.09809e+00
    5.19334e-01     2.43983e+00     1.20742e-01     2.32075e+00     0.00000e+00    -1.68001e+01     7.79859e+00    -1.07419e+00
    5.32927e-01     2.27510e+00     1.18073e-01     2.15855e+00     0.00000e+00    -1.65339e+01     7.42637e+00    -1.05065e+00
    5.46876e-01     2.12038e+00     1.15447e-01     2.00633e+00     0.00000e+00    -1.62691e+01     7.06899e+00    -1.02747e+00
    5.61190e-01     1.97513e+00     1.12865e-01     1.86354e+00     0.00000e+00    -1.60058e+01     6.72597e+00    -1.00464e+00
    5.75878e-01     1.83884e+00     1.10327e-01     1.72967e+00     0.00000e+00    -1.57441e+01     6.39685e+00    -9.82158e-01
    5.90951e-01     1.71102e+00     1.07832e-01     1.60424e+00     0.00000e+00    -1.54840e+01     6.08116e+00    -9.60026e-01
    6.06418e-01     1.59119e+00     1.05380e-01     1.48676e+00     0.00000e+00    -1.52256e+01     5.77847e+00    -9.38237e-01
    6.22290e-01     1.47892e+00     1.02970e-01     1.37681e+00     0.00000e+00    -1.49689e+01     5.48835e+00    -9.16789e-01
    6.38578e-01     1.37378e+00     1.00602e-01     1.27396e+00     0.00000e+00    -1.47141e+01     5.21036e+00    -8.95678e-01
    6.55292e-01     1.27537e+00     9.82753e-02     1.17780e+00     0.00000e+00    -1.44611e+01     4.94409e+00    -8.74901e-01
    6.72443e-01     1.18330e+00     9.59901e-02     1.08795e+00     0.00000e+00    -1.42100e+01     4.68915e+00    -8.54454e-01
    6.90043e-01     1.09722e+00     9.37459e-02     1.00405e+00     0.00000e+00    -1.39609e+01     4.44513e+00    -8.34335e-01
    7.08104e-01     1.01678e+00     9.15420e-02     9.25750e-01     0.00000e+00    -1.37139e+01     4.21166e+00    -8.14540e-01
    7.26638e-01     9.41648e-01     8.93782e-02     8.52728e-01     0.00000e+00    -1.34689e+01     3.98836e+00    -7.95065e-01
    7.45657e-01     8.71516e-01     8.72541e-02     7.84670e-01     0.00000e+00    -1.32261e+01     3.77487e+00    -7.75908e-01
    7.65173e-01     8.06088e-01     8.51691e-02     7.21281e-01     0.00000e+00    -1.29855e+01     3.57083e+00    -7.57066e-01
    7.85201e-01     7.45085e-01     8.31229e-02     6.62282e-01     0.00000e+00    -1.27470e+01     3.37590e+00    -7.38534e-01
    8.05752e-01     6.88248e-01     8.11152e-02     6.07415e-01     0.00000e+00    -1.25109e+01     3.18974e+00    -7.20337e-01
    8.26842e-01     6.35384e-01     7.91479e-02     5.56485e-01     0.00000e+00    -1.22771e+01     3.01202e+00    -7.02690e-01
    8.48483e-01     5.86190e-01     7.72182e-02     5.09189e-01     0.00000e+00    -1.20457e+01     2.84243e+00    -6.85351e-01
    8.70691e-01     5.40440e-01     7.53256e-02     4.65303e-01     0.00000e+00    -1.18167e+01     2.68065e+00    -6.68320e-01
    8.93480e-01     4.97923e-01     7.34697e-02     4.24616e-01     0.00000e+00    -1.15901e+01     2.52639e+00    -6.51592e-01
    9.16866e-01     4.58438e-01     7.16500e-02     3.86927e-01     0.00000e+00    -1.13661e+01     2.37935e+00    -6.35168e-01
    9.40864e-01     4.21796e-01     6.98660e-02     3.52049e-01     0.00000e+00    -1.11445e+01     2.23925e+00    -6.19046e-01
    9.65489e-01     3.87821e-01     6.81172e-02     3.19803e-01     0.00000e+00    -1.09255e+01     2.10580e+00    -6.03224e-01
    9.90760e-01     3.56342e-01     6.64032e-02     2.90022e-01     0.00000e+00    -1.07092e+01     1.97875e+00    -5.87704e-01
    1.01669e+00     3.27204e-01     6.47234e-02     2.62548e-01     0.00000e+00    -1.04954e+01     1.85783e+00    -5.72484e-01
    1.04330e+00     3.00256e-01     6.30774e-02     2.37233e-01     0.00000e+00    -1.02843e+01     1.74279e+00    -5.57567e-01
    1.07061e+00     2.75359e-01     6.14647e-02     2.13937e-01     0.00000e+00    -1.00759e+01     1.63339e+00    -5.42953e-01
    1.09863e+00     2.52381e-01     5.98848e-02     1.92529e-01     0.00000e+00    -9.87019e+00     1.52938e+00    -5.28647e-01
    1.12739e+00     2.31198e-01     5.83372e-02     1.72885e-01     0.00000e+00    -9.66722e+00     1.43055e+00    -5.14651e-01
    1.15689e+00     2.11693e-01     5.68215e-02     1.54888e-01     0.00000e+00    -9.46699e+00     1.33666e+00    -5.00970e-01
    1.18717e+00     1.93757e-01     5.53372e-02     1.38429e-01     0.00000e+00    -9.26953e+00     1.24751e+00    -4.87610e-01
    1.21825e+00     1.77285e-01     5.38840e-02     1.23405e-01     0.00000e+00    -9.07485e+00     1.16289e+00    -4.74577e-01
    1.25013e+00     1.62181e-01     5.24614e-02     1.09719e-01     0.00000e+00    -8.88296e+00     1.08261e+00    -4.61879e-01
    1.28285e+00     1.48350e-01     5.10692e-02     9.72767e-02     0.00000e+00    -8.69387e+00     1.00646e+00    -4.49524e-01
    1.31643e+00     1.35707e-01     4.97069e-02     8.59925e-02     0.00000e+00    -8.50758e+00     9.34278e-01    -4.37522e-01
    1.35089e+00     1.24168e-01     4.83744e-02     7.57832e-02     0.00000e+00    -8.32411e+00     8.65876e-01    -4.25882e-01
    1.38624e+00     1.13653e-01     4.70714e-02     6.65701e-02     0.00000e+00    -8.14344e+00     8.01091e-01    -4.14614e-01
    1.42253e+00     1.04089e-01     4.57978e-02     5.82786e-02     0.00000e+00    -7.96558e+00     7.39762e-01    -4.03728e-01
    1.45976e+00     9.54051e-02     4.45534e-02     5.08378e-02     0.00000e+00    -7.79051e+00     6.81737e-01    -3.93233e-01
    1.49797e+00     8.75326e-02     4.33381e-02     4.41801e-02     0.00000e+00    -7.61823e+00     6.26871e-01    -3.83138e-01
    1.53717e+00     8.04081e-02     4.21520e-02     3.82416e-02     0.00000e+00    -7.44872e+00     5.75026e-01    -3.73451e-01
    1.57741e+00     7.39708e-02     4.09952e-02     3.29613e-02     0.00000e+00    -7.28197e+00     5.26072e-01    -3.64178e-01
    1.61869e+00     6.81636e-02     3.98676e-02     2.82819e-02     0.00000e+00    -7.11795e+00     4.79887e-01    -3.55326e-01
    1.66106e+00     6.29324e-02     3.87694e-02     2.41493e-02     0.00000e+00    -6.95664e+00     4.36354e-01    -3.46896e-01
    1.70454e+00     5.82266e-02     3.77010e-02     2.05126e-02     0.00000e+00    -6.79801e+00     3.95366e-01    -3.38892e-01
    1.74915e+00     5.39991e-02     3.66626e-02     1.73242e-02     0.00000e+00    -6.64203e+00     3.56819e-01    -3.31312e-01
    1.79493e+00     5.02061e-02     3.56545e-02     1.45400e-02     0.00000e+00    -6.48866e+00     3.20620e-01    -3.24156e-01
    1.84191e+00     4.68069e-02     3.46772e-02     1.21188e-02     0.00000e+00    -6.33787e+00     2.86679e-01    -3.17419e-01
    1.89012e+00     4.37644e-02     3.37314e-02     1.00229e-02     0.00000e+00    -6.18962e+00     2.54915e-01    -3.11097e-01
    1.93959e+00     4.10446e-02     3.28176e-02     8.21757e-03     0.00000e+00    -6.04385e+00     2.25252e-01    -3.05184e-01
    1.99036e+00     3.86166e-02     3.19366e-02     6.67116e-03     0.00000e+00    -5.90053e+00     1.97620e-01    -2.99672e-01
    2.04245e+00     3.64524e-02     3.10895e-02     5.35475e-03     0.00000e+00    -5.75960e+00     1.71956e-01    -2.94554e-01
    2.09591e+00     3.45270e-02     3.02774e-02     4.24213e-03     0.00000e+00    -5.62101e+00     1.48202e-01    -2.89821e-01
    2.15077e+00     3.28180e-02     2.95016e-02     3.30955e-03     0.00000e+00    -5.48471e+00     1.26307e-01    -2.85465e-01
    2.20706e+00     3.13056e-02     2.87636e-02     2.53552e-03     0.00000e+00    -5.35062e+00     1.06223e-01    -2.81476e-01
    2.26483e+00     2.99721e-02     2.80654e-02     1.90065e-03     0.00000e+00    -5.21870e+00     8.79106e-02    -2.77848e-01
    2.32411e+00     2.88022e-02     2.74092e-02     1.38738e-03     0.00000e+00    -5.08887e+00     7.13352e-02    -2.74571e-01
    2.38494e+00     2.77826e-02     2.67976e-02     9.79800e-04     0.00000e+00    -4.96107e+00     5.64674e-02    -2.71640e-01
    2.44736e+00     2.69019e-02     2.62335e-02     6.63447e-04     0.00000e+00    -4.83522e+00     4.32843e-02    -2.69047e-01
    2.51142e+00     2.61504e-02     2.57205e-02     4.25100e-04     0.00000e+00    -4.71125e+00     3.17685e-02    -2.66787e-01
    2.57715e+00     2.55200e-02     2.52629e-02     2.52580e-04     0.00000e+00    -4.58909e+00     2.19092e-02    -2.64857e-01
    2.64461e+00     2.50045e-02     2.48654e-02     1.34559e-04     0.00000e+00    -4.46863e+00     1.37019e-02    -2.63254e-01
    2.71382e+00     2.45988e-02     2.45340e-02     6.03674e-05     0.00000e+00    -4.34981e+00     7.14919e-03    -2.61976e-01
    2.78485e+00     2.42996e-02     2.42754e-02     1.98002e-05     0.00000e+00    -4.23251e+00     2.26104e-03    -2.61024e-01
    2.85774e+00     2.41051e-02     2.40977e-02     2.92494e-06     0.00000e+00    -4.11665e+00    -9.44567e-04    -2.60401e-01
    2.93254e+00     2.40149e-02     2.40102e-02    -1.61242e-23     0.00000e+00    -4.00212e+00    -2.44085e-03    -2.60111e-01
    3.00930e+00     2.40302e-02     2.40253e-02     1.37448e-25     8.84194e-03    -3.88880e+00    -2.19127e-03    -2.60160e-01
    3.08806e+00     2.40443e-02     2.40390e-02     2.32201e-07     8.84194e-03    -3.77839e+00    -1.96173e-03    -2.60206e-01
    3.16889e+00     2.40572e-02     2.40514e-02     6.16659e-07     8.84194e-03    -3.67080e+00    -1.75101e-03    -2.60247e-01
    3.25183e+00     2.40690e-02     2.40626e-02     1.06368e-06     8.84194e-03    -3.56597e+00    -1.55796e-03    -2.60285e-01
    3.33694e+00     2.40797e-02     2.40728e-02     1.53764e-06     8.84194e-03    -3.46383e+00    -1.38147e-03    -2.60320e-01
    3.42428e+00     2.40895e-02     2.40821e-02     2.01783e-06     8.84194e-03    -3.36430e+00    -1.22046e-03    -2.60351e-01
    3.51391e+00     2.40984e-02     2.40905e-02     2.49096e-06     8.84194e-03    -3.26733e+00    -1.07390e-03    -2.60380e-01
    3.60588e+00     2.41064e-02     2.40981e-02     2.94825e-06     8.84194e-03    -3.17283e+00    -9.40802e-04    -2.60405e-01
    3.70026e+00     2.41136e-02     2.41049e-02     3.38388e-06     8.84194e-03    -3.08076e+00    -8.20210e-04    -2.60429e-01
    3.79711e+00     2.41201e-02     2.41111e-02     3.79414e-06     8.84194e-03    -2.99104e+00    -7.11222e-04    -2.60449e-01
    3.89649e+00     2.41260e-02     2.41166e-02     4.17684e-06     8.84194e-03    -2.90361e+00    -6.12973e-04    -2.60468e-01
    3.99848e+00     2.41312e-02     2.41216e-02     4.53089e-06     8.84194e-03    -2.81843e+00    -5.24640e-04    -2.60485e-01
    4.10313e+00     2.41358e-02     2.41261e-02     4.85604e-06     8.84194e-03    -2.73542e+00    -4.45442e-04    -2.60500e-01
    4.21053e+00     2.41399e-02     2.41300e-02     5.15267e-06     8.84194e-03    -2.65454e+00    -3.74638e-04    -2.60513e-01
    4.32073e+00     2.41436e-02     2.41335e-02     5.42160e-06     8.84194e-03    -2.57573e+00    -3.11529e-04    -2.60525e-01
    4.43382e+00     2.41468e-02     2.41367e-02     5.66399e-06     8.84194e-03    -2.49893e+00    -2.55453e-04    -2.60535e-01
    4.54987e+00     2.41496e-02     2.41394e-02     5.88123e-06     8.84194e-03    -2.42410e+00    -2.05790e-04    -2.60544e-01
    4.66895e+00     2.41520e-02     2.41419e-02     6.07486e-06     8.84194e-03    -2.35118e+00    -1.61956e-04    -2.60552e-01
    4.79116e+00     2.41541e-02     2.41440e-02     6.24649e-06     8.84194e-03    -2.28012e+00    -1.23406e-04    -2.60559e-01
    4.91656e+00     2.41560e-02     2.41458e-02     6.39780e-06     8.84194e-03    -2.21088e+00    -8.96301e-05    -2.60564e-01
    5.04524e+00     2.41575e-02     2.41475e-02     6.53046e-06     8.84194e-03    -2.14341e+00    -6.01546e-05    -2.60569e-01
    5.17730e+00     2.41589e-02     2.41489e-02     6.64612e-06     8.84194e-03    -2.07766e+00    -3.45397e-05    -2.60574e-01
    5.31281e+00     2.41600e-02     2.41501e-02     6.74635e-06     8.84194e-03    -2.01360e+00    -1.23787e-05    -2.60577e-01
    5.45186e+00     2.41609e-02     2.41511e-02     6.83269e-06     8.84194e-03    -1.95117e+00     6.70345e-06    -2.60580e-01
    5.59456e+00     2.41617e-02     2.41520e-02     6.90659e-06     8.84194e-03    -1.89033e+00     2.30512e-05    -2.60583e-01
    5.74099e+00     2.41623e-02     2.41527e-02     6.96940e-06     8.84194e-03    -1.83105e+00     3.69800e-05    -2.60585e-01
    5.89125e+00     2.41628e-02     2.41534e-02     7.02239e-06     8.84194e-03    -1.77328e+00     4.87777e-05    -2.60586e-01
    6.04544e+00     2.41632e-02     2.41539e-02     7.06673e-06     8.84194e-03    -1.71699e+00     5.87059e-05    -2.60588e-01
    6.20368e+00     2.41635e-02     2.41543e-02     7.10349e-06     8.84194e-03    -1.66213e+00     6.70014e-05    -2.60589e-01
    6.36605e+00     2.41637e-02     2.41547e-02     7.13365e-06     8.84194e-03    -1.60868e+00     7.38776e-05    -2.60589e-01
    6.53267e+00     2.41639e-02     2.41550e-02     7.15811e-06     8.84194e-03    -1.55658e+00     7.95262e-05    -2.60590e-01
    6.70365e+00     2.41640e-02     2.41552e-02     7.17765e-06     8.84194e-03    -1.50582e+00     8.41185e-05    -2.60590e-01
    6.87911e+00     2.41640e-02     2.41554e-02     7.19300e-06     8.84194e-03    -1.45636e+00     8.78068e-05    -2.60590e-01
    7.05917e+00     2.41641e-02     2.41555e-02     7.20478e-06     8.84194e-03    -1.40815e+00     9.07260e-05    -2.60590e-01
    7.24393e+00     2.41640e-02     2.41556e-02     7.21357e-06     8.84194e-03    -1.36118e+00     9.29948e-05    -2.60590e-01
    7.43353e+00     2.41640e-02     2.41557e-02     7.21986e-06     8.84194e-03    -1.31540e+00     9.47170e-05    -2.60590e-01
    7.62809e+00     2.41639e-02     2.41557e-02     7.22407e-06     8.84194e-03    -1.27080e+00     9.59833e-05    -2.60590e-01
    7.82775e+00     2.41638e-02     2.41558e-02     7.22657e-06     8.84194e-03    -1.22733e+00     9.68720e-05    -2.60590e-01
    8.03263e+00     2.41637e-02     2.41558e-02     7.22770e-06     8.84194e-03    -1.18497e+00     9.74503e-05    -2.60589e-01
    8.24287e+00     2.41636e-02     2.41558e-02     7.22771e-06     8.84194e-03    -1.14369e+00     9.77757e-05    -2.60589e-01
    8.45862e+00     2.41635e-02     2.41558e-02     7.22685e-06     8.84194e-03    -1.10346e+00     9.78968e-05    -2.60589e-01
    8.68001e+00     2.41634e-02     2.41557e-02     7.22529e-06     8.84194e-03    -1.06426e+00     9.78546e-05    -2.60588e-01
    8.90720e+00     2.41633e-02     2.41557e-02     7.22322e-06     8.84194e-03    -1.02606e+00     9.76830e-05    -2.60588e-01
    9.14033e+00     2.41632e-02     2.41557e-02     7.22075e-06     8.84194e-03    -9.88837e-01     9.74101e-05    -2.60588e-01
    9.37957e+00     2.41631e-02     2.41557e-02     7.21800e-06     8.84194e-03    -9.52561e-01     9.70589e-05    -2.60587e-01
    9.62506e+00     2.41630e-02     2.41556e-02     7.21505e-06     8.84194e-03    -9.17210e-01     9.66477e-05    -2.60587e-01
    9.87699e+00     2.41629e-02     2.41556e-02     7.21197e-06     8.84194e-03    -8.82761e-01     9.61912e-05    -2.60587e-01
    1.01355e+01     2.41628e-02     2.41556e-02     7.20881e-06     8.84194e-03    -8.49191e-01     9.57009e-05    -2.60586e-01
    1.04008e+01     2.41627e-02     2.41555e-02     7.20561e-06     8.84194e-03    -8.16477e-01     9.51856e-05    -2.60586e-01
    1.06730e+01     2.41626e-02     2.41555e-02     7.20239e-06     8.84194e-03    -7.84597e-01     9.46519e-05    -2.60586e-01
    1.09524e+01     2.41626e-02     2.41554e-02     7.19919e-06     8.84194e-03    -7.53531e-01     9.41046e-05    -2.60586e-01
    1.12390e+01     2.41625e-02     2.41554e-02     7.19601e-06     8.84194e-03    -7.23257e-01     9.35472e-05    -2.60585e-01
    1.15332e+01     2.41624e-02     2.41554e-02     7.19286e-06     8.84194e-03    -6.93755e-01     9.29820e-05    -2.60585e-01
    1.18351e+01     2.41624e-02     2.41553e-02     7.18975e-06     8.84194e-03    -6.65006e-01     9.24105e-05    -2.60585e-01
    1.21448e+01     2.41623e-02     2.41553e-02     7.18667e-06     8.84194e-03    -6.36989e-01     9.18334e-05    -2.60585e-01
    1.24627e+01     2.41622e-02     2.41553e-02     7.18363e-06     8.84194e-03    -6.09688e-01     9.12514e-05    -2.60585e-01
    1.27889e+01     2.41622e-02     2.41552e-02     7.18062e-06     8.84194e-03    -5.83083e-01     9.06643e-05    -2.60584e-01
    1.31236e+01     2.41621e-02     2.41552e-02     7.17764e-06     8.84194e-03    -5.57156e-01     9.00724e-05    -2.60584e-01
    1.34671e+01     2.41621e-02     2.41552e-02     7.17469e-06     8.84194e-03    -5.31891e-01     8.94754e-05    -2.60584e-01
    1.38196e+01     2.41620e-02     2.41551e-02     7.17176e-06     8.84194e-03    -5.07270e-01     8.88732e-05    -2.60584e-01
    1.41813e+01     2.41620e-02     2.41551e-02     7.16885e-06     8.84194e-03    -4.83278e-01     8.82660e-05    -2.60584e-01
    1.45525e+01     2.41620e-02     2.41551e-02     7.16596e-06     8.84194e-03    -4.59897e-01     8.76537e-05    -2.60584e-01
    1.49334e+01     2.41619e-02     2.41550e-02     7.16309e-06     8.84194e-03    -4.37113e-01     8.70366e-05    -2.60584e-01
    1.53242e+01     2.41619e-02     2.41550e-02     7.16023e-06     8.84194e-03    -4.14909e-01     8.64153e-05    -2.60584e-01
    1.57253e+01     2.41619e-02     2.41550e-02     7.15739e-06     8.84194e-03    -3.93272e-01     8.57901e-05    -2.60583e-01
    1.61369e+01     2.41619e-02     2.41549e-02     7.15456e-06     8.84194e-03    -3.72187e-01     8.51620e-05    -2.60583e-01
    1.65593e+01     2.41618e-02     2.41549e-02     7.15175e-06     8.84194e-03    -3.51640e-01     8.45319e-05    -2.60583e-01
    1.69927e+01     2.41618e-02     2.41549e-02     7.14896e-06     8.84194e-03    -3.31617e-01     8.39009e-05    -2.60583e-01
    1.74375e+01     2.41618e-02     2.41548e-02     7.14619e-06     8.84194e-03    -3.12105e-01     8.32703e-05    -2.60583e-01
    1.78939e+01     2.41618e-02     2.41548e-02     7.14345e-06     8.84194e-03    -2.93090e-01     8.26417e-05    -2.60583e-01
    1.83622e+01     2.41618e-02     2.41548e-02     7.14074e-06     8.84194e-03    -2.74560e-01     8.20164e-05    -2.60583e-01
    1.88428e+01     2.41617e-02     2.41547e-02     7.13807e-06     8.84194e-03    -2.56503e-01     8.13961e-05    -2.60583e-01
    1.93360e+01     2.41617e-02     2.41547e-02     7.13544e-06     8.84194e-03    -2.38907e-01     8.07824e-05    -2.60583e-01
    1.98421e+01     2.41617e-02     2.41547e-02     7.13286e-06     8.84194e-03    -2.21759e-01     8.01767e-05    -2.60583e-01
    2.03614e+01     2.41617e-02     2.41546e-02     7.13032e-06     8.84194e-03    -2.05049e-01     7.95802e-05    -2.60583e-01
    2.08944e+01     2.41617e-02     2.41546e-02     7.12783e-06     8.84194e-03    -1.88765e-01     7.89930e-05    -2.60583e-01
    2.14413e+01     2.41617e-02     2.41546e-02     7.12537e-06     8.84194e-03    -1.72896e-01     7.84145e-05    -2.60583e-01
    2.20024e+01     2.41617e-02     2.41545e-02     7.12294e-06     8.84194e-03    -1.57432e-01     7.78414e-05    -2.60583e-01
    2.25783e+01     2.41616e-02     2.41545e-02     7.12049e-06     8.84194e-03    -1.42363e-01     7.72667e-05    -2.60583e-01
    2.31693e+01     2.41616e-02     2.41545e-02     7.11795e-06     8.84194e-03    -1.27678e-01     7.66762e-05    -2.60583e-01
    2.37757e+01     2.41616e-02     2.41545e-02     7.11521e-06     8.84194e-03    -1.13367e-01     7.60432e-05    -2.60583e-01
    2.43980e+01     2.41616e-02     2.41544e-02     7.11201e-06     8.84194e-03    -9.94217e-02     7.53189e-05    -2.60583e-01
    2.50366e+01     2.41616e-02     2.41544e-02     7.10793e-06     8.84194e-03    -8.58322e-02     7.44134e-05    -2.60582e-01
    2.56919e+01     2.41615e-02     2.41543e-02     7.10219e-06     8.84194e-03    -7.25897e-02     7.31618e-05    -2.60582e-01
    2.63643e+01     2.41614e-02     2.41542e-02     7.09334e-06     8.84194e-03    -5.96856e-02     7.12589e-05    -2.60582e-01
    2.70544e+01     2.41612e-02     2.41540e-02     7.07868e-06     8.84194e-03    -4.71119e-02     6.81340e-05    -2.60581e-01
    2.77625e+01     2.41609e-02     2.41537e-02     7.05311e-06     8.84194e-03    -3.48614e-02     6.27060e-05    -2.60580e-01
    2.84892e+01     2.41603e-02     2.41532e-02     7.00686e-06     8.84194e-03    -2.29278e-02     5.28987e-05    -2.60578e-01
    2.92348e+01     2.41592e-02     2.41522e-02     6.92104e-06     8.84194e-03    -1.13072e-02     3.46660e-05    -2.60575e-01
    3.00000e+01     2.41571e-02     2.41502e-02     6.75876e-06     8.84194e-03     0.00000e+00     0.00000e+00    -2.60568e-01
