# All units in [AU] if not specified
{"name":"Al", "Z":13, "Zstar":12.6282958984375, "A":28,  "μ[AU]": -2.038e+02, "T[AU]": 3.675e+01, "rs[AU]": 3.000e+00 }
	 r[AU]  	 n[AU]  	 nf[AU]  	 nb[AU]     n_ion[AU]    (φ_e+φ_ions)[AU]   φtotal[AU]     δVxc/δρ[Au]  
    1.00000e-03     1.38579e+05     2.37355e+00     1.38565e+05     0.00000e+00    -2.04891e+01     1.29791e+04    -3.84056e+01
    1.02617e-03     1.33227e+05     2.34317e+00     1.33214e+05     0.00000e+00    -2.04789e+01     1.26475e+04    -3.79068e+01
    1.05303e-03     1.28080e+05     2.31318e+00     1.28067e+05     0.00000e+00    -2.04679e+01     1.23244e+04    -3.74142e+01
    1.08059e-03     1.23129e+05     2.28357e+00     1.23117e+05     0.00000e+00    -2.04560e+01     1.20095e+04    -3.69278e+01
    1.10888e-03     1.18368e+05     2.25434e+00     1.18356e+05     0.00000e+00    -2.04432e+01     1.17027e+04    -3.64475e+01
    1.13790e-03     1.13788e+05     2.22549e+00     1.13777e+05     0.00000e+00    -2.04295e+01     1.14037e+04    -3.59733e+01
    1.16768e-03     1.09384e+05     2.19701e+00     1.09372e+05     0.00000e+00    -2.04149e+01     1.11123e+04    -3.55050e+01
    1.19825e-03     1.05148e+05     2.16889e+00     1.05137e+05     0.00000e+00    -2.03995e+01     1.08284e+04    -3.50427e+01
    1.22961e-03     1.01074e+05     2.14114e+00     1.01063e+05     0.00000e+00    -2.03832e+01     1.05517e+04    -3.45861e+01
    1.26179e-03     9.71556e+04     2.11374e+00     9.71452e+04     0.00000e+00    -2.03660e+01     1.02820e+04    -3.41353e+01
    1.29482e-03     9.33872e+04     2.08670e+00     9.33772e+04     0.00000e+00    -2.03481e+01     1.00192e+04    -3.36901e+01
    1.32871e-03     8.97630e+04     2.06000e+00     8.97534e+04     0.00000e+00    -2.03292e+01     9.76318e+03    -3.32505e+01
    1.36348e-03     8.62775e+04     2.03365e+00     8.62682e+04     0.00000e+00    -2.03096e+01     9.51365e+03    -3.28164e+01
    1.39917e-03     8.29254e+04     2.00764e+00     8.29164e+04     0.00000e+00    -2.02891e+01     9.27049e+03    -3.23877e+01
    1.43579e-03     7.97015e+04     1.98196e+00     7.96929e+04     0.00000e+00    -2.02678e+01     9.03353e+03    -3.19645e+01
    1.47337e-03     7.66012e+04     1.95661e+00     7.65928e+04     0.00000e+00    -2.02457e+01     8.80261e+03    -3.15465e+01
    1.51194e-03     7.36196e+04     1.93159e+00     7.36115e+04     0.00000e+00    -2.02228e+01     8.57759e+03    -3.11337e+01
    1.55151e-03     7.07522e+04     1.90688e+00     7.07443e+04     0.00000e+00    -2.01990e+01     8.35830e+03    -3.07261e+01
    1.59212e-03     6.79946e+04     1.88250e+00     6.79870e+04     0.00000e+00    -2.01745e+01     8.14461e+03    -3.03236e+01
    1.63379e-03     6.53427e+04     1.85843e+00     6.53354e+04     0.00000e+00    -2.01491e+01     7.93638e+03    -2.99260e+01
    1.67655e-03     6.27925e+04     1.83467e+00     6.27854e+04     0.00000e+00    -2.01230e+01     7.73345e+03    -2.95335e+01
    1.72043e-03     6.03401e+04     1.81122e+00     6.03332e+04     0.00000e+00    -2.00960e+01     7.53570e+03    -2.91458e+01
    1.76546e-03     5.79817e+04     1.78806e+00     5.79751e+04     0.00000e+00    -2.00683e+01     7.34300e+03    -2.87630e+01
    1.81167e-03     5.57138e+04     1.76521e+00     5.57073e+04     0.00000e+00    -2.00398e+01     7.15522e+03    -2.83849e+01
    1.85909e-03     5.35328e+04     1.74265e+00     5.35266e+04     0.00000e+00    -2.00105e+01     6.97222e+03    -2.80115e+01
    1.90775e-03     5.14356e+04     1.72038e+00     5.14296e+04     0.00000e+00    -1.99804e+01     6.79390e+03    -2.76428e+01
    1.95768e-03     4.94189e+04     1.69840e+00     4.94131e+04     0.00000e+00    -1.99495e+01     6.62012e+03    -2.72786e+01
    2.00892e-03     4.74796e+04     1.67670e+00     4.74740e+04     0.00000e+00    -1.99179e+01     6.45078e+03    -2.69189e+01
    2.06150e-03     4.56149e+04     1.65528e+00     4.56095e+04     0.00000e+00    -1.98854e+01     6.28576e+03    -2.65637e+01
    2.11546e-03     4.38218e+04     1.63413e+00     4.38165e+04     0.00000e+00    -1.98522e+01     6.12495e+03    -2.62129e+01
    2.17083e-03     4.20976e+04     1.61326e+00     4.20925e+04     0.00000e+00    -1.98182e+01     5.96824e+03    -2.58664e+01
    2.22765e-03     4.04397e+04     1.59265e+00     4.04347e+04     0.00000e+00    -1.97834e+01     5.81554e+03    -2.55242e+01
    2.28595e-03     3.88455e+04     1.57232e+00     3.88408e+04     0.00000e+00    -1.97479e+01     5.66672e+03    -2.51862e+01
    2.34579e-03     3.73127e+04     1.55224e+00     3.73081e+04     0.00000e+00    -1.97116e+01     5.52171e+03    -2.48524e+01
    2.40718e-03     3.58389e+04     1.53242e+00     3.58344e+04     0.00000e+00    -1.96745e+01     5.38040e+03    -2.45227e+01
    2.47019e-03     3.44218e+04     1.51286e+00     3.44175e+04     0.00000e+00    -1.96366e+01     5.24269e+03    -2.41970e+01
    2.53484e-03     3.30593e+04     1.49355e+00     3.30551e+04     0.00000e+00    -1.95980e+01     5.10849e+03    -2.38753e+01
    2.60119e-03     3.17493e+04     1.47449e+00     3.17453e+04     0.00000e+00    -1.95586e+01     4.97773e+03    -2.35576e+01
    2.66927e-03     3.04898e+04     1.45567e+00     3.04859e+04     0.00000e+00    -1.95184e+01     4.85029e+03    -2.32437e+01
    2.73913e-03     2.92789e+04     1.43710e+00     2.92750e+04     0.00000e+00    -1.94774e+01     4.72611e+03    -2.29337e+01
    2.81083e-03     2.81146e+04     1.41877e+00     2.81109e+04     0.00000e+00    -1.94357e+01     4.60510e+03    -2.26275e+01
    2.88440e-03     2.69953e+04     1.40067e+00     2.69917e+04     0.00000e+00    -1.93932e+01     4.48718e+03    -2.23250e+01
    2.95989e-03     2.59192e+04     1.38280e+00     2.59157e+04     0.00000e+00    -1.93499e+01     4.37227e+03    -2.20262e+01
    3.03736e-03     2.48847e+04     1.36517e+00     2.48813e+04     0.00000e+00    -1.93058e+01     4.26029e+03    -2.17311e+01
    3.11686e-03     2.38901e+04     1.34776e+00     2.38869e+04     0.00000e+00    -1.92610e+01     4.15117e+03    -2.14395e+01
    3.19844e-03     2.29340e+04     1.33058e+00     2.29309e+04     0.00000e+00    -1.92154e+01     4.04483e+03    -2.11514e+01
    3.28216e-03     2.20149e+04     1.31362e+00     2.20118e+04     0.00000e+00    -1.91690e+01     3.94121e+03    -2.08669e+01
    3.36806e-03     2.11314e+04     1.29688e+00     2.11284e+04     0.00000e+00    -1.91218e+01     3.84023e+03    -2.05857e+01
    3.45622e-03     2.02820e+04     1.28036e+00     2.02791e+04     0.00000e+00    -1.90739e+01     3.74183e+03    -2.03080e+01
    3.54668e-03     1.94656e+04     1.26405e+00     1.94627e+04     0.00000e+00    -1.90251e+01     3.64594e+03    -2.00336e+01
    3.63951e-03     1.86808e+04     1.24795e+00     1.86780e+04     0.00000e+00    -1.89756e+01     3.55250e+03    -1.97625e+01
    3.73477e-03     1.79264e+04     1.23205e+00     1.79237e+04     0.00000e+00    -1.89253e+01     3.46145e+03    -1.94947e+01
    3.83252e-03     1.72013e+04     1.21637e+00     1.71987e+04     0.00000e+00    -1.88742e+01     3.37272e+03    -1.92301e+01
    3.93283e-03     1.65044e+04     1.20088e+00     1.65019e+04     0.00000e+00    -1.88223e+01     3.28625e+03    -1.89686e+01
    4.03577e-03     1.58345e+04     1.18560e+00     1.58321e+04     0.00000e+00    -1.87696e+01     3.20199e+03    -1.87103e+01
    4.14140e-03     1.51907e+04     1.17051e+00     1.51883e+04     0.00000e+00    -1.87162e+01     3.11989e+03    -1.84550e+01
    4.24979e-03     1.45719e+04     1.15562e+00     1.45696e+04     0.00000e+00    -1.86619e+01     3.03988e+03    -1.82028e+01
    4.36103e-03     1.39772e+04     1.14092e+00     1.39750e+04     0.00000e+00    -1.86068e+01     2.96191e+03    -1.79536e+01
    4.47517e-03     1.34057e+04     1.12641e+00     1.34035e+04     0.00000e+00    -1.85510e+01     2.88593e+03    -1.77073e+01
    4.59230e-03     1.28564e+04     1.11209e+00     1.28543e+04     0.00000e+00    -1.84943e+01     2.81190e+03    -1.74639e+01
    4.71250e-03     1.23286e+04     1.09795e+00     1.23266e+04     0.00000e+00    -1.84369e+01     2.73975e+03    -1.72234e+01
    4.83584e-03     1.18214e+04     1.08400e+00     1.18194e+04     0.00000e+00    -1.83786e+01     2.66945e+03    -1.69857e+01
    4.96241e-03     1.13340e+04     1.07022e+00     1.13321e+04     0.00000e+00    -1.83196e+01     2.60094e+03    -1.67508e+01
    5.09230e-03     1.08657e+04     1.05663e+00     1.08638e+04     0.00000e+00    -1.82597e+01     2.53418e+03    -1.65186e+01
    5.22558e-03     1.04156e+04     1.04321e+00     1.04138e+04     0.00000e+00    -1.81990e+01     2.46913e+03    -1.62892e+01
    5.36236e-03     9.98325e+03     1.02997e+00     9.98147e+03     0.00000e+00    -1.81376e+01     2.40574e+03    -1.60624e+01
    5.50271e-03     9.56781e+03     1.01690e+00     9.56608e+03     0.00000e+00    -1.80753e+01     2.34396e+03    -1.58382e+01
    5.64673e-03     9.16867e+03     1.00399e+00     9.16698e+03     0.00000e+00    -1.80122e+01     2.28377e+03    -1.56167e+01
    5.79453e-03     8.78520e+03     9.91256e-01     8.78356e+03     0.00000e+00    -1.79483e+01     2.22511e+03    -1.53977e+01
    5.94619e-03     8.41681e+03     9.78686e-01     8.41521e+03     0.00000e+00    -1.78836e+01     2.16796e+03    -1.51812e+01
    6.10183e-03     8.06290e+03     9.66278e-01     8.06135e+03     0.00000e+00    -1.78180e+01     2.11226e+03    -1.49672e+01
    6.26153e-03     7.72294e+03     9.54032e-01     7.72143e+03     0.00000e+00    -1.77517e+01     2.05798e+03    -1.47556e+01
    6.42542e-03     7.39639e+03     9.41945e-01     7.39491e+03     0.00000e+00    -1.76845e+01     2.00510e+03    -1.45464e+01
    6.59360e-03     7.08272e+03     9.30015e-01     7.08128e+03     0.00000e+00    -1.76165e+01     1.95356e+03    -1.43396e+01
    6.76618e-03     6.78145e+03     9.18239e-01     6.78004e+03     0.00000e+00    -1.75477e+01     1.90334e+03    -1.41352e+01
    6.94327e-03     6.49209e+03     9.06617e-01     6.49072e+03     0.00000e+00    -1.74781e+01     1.85440e+03    -1.39330e+01
    7.12500e-03     6.21420e+03     8.95146e-01     6.21286e+03     0.00000e+00    -1.74077e+01     1.80672e+03    -1.37331e+01
    7.31149e-03     5.94733e+03     8.83824e-01     5.94602e+03     0.00000e+00    -1.73365e+01     1.76025e+03    -1.35354e+01
    7.50286e-03     5.69105e+03     8.72650e-01     5.68978e+03     0.00000e+00    -1.72644e+01     1.71498e+03    -1.33400e+01
    7.69923e-03     5.44496e+03     8.61621e-01     5.44372e+03     0.00000e+00    -1.71916e+01     1.67085e+03    -1.31467e+01
    7.90075e-03     5.20867e+03     8.50736e-01     5.20746e+03     0.00000e+00    -1.71179e+01     1.62786e+03    -1.29555e+01
    8.10754e-03     4.98179e+03     8.39993e-01     4.98061e+03     0.00000e+00    -1.70434e+01     1.58597e+03    -1.27664e+01
    8.31975e-03     4.76398e+03     8.29389e-01     4.76283e+03     0.00000e+00    -1.69681e+01     1.54515e+03    -1.25794e+01
    8.53751e-03     4.55488e+03     8.18924e-01     4.55375e+03     0.00000e+00    -1.68919e+01     1.50537e+03    -1.23944e+01
    8.76096e-03     4.35415e+03     8.08596e-01     4.35305e+03     0.00000e+00    -1.68150e+01     1.46661e+03    -1.22114e+01
    8.99027e-03     4.16147e+03     7.98402e-01     4.16039e+03     0.00000e+00    -1.67373e+01     1.42884e+03    -1.20303e+01
    9.22558e-03     3.97653e+03     7.88342e-01     3.97548e+03     0.00000e+00    -1.66588e+01     1.39203e+03    -1.18512e+01
    9.46704e-03     3.79903e+03     7.78413e-01     3.79800e+03     0.00000e+00    -1.65794e+01     1.35617e+03    -1.16740e+01
    9.71483e-03     3.62869e+03     7.68614e-01     3.62769e+03     0.00000e+00    -1.64993e+01     1.32123e+03    -1.14987e+01
    9.96910e-03     3.46523e+03     7.58943e-01     3.46425e+03     0.00000e+00    -1.64184e+01     1.28718e+03    -1.13252e+01
    1.02300e-02     3.30838e+03     7.49399e-01     3.30742e+03     0.00000e+00    -1.63367e+01     1.25400e+03    -1.11535e+01
    1.04978e-02     3.15789e+03     7.39979e-01     3.15695e+03     0.00000e+00    -1.62542e+01     1.22167e+03    -1.09836e+01
    1.07726e-02     3.01351e+03     7.30683e-01     3.01260e+03     0.00000e+00    -1.61709e+01     1.19017e+03    -1.08154e+01
    1.10545e-02     2.87501e+03     7.21509e-01     2.87412e+03     0.00000e+00    -1.60869e+01     1.15947e+03    -1.06489e+01
    1.13438e-02     2.74217e+03     7.12456e-01     2.74129e+03     0.00000e+00    -1.60021e+01     1.12956e+03    -1.04841e+01
    1.16408e-02     2.61475e+03     7.03521e-01     2.61389e+03     0.00000e+00    -1.59165e+01     1.10042e+03    -1.03210e+01
    1.19454e-02     2.49255e+03     6.94704e-01     2.49171e+03     0.00000e+00    -1.58302e+01     1.07202e+03    -1.01595e+01
    1.22581e-02     2.37538e+03     6.86002e-01     2.37455e+03     0.00000e+00    -1.57432e+01     1.04435e+03    -9.99955e+00
    1.25789e-02     2.26302e+03     6.77415e-01     2.26222e+03     0.00000e+00    -1.56554e+01     1.01739e+03    -9.84119e+00
    1.29082e-02     2.15531e+03     6.68941e-01     2.15452e+03     0.00000e+00    -1.55669e+01     9.91114e+02    -9.68436e+00
    1.32460e-02     2.05206e+03     6.60578e-01     2.05128e+03     0.00000e+00    -1.54776e+01     9.65516e+02    -9.52903e+00
    1.35927e-02     1.95309e+03     6.52326e-01     1.95233e+03     0.00000e+00    -1.53877e+01     9.40573e+02    -9.37517e+00
    1.39485e-02     1.85825e+03     6.44183e-01     1.85750e+03     0.00000e+00    -1.52971e+01     9.16270e+02    -9.22275e+00
    1.43136e-02     1.76736e+03     6.36147e-01     1.76663e+03     0.00000e+00    -1.52058e+01     8.92590e+02    -9.07175e+00
    1.46882e-02     1.68028e+03     6.28217e-01     1.67957e+03     0.00000e+00    -1.51138e+01     8.69516e+02    -8.92212e+00
    1.50727e-02     1.59687e+03     6.20392e-01     1.59616e+03     0.00000e+00    -1.50212e+01     8.47034e+02    -8.77384e+00
    1.54672e-02     1.51697e+03     6.12670e-01     1.51628e+03     0.00000e+00    -1.49279e+01     8.25129e+02    -8.62688e+00
    1.58720e-02     1.44045e+03     6.05051e-01     1.43977e+03     0.00000e+00    -1.48340e+01     8.03785e+02    -8.48122e+00
    1.62874e-02     1.36718e+03     5.97532e-01     1.36651e+03     0.00000e+00    -1.47395e+01     7.82989e+02    -8.33681e+00
    1.67137e-02     1.29703e+03     5.90113e-01     1.29638e+03     0.00000e+00    -1.46444e+01     7.62726e+02    -8.19363e+00
    1.71512e-02     1.22989e+03     5.82793e-01     1.22925e+03     0.00000e+00    -1.45487e+01     7.42983e+02    -8.05166e+00
    1.76001e-02     1.16563e+03     5.75570e-01     1.16501e+03     0.00000e+00    -1.44525e+01     7.23747e+02    -7.91085e+00
    1.80608e-02     1.10415e+03     5.68442e-01     1.10354e+03     0.00000e+00    -1.43557e+01     7.05004e+02    -7.77118e+00
    1.85335e-02     1.04534e+03     5.61410e-01     1.04473e+03     0.00000e+00    -1.42584e+01     6.86742e+02    -7.63263e+00
    1.90186e-02     9.89086e+02     5.54471e-01     9.88492e+02     0.00000e+00    -1.41607e+01     6.68949e+02    -7.49515e+00
    1.95163e-02     9.35298e+02     5.47624e-01     9.34714e+02     0.00000e+00    -1.40624e+01     6.51613e+02    -7.35871e+00
    2.00272e-02     8.83878e+02     5.40869e-01     8.83305e+02     0.00000e+00    -1.39637e+01     6.34722e+02    -7.22329e+00
    2.05513e-02     8.34735e+02     5.34204e-01     8.34171e+02     0.00000e+00    -1.38647e+01     6.18264e+02    -7.08886e+00
    2.10892e-02     7.87781e+02     5.27628e-01     7.87226e+02     0.00000e+00    -1.37652e+01     6.02230e+02    -6.95538e+00
    2.16412e-02     7.42931e+02     5.21139e-01     7.42385e+02     0.00000e+00    -1.36653e+01     5.86607e+02    -6.82282e+00
    2.22077e-02     7.00102e+02     5.14738e-01     6.99566e+02     0.00000e+00    -1.35651e+01     5.71385e+02    -6.69115e+00
    2.27889e-02     6.59219e+02     5.08422e-01     6.58691e+02     0.00000e+00    -1.34646e+01     5.56555e+02    -6.56034e+00
    2.33854e-02     6.20205e+02     5.02190e-01     6.19686e+02     0.00000e+00    -1.33639e+01     5.42106e+02    -6.43035e+00
    2.39975e-02     5.82989e+02     4.96042e-01     5.82478e+02     0.00000e+00    -1.32629e+01     5.28028e+02    -6.30116e+00
    2.46256e-02     5.47502e+02     4.89977e-01     5.47000e+02     0.00000e+00    -1.31617e+01     5.14312e+02    -6.17273e+00
    2.52701e-02     5.13678e+02     4.83993e-01     5.13183e+02     0.00000e+00    -1.30603e+01     5.00948e+02    -6.04503e+00
    2.59315e-02     4.81454e+02     4.78089e-01     4.80967e+02     0.00000e+00    -1.29588e+01     4.87928e+02    -5.91803e+00
    2.66102e-02     4.50768e+02     4.72265e-01     4.50289e+02     0.00000e+00    -1.28573e+01     4.75243e+02    -5.79170e+00
    2.73067e-02     4.21564e+02     4.66518e-01     4.21092e+02     0.00000e+00    -1.27556e+01     4.62884e+02    -5.66602e+00
    2.80214e-02     3.93784e+02     4.60850e-01     3.93319e+02     0.00000e+00    -1.26540e+01     4.50843e+02    -5.54094e+00
    2.87549e-02     3.67377e+02     4.55257e-01     3.66920e+02     0.00000e+00    -1.25524e+01     4.39112e+02    -5.41645e+00
    2.95075e-02     3.42292e+02     4.49740e-01     3.41841e+02     0.00000e+00    -1.24508e+01     4.27682e+02    -5.29252e+00
    3.02798e-02     3.18480e+02     4.44298e-01     3.18035e+02     0.00000e+00    -1.23494e+01     4.16546e+02    -5.16913e+00
    3.10723e-02     2.95894e+02     4.38929e-01     2.95456e+02     0.00000e+00    -1.22482e+01     4.05697e+02    -5.04625e+00
    3.18856e-02     2.74491e+02     4.33632e-01     2.74060e+02     0.00000e+00    -1.21472e+01     3.95127e+02    -4.92388e+00
    3.27202e-02     2.54229e+02     4.28407e-01     2.53803e+02     0.00000e+00    -1.20464e+01     3.84829e+02    -4.80201e+00
    3.35766e-02     2.35067e+02     4.23252e-01     2.34648e+02     0.00000e+00    -1.19460e+01     3.74795e+02    -4.68062e+00
    3.44554e-02     2.16968e+02     4.18168e-01     2.16554e+02     0.00000e+00    -1.18459e+01     3.65020e+02    -4.55972e+00
    3.53572e-02     1.99894e+02     4.13152e-01     1.99486e+02     0.00000e+00    -1.17462e+01     3.55496e+02    -4.43933e+00
    3.62826e-02     1.83811e+02     4.08204e-01     1.83408e+02     0.00000e+00    -1.16471e+01     3.46218e+02    -4.31945e+00
    3.72323e-02     1.68685e+02     4.03323e-01     1.68288e+02     0.00000e+00    -1.15484e+01     3.37178e+02    -4.20013e+00
    3.82068e-02     1.54485e+02     3.98508e-01     1.54092e+02     0.00000e+00    -1.14504e+01     3.28370e+02    -4.08140e+00
    3.92068e-02     1.41179e+02     3.93759e-01     1.40791e+02     0.00000e+00    -1.13529e+01     3.19789e+02    -3.96333e+00
    4.02330e-02     1.28736e+02     3.89075e-01     1.28354e+02     0.00000e+00    -1.12562e+01     3.11428e+02    -3.84598e+00
    4.12860e-02     1.17129e+02     3.84454e-01     1.16751e+02     0.00000e+00    -1.11602e+01     3.03283e+02    -3.72945e+00
    4.23666e-02     1.06327e+02     3.79897e-01     1.05953e+02     0.00000e+00    -1.10650e+01     2.95347e+02    -3.61384e+00
    4.34755e-02     9.63011e+01     3.75401e-01     9.59324e+01     0.00000e+00    -1.09707e+01     2.87615e+02    -3.49928e+00
    4.46134e-02     8.70234e+01     3.70968e-01     8.66590e+01     0.00000e+00    -1.08772e+01     2.80081e+02    -3.38591e+00
    4.57811e-02     7.84638e+01     3.66595e-01     7.81037e+01     0.00000e+00    -1.07847e+01     2.72742e+02    -3.27390e+00
    4.69794e-02     7.05924e+01     3.62282e-01     7.02364e+01     0.00000e+00    -1.06932e+01     2.65590e+02    -3.16342e+00
    4.82090e-02     6.33784e+01     3.58029e-01     6.30265e+01     0.00000e+00    -1.06028e+01     2.58623e+02    -3.05466e+00
    4.94708e-02     5.67899e+01     3.53835e-01     5.64419e+01     0.00000e+00    -1.05134e+01     2.51834e+02    -2.94783e+00
    5.07657e-02     5.07942e+01     3.49700e-01     5.04500e+01     0.00000e+00    -1.04252e+01     2.45220e+02    -2.84314e+00
    5.20944e-02     4.53574e+01     3.45622e-01     4.50171e+01     0.00000e+00    -1.03381e+01     2.38776e+02    -2.74078e+00
    5.34579e-02     4.04451e+01     3.41601e-01     4.01085e+01     0.00000e+00    -1.02523e+01     2.32497e+02    -2.64096e+00
    5.48571e-02     3.60220e+01     3.37636e-01     3.56890e+01     0.00000e+00    -1.01676e+01     2.26379e+02    -2.54387e+00
    5.62929e-02     3.20527e+01     3.33728e-01     3.17233e+01     0.00000e+00    -1.00843e+01     2.20417e+02    -2.44968e+00
    5.77663e-02     2.85017e+01     3.29875e-01     2.81758e+01     0.00000e+00    -1.00022e+01     2.14609e+02    -2.35854e+00
    5.92782e-02     2.53341e+01     3.26077e-01     2.50117e+01     0.00000e+00    -9.92144e+00     2.08950e+02    -2.27056e+00
    6.08297e-02     2.25158e+01     3.22334e-01     2.21969e+01     0.00000e+00    -9.84200e+00     2.03436e+02    -2.18585e+00
    6.24219e-02     2.00141e+01     3.18644e-01     1.96985e+01     0.00000e+00    -9.76390e+00     1.98063e+02    -2.10446e+00
    6.40557e-02     1.77975e+01     3.15007e-01     1.74853e+01     0.00000e+00    -9.68715e+00     1.92828e+02    -2.02643e+00
    6.57323e-02     1.58368e+01     3.11422e-01     1.55278e+01     0.00000e+00    -9.61175e+00     1.87727e+02    -1.95177e+00
    6.74527e-02     1.41044e+01     3.07890e-01     1.37988e+01     0.00000e+00    -9.53771e+00     1.82757e+02    -1.88044e+00
    6.92182e-02     1.25752e+01     3.04409e-01     1.22727e+01     0.00000e+00    -9.46503e+00     1.77914e+02    -1.81241e+00
    7.10299e-02     1.12259e+01     3.00978e-01     1.09267e+01     0.00000e+00    -9.39371e+00     1.73195e+02    -1.74760e+00
    7.28890e-02     1.00358e+01     2.97598e-01     9.73969e+00     0.00000e+00    -9.32374e+00     1.68596e+02    -1.68593e+00
    7.47968e-02     8.98572e+00     2.94267e-01     8.69291e+00     0.00000e+00    -9.25511e+00     1.64116e+02    -1.62729e+00
    7.67545e-02     8.05934e+00     2.90984e-01     7.76950e+00     0.00000e+00    -9.18782e+00     1.59750e+02    -1.57160e+00
    7.87634e-02     7.24117e+00     2.87750e-01     6.95449e+00     0.00000e+00    -9.12185e+00     1.55496e+02    -1.51872e+00
    8.08249e-02     6.51834e+00     2.84563e-01     6.23463e+00     0.00000e+00    -9.05720e+00     1.51351e+02    -1.46853e+00
    8.29404e-02     5.87886e+00     2.81424e-01     5.59821e+00     0.00000e+00    -8.99385e+00     1.47312e+02    -1.42091e+00
    8.51113e-02     5.31270e+00     2.78330e-01     5.03497e+00     0.00000e+00    -8.93178e+00     1.43376e+02    -1.37574e+00
    8.73389e-02     4.81065e+00     2.75282e-01     4.53588e+00     0.00000e+00    -8.87097e+00     1.39541e+02    -1.33289e+00
    8.96249e-02     4.36495e+00     2.72279e-01     4.09307e+00     0.00000e+00    -8.81142e+00     1.35804e+02    -1.29224e+00
    9.19707e-02     3.96844e+00     2.69321e-01     3.69963e+00     0.00000e+00    -8.75309e+00     1.32163e+02    -1.25366e+00
    9.43779e-02     3.61570e+00     2.66407e-01     3.34955e+00     0.00000e+00    -8.69598e+00     1.28615e+02    -1.21708e+00
    9.68482e-02     3.30091e+00     2.63535e-01     3.03757e+00     0.00000e+00    -8.64005e+00     1.25157e+02    -1.18235e+00
    9.93830e-02     3.01966e+00     2.60707e-01     2.75910e+00     0.00000e+00    -8.58530e+00     1.21788e+02    -1.14937e+00
    1.01984e-01     2.76773e+00     2.57920e-01     2.51016e+00     0.00000e+00    -8.53170e+00     1.18506e+02    -1.11802e+00
    1.04654e-01     2.54236e+00     2.55175e-01     2.28725e+00     0.00000e+00    -8.47923e+00     1.15307e+02    -1.08830e+00
    1.07393e-01     2.33951e+00     2.52471e-01     2.08732e+00     0.00000e+00    -8.42787e+00     1.12190e+02    -1.05999e+00
    1.10204e-01     2.15737e+00     2.49808e-01     1.90771e+00     0.00000e+00    -8.37760e+00     1.09153e+02    -1.03311e+00
    1.13088e-01     1.99324e+00     2.47184e-01     1.74609e+00     0.00000e+00    -8.32840e+00     1.06193e+02    -1.00754e+00
    1.16048e-01     1.84500e+00     2.44599e-01     1.60043e+00     0.00000e+00    -8.28024e+00     1.03309e+02    -9.83197e-01
    1.19085e-01     1.71087e+00     2.42054e-01     1.46894e+00     0.00000e+00    -8.23310e+00     1.00499e+02    -9.60000e-01
    1.22202e-01     1.58948e+00     2.39547e-01     1.35005e+00     0.00000e+00    -8.18697e+00     9.77607e+01    -9.37919e-01
    1.25401e-01     1.47956e+00     2.37077e-01     1.24239e+00     0.00000e+00    -8.14182e+00     9.50925e+01    -9.16915e-01
    1.28683e-01     1.37937e+00     2.34645e-01     1.14474e+00     0.00000e+00    -8.09763e+00     9.24926e+01    -8.96829e-01
    1.32051e-01     1.28836e+00     2.32249e-01     1.05604e+00     0.00000e+00    -8.05438e+00     8.99591e+01    -8.77705e-01
    1.35507e-01     1.20524e+00     2.29890e-01     9.75357e-01     0.00000e+00    -8.01204e+00     8.74905e+01    -8.59422e-01
    1.39054e-01     1.12956e+00     2.27567e-01     9.01852e-01     0.00000e+00    -7.97061e+00     8.50849e+01    -8.42014e-01
    1.42694e-01     1.06005e+00     2.25279e-01     8.34791e-01     0.00000e+00    -7.93005e+00     8.27410e+01    -8.25314e-01
    1.46428e-01     9.96550e-01     2.23026e-01     7.73527e-01     0.00000e+00    -7.89035e+00     8.04570e+01    -8.09395e-01
    1.50261e-01     9.38417e-01     2.20807e-01     7.17482e-01     0.00000e+00    -7.85148e+00     7.82314e+01    -7.94204e-01
    1.54194e-01     8.84922e-01     2.18622e-01     6.66143e-01     0.00000e+00    -7.81344e+00     7.60627e+01    -7.79649e-01
    1.58230e-01     8.35667e-01     2.16470e-01     6.19053e-01     0.00000e+00    -7.77619e+00     7.39496e+01    -7.65708e-01
    1.62371e-01     7.90283e-01     2.14352e-01     5.75807e-01     0.00000e+00    -7.73971e+00     7.18905e+01    -7.52359e-01
    1.66621e-01     7.48426e-01     2.12266e-01     5.36042e-01     0.00000e+00    -7.70400e+00     6.98841e+01    -7.39575e-01
    1.70982e-01     7.09774e-01     2.10213e-01     4.99434e-01     0.00000e+00    -7.66903e+00     6.79291e+01    -7.27331e-01
    1.75457e-01     6.74033e-01     2.08191e-01     4.65696e-01     0.00000e+00    -7.63478e+00     6.60241e+01    -7.15685e-01
    1.80049e-01     6.40927e-01     2.06200e-01     4.34566e-01     0.00000e+00    -7.60123e+00     6.41678e+01    -7.04586e-01
    1.84762e-01     6.10200e-01     2.04241e-01     4.05811e-01     0.00000e+00    -7.56836e+00     6.23591e+01    -6.93932e-01
    1.89598e-01     5.81619e-01     2.02311e-01     3.79220e-01     0.00000e+00    -7.53617e+00     6.05966e+01    -6.83691e-01
    1.94560e-01     5.54972e-01     2.00412e-01     3.54605e-01     0.00000e+00    -7.50462e+00     5.88793e+01    -6.73832e-01
    1.99653e-01     5.30414e-01     1.98543e-01     3.31799e-01     0.00000e+00    -7.47370e+00     5.72060e+01    -6.64458e-01
    2.04878e-01     5.07503e-01     1.96703e-01     3.10646e-01     0.00000e+00    -7.44340e+00     5.55755e+01    -6.55443e-01
    2.10241e-01     4.86007e-01     1.94891e-01     2.91008e-01     0.00000e+00    -7.41369e+00     5.39868e+01    -6.46732e-01
    2.15744e-01     4.65848e-01     1.93108e-01     2.72759e-01     0.00000e+00    -7.38457e+00     5.24388e+01    -6.38322e-01
    2.21390e-01     4.47280e-01     1.91353e-01     2.55788e-01     0.00000e+00    -7.35601e+00     5.09305e+01    -6.30354e-01
    2.27185e-01     4.29725e-01     1.89626e-01     2.39990e-01     0.00000e+00    -7.32799e+00     4.94608e+01    -6.22612e-01
    2.33131e-01     4.13220e-01     1.87926e-01     2.25273e-01     0.00000e+00    -7.30051e+00     4.80287e+01    -6.15136e-01
    2.39233e-01     3.97953e-01     1.86254e-01     2.11551e-01     0.00000e+00    -7.27355e+00     4.66334e+01    -6.08038e-01
    2.45495e-01     3.83361e-01     1.84607e-01     1.98747e-01     0.00000e+00    -7.24708e+00     4.52739e+01    -6.01079e-01
    2.51920e-01     3.69909e-01     1.82987e-01     1.86792e-01     0.00000e+00    -7.22110e+00     4.39492e+01    -5.94503e-01
    2.58514e-01     3.57078e-01     1.81393e-01     1.75620e-01     0.00000e+00    -7.19559e+00     4.26585e+01    -5.88077e-01
    2.65280e-01     3.45108e-01     1.79824e-01     1.65173e-01     0.00000e+00    -7.17053e+00     4.14009e+01    -5.81940e-01
    2.72223e-01     3.33755e-01     1.78281e-01     1.55397e-01     0.00000e+00    -7.14591e+00     4.01756e+01    -5.75984e-01
    2.79349e-01     3.23115e-01     1.76762e-01     1.46243e-01     0.00000e+00    -7.12172e+00     3.89818e+01    -5.70276e-01
    2.86660e-01     3.12995e-01     1.75268e-01     1.37666e-01     0.00000e+00    -7.09793e+00     3.78186e+01    -5.64727e-01
    2.94163e-01     3.03547e-01     1.73798e-01     1.29626e-01     0.00000e+00    -7.07454e+00     3.66853e+01    -5.59436e-01
    3.01862e-01     2.94444e-01     1.72351e-01     1.22083e-01     0.00000e+00    -7.05152e+00     3.55811e+01    -5.54231e-01
    3.09763e-01     2.86065e-01     1.70928e-01     1.15004e-01     0.00000e+00    -7.02888e+00     3.45053e+01    -5.49343e-01
    3.17871e-01     2.77902e-01     1.69529e-01     1.08356e-01     0.00000e+00    -7.00658e+00     3.34572e+01    -5.44486e-01
    3.26191e-01     2.70369e-01     1.68152e-01     1.02110e-01     0.00000e+00    -6.98462e+00     3.24360e+01    -5.39918e-01
    3.34728e-01     2.63136e-01     1.66797e-01     9.62379e-02     0.00000e+00    -6.96298e+00     3.14412e+01    -5.35449e-01
    3.43489e-01     2.56199e-01     1.65465e-01     9.07151e-02     0.00000e+00    -6.94166e+00     3.04719e+01    -5.31084e-01
    3.52480e-01     2.49798e-01     1.64155e-01     8.55192e-02     0.00000e+00    -6.92062e+00     2.95276e+01    -5.26984e-01
    3.61705e-01     2.43561e-01     1.62866e-01     8.06275e-02     0.00000e+00    -6.89987e+00     2.86077e+01    -5.22921e-01
    3.71173e-01     2.37668e-01     1.61599e-01     7.60210e-02     0.00000e+00    -6.87938e+00     2.77114e+01    -5.19015e-01
    3.80887e-01     2.32155e-01     1.60353e-01     7.16814e-02     0.00000e+00    -6.85914e+00     2.68383e+01    -5.15302e-01
    3.90857e-01     2.26785e-01     1.59127e-01     6.75911e-02     0.00000e+00    -6.83914e+00     2.59878e+01    -5.11626e-01
    4.01087e-01     2.21690e-01     1.57922e-01     6.37348e-02     0.00000e+00    -6.81937e+00     2.51592e+01    -5.08084e-01
    4.11585e-01     2.16949e-01     1.56737e-01     6.00981e-02     0.00000e+00    -6.79980e+00     2.43521e+01    -5.04738e-01
    4.22357e-01     2.12330e-01     1.55572e-01     5.66668e-02     0.00000e+00    -6.78043e+00     2.35659e+01    -5.01430e-01
    4.33412e-01     2.07845e-01     1.54426e-01     5.34284e-02     0.00000e+00    -6.76124e+00     2.28000e+01    -4.98170e-01
    4.44756e-01     2.03757e-01     1.53300e-01     5.03718e-02     0.00000e+00    -6.74222e+00     2.20540e+01    -4.95157e-01
    4.56397e-01     1.99790e-01     1.52192e-01     4.74855e-02     0.00000e+00    -6.72335e+00     2.13273e+01    -4.92194e-01
    4.68342e-01     1.95926e-01     1.51104e-01     4.47591e-02     0.00000e+00    -6.70461e+00     2.06195e+01    -4.89269e-01
    4.80601e-01     1.92223e-01     1.50034e-01     4.21834e-02     0.00000e+00    -6.68600e+00     1.99301e+01    -4.86428e-01
    4.93180e-01     1.88821e-01     1.48982e-01     3.97499e-02     0.00000e+00    -6.66750e+00     1.92587e+01    -4.83786e-01
    5.06088e-01     1.85507e-01     1.47948e-01     3.74498e-02     0.00000e+00    -6.64908e+00     1.86048e+01    -4.81180e-01
    5.19334e-01     1.82280e-01     1.46932e-01     3.52754e-02     0.00000e+00    -6.63075e+00     1.79680e+01    -4.78612e-01
    5.32927e-01     1.79147e-01     1.45934e-01     3.32195e-02     0.00000e+00    -6.61247e+00     1.73478e+01    -4.76090e-01
    5.46876e-01     1.76292e-01     1.44952e-01     3.12759e-02     0.00000e+00    -6.59424e+00     1.67438e+01    -4.73765e-01
    5.61190e-01     1.73529e-01     1.43988e-01     2.94378e-02     0.00000e+00    -6.57604e+00     1.61557e+01    -4.71489e-01
    5.75878e-01     1.70838e-01     1.43041e-01     2.76991e-02     0.00000e+00    -6.55785e+00     1.55830e+01    -4.69250e-01
    5.90951e-01     1.68218e-01     1.42110e-01     2.60544e-02     0.00000e+00    -6.53966e+00     1.50255e+01    -4.67047e-01
    6.06418e-01     1.65685e-01     1.41195e-01     2.44986e-02     0.00000e+00    -6.52144e+00     1.44826e+01    -4.64895e-01
    6.22290e-01     1.63384e-01     1.40297e-01     2.30271e-02     0.00000e+00    -6.50318e+00     1.39541e+01    -4.62919e-01
    6.38578e-01     1.61145e-01     1.39415e-01     2.16350e-02     0.00000e+00    -6.48487e+00     1.34395e+01    -4.60979e-01
    6.55292e-01     1.58966e-01     1.38548e-01     2.03179e-02     0.00000e+00    -6.46648e+00     1.29387e+01    -4.59073e-01
    6.72443e-01     1.56844e-01     1.37697e-01     1.90718e-02     0.00000e+00    -6.44799e+00     1.24512e+01    -4.57200e-01
    6.90043e-01     1.54779e-01     1.36861e-01     1.78929e-02     0.00000e+00    -6.42939e+00     1.19767e+01    -4.55360e-01
    7.08104e-01     1.52828e-01     1.36040e-01     1.67779e-02     0.00000e+00    -6.41065e+00     1.15149e+01    -4.53607e-01
    7.26638e-01     1.51019e-01     1.35234e-01     1.57233e-02     0.00000e+00    -6.39176e+00     1.10655e+01    -4.51967e-01
    7.45657e-01     1.49259e-01     1.34443e-01     1.47259e-02     0.00000e+00    -6.37268e+00     1.06283e+01    -4.50359e-01
    7.65173e-01     1.47546e-01     1.33666e-01     1.37827e-02     0.00000e+00    -6.35341e+00     1.02029e+01    -4.48782e-01
    7.85201e-01     1.45881e-01     1.32904e-01     1.28908e-02     0.00000e+00    -6.33391e+00     9.78903e+00    -4.47236e-01
    8.05752e-01     1.44260e-01     1.32156e-01     1.20476e-02     0.00000e+00    -6.31417e+00     9.38649e+00    -4.45720e-01
    8.26842e-01     1.42686e-01     1.31422e-01     1.12507e-02     0.00000e+00    -6.29415e+00     8.99499e+00    -4.44237e-01
    8.48483e-01     1.41212e-01     1.30701e-01     1.04978e-02     0.00000e+00    -6.27384e+00     8.61429e+00    -4.42837e-01
    8.70691e-01     1.39835e-01     1.29995e-01     9.78663e-03     0.00000e+00    -6.25320e+00     8.24414e+00    -4.41522e-01
    8.93480e-01     1.38497e-01     1.29302e-01     9.11501e-03     0.00000e+00    -6.23221e+00     7.88430e+00    -4.40234e-01
    9.16866e-01     1.37196e-01     1.28623e-01     8.48096e-03     0.00000e+00    -6.21084e+00     7.53456e+00    -4.38974e-01
    9.40864e-01     1.35932e-01     1.27957e-01     7.88261e-03     0.00000e+00    -6.18906e+00     7.19470e+00    -4.37742e-01
    9.65489e-01     1.34704e-01     1.27304e-01     7.31818e-03     0.00000e+00    -6.16684e+00     6.86450e+00    -4.36538e-01
    9.90760e-01     1.33511e-01     1.26664e-01     6.78601e-03     0.00000e+00    -6.14415e+00     6.54376e+00    -4.35360e-01
    1.01669e+00     1.32353e-01     1.26037e-01     6.28450e-03     0.00000e+00    -6.12095e+00     6.23229e+00    -4.34210e-01
    1.04330e+00     1.31234e-01     1.25423e-01     5.81216e-03     0.00000e+00    -6.09721e+00     5.92990e+00    -4.33093e-01
    1.07061e+00     1.30208e-01     1.24821e-01     5.36765e-03     0.00000e+00    -6.07289e+00     5.63640e+00    -4.32063e-01
    1.09863e+00     1.29230e-01     1.24233e-01     4.94956e-03     0.00000e+00    -6.04796e+00     5.35162e+00    -4.31076e-01
    1.12739e+00     1.28282e-01     1.23657e-01     4.55656e-03     0.00000e+00    -6.02237e+00     5.07540e+00    -4.30114e-01
    1.15689e+00     1.27363e-01     1.23093e-01     4.18746e-03     0.00000e+00    -5.99608e+00     4.80757e+00    -4.29177e-01
    1.18717e+00     1.26472e-01     1.22542e-01     3.84110e-03     0.00000e+00    -5.96905e+00     4.54799e+00    -4.28264e-01
    1.21825e+00     1.25609e-01     1.22003e-01     3.51638e-03     0.00000e+00    -5.94123e+00     4.29651e+00    -4.27375e-01
    1.25013e+00     1.24773e-01     1.21476e-01     3.21227e-03     0.00000e+00    -5.91258e+00     4.05298e+00    -4.26511e-01
    1.28285e+00     1.23964e-01     1.20962e-01     2.92779e-03     0.00000e+00    -5.88305e+00     3.81728e+00    -4.25670e-01
    1.31643e+00     1.23182e-01     1.20460e-01     2.66198e-03     0.00000e+00    -5.85258e+00     3.58928e+00    -4.24854e-01
    1.35089e+00     1.22425e-01     1.19971e-01     2.41396e-03     0.00000e+00    -5.82112e+00     3.36887e+00    -4.24061e-01
    1.38624e+00     1.21694e-01     1.19493e-01     2.18287e-03     0.00000e+00    -5.78861e+00     3.15592e+00    -4.23292e-01
    1.42253e+00     1.20995e-01     1.19028e-01     1.96790e-03     0.00000e+00    -5.75499e+00     2.95035e+00    -4.22553e-01
    1.45976e+00     1.20352e-01     1.18575e-01     1.76831e-03     0.00000e+00    -5.72020e+00     2.75204e+00    -4.21871e-01
    1.49797e+00     1.19747e-01     1.18135e-01     1.58333e-03     0.00000e+00    -5.68418e+00     2.56092e+00    -4.21227e-01
    1.53717e+00     1.19165e-01     1.17707e-01     1.41224e-03     0.00000e+00    -5.64685e+00     2.37690e+00    -4.20606e-01
    1.57741e+00     1.18605e-01     1.17291e-01     1.25436e-03     0.00000e+00    -5.60814e+00     2.19990e+00    -4.20006e-01
    1.61869e+00     1.18067e-01     1.16888e-01     1.10904e-03     0.00000e+00    -5.56797e+00     2.02987e+00    -4.19428e-01
    1.66106e+00     1.17551e-01     1.16498e-01     9.75653e-04     0.00000e+00    -5.52626e+00     1.86673e+00    -4.18871e-01
    1.70454e+00     1.17057e-01     1.16121e-01     8.53599e-04     0.00000e+00    -5.48293e+00     1.71044e+00    -4.18337e-01
    1.74915e+00     1.16584e-01     1.15756e-01     7.42301e-04     0.00000e+00    -5.43789e+00     1.56095e+00    -4.17824e-01
    1.79493e+00     1.16133e-01     1.15405e-01     6.41200e-04     0.00000e+00    -5.39105e+00     1.41823e+00    -4.17333e-01
    1.84191e+00     1.15702e-01     1.15067e-01     5.49755e-04     0.00000e+00    -5.34230e+00     1.28225e+00    -4.16864e-01
    1.89012e+00     1.15294e-01     1.14742e-01     4.67444e-04     0.00000e+00    -5.29154e+00     1.15299e+00    -4.16417e-01
    1.93959e+00     1.14906e-01     1.14432e-01     3.93755e-04     0.00000e+00    -5.23866e+00     1.03044e+00    -4.15993e-01
    1.99036e+00     1.14539e-01     1.14135e-01     3.28194e-04     0.00000e+00    -5.18355e+00     9.14597e-01    -4.15590e-01
    2.04245e+00     1.14194e-01     1.13853e-01     2.70275e-04     0.00000e+00    -5.12609e+00     8.05465e-01    -4.15211e-01
    2.09591e+00     1.13870e-01     1.13586e-01     2.19522e-04     0.00000e+00    -5.06615e+00     7.03062e-01    -4.14853e-01
    2.15077e+00     1.13568e-01     1.13333e-01     1.75467e-04     0.00000e+00    -5.00360e+00     6.07415e-01    -4.14519e-01
    2.20706e+00     1.13287e-01     1.13096e-01     1.37645e-04     0.00000e+00    -4.93829e+00     5.18558e-01    -4.14208e-01
    2.26483e+00     1.13027e-01     1.12876e-01     1.05598e-04     0.00000e+00    -4.87007e+00     4.36539e-01    -4.13921e-01
    2.32411e+00     1.12790e-01     1.12671e-01     7.88680e-05     0.00000e+00    -4.79879e+00     3.61414e-01    -4.13657e-01
    2.38494e+00     1.12574e-01     1.12484e-01     5.69966e-05     0.00000e+00    -4.72429e+00     2.93252e-01    -4.13417e-01
    2.44736e+00     1.12381e-01     1.12314e-01     3.95226e-05     0.00000e+00    -4.64638e+00     2.32132e-01    -4.13202e-01
    2.51142e+00     1.12210e-01     1.12162e-01     2.59807e-05     0.00000e+00    -4.56488e+00     1.78146e-01    -4.13012e-01
    2.57715e+00     1.12063e-01     1.12029e-01     1.58983e-05     0.00000e+00    -4.47959e+00     1.31400e-01    -4.12848e-01
    2.64461e+00     1.11939e-01     1.11916e-01     8.79295e-06     0.00000e+00    -4.39032e+00     9.20114e-02    -4.12710e-01
    2.71382e+00     1.11839e-01     1.11823e-01     4.16975e-06     0.00000e+00    -4.29684e+00     6.01123e-02    -4.12598e-01
    2.78485e+00     1.11763e-01     1.11752e-01     1.51885e-06     0.00000e+00    -4.19892e+00     3.58496e-02    -4.12513e-01
    2.85774e+00     1.11712e-01     1.11703e-01     3.12243e-07     0.00000e+00    -4.09632e+00     1.93855e-02    -4.12456e-01
    2.93254e+00     1.11685e-01     1.11677e-01     2.11077e-09     0.00000e+00    -3.98878e+00     1.08983e-02    -4.12426e-01
    3.00930e+00     1.11684e-01     1.11677e-01     0.00000e+00     8.84194e-03    -3.87603e+00     1.05836e-02    -4.12425e-01
    3.08806e+00     1.11683e-01     1.11676e-01    -1.25483e-25     8.84194e-03    -3.76615e+00     1.02750e-02    -4.12424e-01
    3.16889e+00     1.11682e-01     1.11675e-01    -3.49664e-25     8.84194e-03    -3.65908e+00     9.97244e-03    -4.12423e-01
    3.25183e+00     1.11681e-01     1.11674e-01    -6.32800e-25     8.84194e-03    -3.55474e+00     9.67600e-03    -4.12422e-01
    3.33694e+00     1.11681e-01     1.11673e-01    -9.59647e-25     8.84194e-03    -3.45306e+00     9.38558e-03    -4.12421e-01
    3.42428e+00     1.11680e-01     1.11672e-01    -1.32091e-24     8.84194e-03    -3.35398e+00     9.10117e-03    -4.12420e-01
    3.51391e+00     1.11679e-01     1.11671e-01    -1.71003e-24     8.84194e-03    -3.25743e+00     8.82272e-03    -4.12419e-01
    3.60588e+00     1.11678e-01     1.11670e-01    -2.12198e-24     8.84194e-03    -3.16334e+00     8.55019e-03    -4.12418e-01
    3.70026e+00     1.11677e-01     1.11670e-01    -2.55276e-24     8.84194e-03    -3.07165e+00     8.28353e-03    -4.12418e-01
    3.79711e+00     1.11677e-01     1.11669e-01    -2.99903e-24     8.84194e-03    -2.98230e+00     8.02271e-03    -4.12417e-01
    3.89649e+00     1.11676e-01     1.11668e-01    -3.45798e-24     8.84194e-03    -2.89523e+00     7.76767e-03    -4.12416e-01
    3.99848e+00     1.11675e-01     1.11667e-01    -3.92717e-24     8.84194e-03    -2.81039e+00     7.51837e-03    -4.12415e-01
    4.10313e+00     1.11674e-01     1.11666e-01    -4.40449e-24     8.84194e-03    -2.72770e+00     7.27475e-03    -4.12414e-01
    4.21053e+00     1.11674e-01     1.11666e-01    -4.88806e-24     8.84194e-03    -2.64713e+00     7.03676e-03    -4.12414e-01
    4.32073e+00     1.11673e-01     1.11665e-01    -5.37621e-24     8.84194e-03    -2.56861e+00     6.80435e-03    -4.12413e-01
    4.43382e+00     1.11673e-01     1.11664e-01    -5.86746e-24     8.84194e-03    -2.49210e+00     6.57747e-03    -4.12412e-01
    4.54987e+00     1.11672e-01     1.11664e-01    -6.36048e-24     8.84194e-03    -2.41754e+00     6.35605e-03    -4.12412e-01
    4.66895e+00     1.11671e-01     1.11663e-01    -6.85405e-24     8.84194e-03    -2.34488e+00     6.14005e-03    -4.12411e-01
    4.79116e+00     1.11671e-01     1.11662e-01    -7.34709e-24     8.84194e-03    -2.27407e+00     5.92939e-03    -4.12410e-01
    4.91656e+00     1.11670e-01     1.11662e-01    -7.83861e-24     8.84194e-03    -2.20507e+00     5.72402e-03    -4.12410e-01
    5.04524e+00     1.11670e-01     1.11661e-01    -8.32771e-24     8.84194e-03    -2.13783e+00     5.52387e-03    -4.12409e-01
    5.17730e+00     1.11669e-01     1.11660e-01    -8.81360e-24     8.84194e-03    -2.07230e+00     5.32888e-03    -4.12408e-01
    5.31281e+00     1.11669e-01     1.11660e-01    -9.29552e-24     8.84194e-03    -2.00845e+00     5.13898e-03    -4.12408e-01
    5.45186e+00     1.11668e-01     1.11659e-01    -9.77282e-24     8.84194e-03    -1.94622e+00     4.95412e-03    -4.12407e-01
    5.59456e+00     1.11668e-01     1.11659e-01    -1.02449e-23     8.84194e-03    -1.88558e+00     4.77420e-03    -4.12407e-01
    5.74099e+00     1.11667e-01     1.11658e-01    -1.07112e-23     8.84194e-03    -1.82649e+00     4.59918e-03    -4.12406e-01
    5.89125e+00     1.11667e-01     1.11658e-01    -1.11713e-23     8.84194e-03    -1.76890e+00     4.42897e-03    -4.12406e-01
    6.04544e+00     1.11666e-01     1.11657e-01    -1.16246e-23     8.84194e-03    -1.71278e+00     4.26351e-03    -4.12405e-01
    6.20368e+00     1.11666e-01     1.11657e-01    -1.20709e-23     8.84194e-03    -1.65810e+00     4.10272e-03    -4.12405e-01
    6.36605e+00     1.11666e-01     1.11656e-01    -1.25097e-23     8.84194e-03    -1.60480e+00     3.94652e-03    -4.12404e-01
    6.53267e+00     1.11665e-01     1.11656e-01    -1.29408e-23     8.84194e-03    -1.55287e+00     3.79485e-03    -4.12404e-01
    6.70365e+00     1.11665e-01     1.11655e-01    -1.33638e-23     8.84194e-03    -1.50226e+00     3.64762e-03    -4.12404e-01
    6.87911e+00     1.11665e-01     1.11655e-01    -1.37787e-23     8.84194e-03    -1.45294e+00     3.50475e-03    -4.12403e-01
    7.05917e+00     1.11664e-01     1.11655e-01    -1.41850e-23     8.84194e-03    -1.40488e+00     3.36617e-03    -4.12403e-01
    7.24393e+00     1.11664e-01     1.11654e-01    -1.45828e-23     8.84194e-03    -1.35804e+00     3.23181e-03    -4.12403e-01
    7.43353e+00     1.11664e-01     1.11654e-01    -1.49718e-23     8.84194e-03    -1.31240e+00     3.10157e-03    -4.12402e-01
    7.62809e+00     1.11663e-01     1.11653e-01    -1.53519e-23     8.84194e-03    -1.26792e+00     2.97538e-03    -4.12402e-01
    7.82775e+00     1.11663e-01     1.11653e-01    -1.57231e-23     8.84194e-03    -1.22457e+00     2.85315e-03    -4.12402e-01
    8.03263e+00     1.11663e-01     1.11653e-01    -1.60853e-23     8.84194e-03    -1.18233e+00     2.73481e-03    -4.12401e-01
    8.24287e+00     1.11663e-01     1.11652e-01    -1.64385e-23     8.84194e-03    -1.14117e+00     2.62028e-03    -4.12401e-01
    8.45862e+00     1.11662e-01     1.11652e-01    -1.67825e-23     8.84194e-03    -1.10105e+00     2.50946e-03    -4.12401e-01
    8.68001e+00     1.11662e-01     1.11652e-01    -1.71176e-23     8.84194e-03    -1.06196e+00     2.40228e-03    -4.12401e-01
    8.90720e+00     1.11662e-01     1.11651e-01    -1.74435e-23     8.84194e-03    -1.02386e+00     2.29866e-03    -4.12400e-01
    9.14033e+00     1.11662e-01     1.11651e-01    -1.77605e-23     8.84194e-03    -9.86736e-01     2.19851e-03    -4.12400e-01
    9.37957e+00     1.11661e-01     1.11651e-01    -1.80686e-23     8.84194e-03    -9.50556e-01     2.10175e-03    -4.12400e-01
    9.62506e+00     1.11661e-01     1.11650e-01    -1.83678e-23     8.84194e-03    -9.15299e-01     2.00830e-03    -4.12400e-01
    9.87699e+00     1.11661e-01     1.11650e-01    -1.86581e-23     8.84194e-03    -8.80939e-01     1.91807e-03    -4.12399e-01
    1.01355e+01     1.11661e-01     1.11650e-01    -1.89398e-23     8.84194e-03    -8.47456e-01     1.83099e-03    -4.12399e-01
    1.04008e+01     1.11661e-01     1.11650e-01    -1.92129e-23     8.84194e-03    -8.14825e-01     1.74697e-03    -4.12399e-01
    1.06730e+01     1.11661e-01     1.11649e-01    -1.94776e-23     8.84194e-03    -7.83026e-01     1.66593e-03    -4.12399e-01
    1.09524e+01     1.11661e-01     1.11649e-01    -1.97339e-23     8.84194e-03    -7.52037e-01     1.58779e-03    -4.12399e-01
    1.12390e+01     1.11660e-01     1.11649e-01    -1.99819e-23     8.84194e-03    -7.21838e-01     1.51248e-03    -4.12399e-01
    1.15332e+01     1.11660e-01     1.11649e-01    -2.02219e-23     8.84194e-03    -6.92408e-01     1.43991e-03    -4.12399e-01
    1.18351e+01     1.11660e-01     1.11648e-01    -2.04540e-23     8.84194e-03    -6.63728e-01     1.37000e-03    -4.12398e-01
    1.21448e+01     1.11660e-01     1.11648e-01    -2.06783e-23     8.84194e-03    -6.35779e-01     1.30269e-03    -4.12398e-01
    1.24627e+01     1.11660e-01     1.11648e-01    -2.08949e-23     8.84194e-03    -6.08541e-01     1.23789e-03    -4.12398e-01
    1.27889e+01     1.11660e-01     1.11648e-01    -2.11041e-23     8.84194e-03    -5.81998e-01     1.17554e-03    -4.12398e-01
    1.31236e+01     1.11660e-01     1.11648e-01    -2.13060e-23     8.84194e-03    -5.56131e-01     1.11555e-03    -4.12398e-01
    1.34671e+01     1.11660e-01     1.11647e-01    -2.15008e-23     8.84194e-03    -5.30923e-01     1.05787e-03    -4.12398e-01
    1.38196e+01     1.11660e-01     1.11647e-01    -2.16886e-23     8.84194e-03    -5.06357e-01     1.00241e-03    -4.12398e-01
    1.41813e+01     1.11660e-01     1.11647e-01    -2.18695e-23     8.84194e-03    -4.82417e-01     9.49111e-04    -4.12398e-01
    1.45525e+01     1.11660e-01     1.11647e-01    -2.20439e-23     8.84194e-03    -4.59087e-01     8.97905e-04    -4.12398e-01
    1.49334e+01     1.11659e-01     1.11647e-01    -2.22117e-23     8.84194e-03    -4.36351e-01     8.48724e-04    -4.12398e-01
    1.53242e+01     1.11659e-01     1.11647e-01    -2.23733e-23     8.84194e-03    -4.14194e-01     8.01503e-04    -4.12398e-01
    1.57253e+01     1.11659e-01     1.11646e-01    -2.25287e-23     8.84194e-03    -3.92602e-01     7.56178e-04    -4.12397e-01
    1.61369e+01     1.11659e-01     1.11646e-01    -2.26782e-23     8.84194e-03    -3.71560e-01     7.12684e-04    -4.12397e-01
    1.65593e+01     1.11659e-01     1.11646e-01    -2.28219e-23     8.84194e-03    -3.51054e-01     6.70960e-04    -4.12397e-01
    1.69927e+01     1.11659e-01     1.11646e-01    -2.29601e-23     8.84194e-03    -3.31070e-01     6.30941e-04    -4.12397e-01
    1.74375e+01     1.11659e-01     1.11646e-01    -2.30928e-23     8.84194e-03    -3.11595e-01     5.92564e-04    -4.12397e-01
    1.78939e+01     1.11659e-01     1.11646e-01    -2.32203e-23     8.84194e-03    -2.92617e-01     5.55766e-04    -4.12397e-01
    1.83622e+01     1.11659e-01     1.11646e-01    -2.33427e-23     8.84194e-03    -2.74122e-01     5.20483e-04    -4.12397e-01
    1.88428e+01     1.11659e-01     1.11646e-01    -2.34604e-23     8.84194e-03    -2.56098e-01     4.86647e-04    -4.12397e-01
    1.93360e+01     1.11659e-01     1.11646e-01    -2.35734e-23     8.84194e-03    -2.38533e-01     4.54189e-04    -4.12397e-01
    1.98421e+01     1.11659e-01     1.11645e-01    -2.36821e-23     8.84194e-03    -2.21416e-01     4.23039e-04    -4.12397e-01
    2.03614e+01     1.11659e-01     1.11645e-01    -2.37866e-23     8.84194e-03    -2.04735e-01     3.93118e-04    -4.12397e-01
    2.08944e+01     1.11659e-01     1.11645e-01    -2.38873e-23     8.84194e-03    -1.88479e-01     3.64344e-04    -4.12397e-01
    2.14413e+01     1.11659e-01     1.11645e-01    -2.39844e-23     8.84194e-03    -1.72638e-01     3.36629e-04    -4.12397e-01
    2.20024e+01     1.11659e-01     1.11645e-01    -2.40782e-23     8.84194e-03    -1.57200e-01     3.09873e-04    -4.12397e-01
    2.25783e+01     1.11659e-01     1.11645e-01    -2.41692e-23     8.84194e-03    -1.42156e-01     2.83967e-04    -4.12397e-01
    2.31693e+01     1.11659e-01     1.11645e-01    -2.42578e-23     8.84194e-03    -1.27495e-01     2.58787e-04    -4.12397e-01
    2.37757e+01     1.11659e-01     1.11645e-01    -2.43445e-23     8.84194e-03    -1.13209e-01     2.34191e-04    -4.12397e-01
    2.43980e+01     1.11659e-01     1.11645e-01    -2.44297e-23     8.84194e-03    -9.92870e-02     2.10018e-04    -4.12397e-01
    2.50366e+01     1.11659e-01     1.11645e-01    -2.45143e-23     8.84194e-03    -8.57205e-02     1.86077e-04    -4.12397e-01
    2.56919e+01     1.11659e-01     1.11645e-01    -2.45989e-23     8.84194e-03    -7.25007e-02     1.62147e-04    -4.12397e-01
    2.63643e+01     1.11659e-01     1.11645e-01    -2.46846e-23     8.84194e-03    -5.96189e-02     1.37968e-04    -4.12397e-01
    2.70544e+01     1.11658e-01     1.11644e-01    -2.47723e-23     8.84194e-03    -4.70669e-02     1.13229e-04    -4.12396e-01
    2.77625e+01     1.11658e-01     1.11644e-01    -2.48635e-23     8.84194e-03    -3.48365e-02     8.75578e-05    -4.12396e-01
    2.84892e+01     1.11658e-01     1.11644e-01    -2.49597e-23     8.84194e-03    -2.29202e-02     6.05088e-05    -4.12396e-01
    2.92348e+01     1.11658e-01     1.11644e-01    -2.50628e-23     8.84194e-03    -1.13104e-02     3.15416e-05    -4.12396e-01
    3.00000e+01     1.11658e-01     1.11644e-01    -2.51754e-23     8.84194e-03     0.00000e+00     0.00000e+00    -4.12396e-01
