# All units in [AU] if not specified
{"name":"Al", "Z":13, "Zstar":2.7455643692356952, "A":28,  "μ[AU]": 1.395e-01, "T[AU]": 1.838e-02, "rs[AU]": 3.000e+00 }
	 r[AU]  	 n[AU]  	 nf[AU]  	 nb[AU]     n_ion[AU]    (φ_e+φ_ions)[AU]   φtotal[AU]     δVxc/δρ[Au]  
   2.000000e-02    1.458347e+03    1.421399e+00    1.459349e+03    3.658766e-62   -4.214066e+01    6.074260e+02   -8.515745e+00
   2.321925e-02    1.149122e+03    1.312820e+00    1.149714e+03   -2.037814e-61   -4.187846e+01    5.175685e+02   -7.873834e+00
   2.695668e-02    9.035627e+02    1.211679e+00    9.038442e+02    1.465180e-60   -4.148929e+01    4.403326e+02   -7.275739e+00
   3.129569e-02    7.087883e+02    1.117435e+00    7.088381e+02   -2.117452e-60   -4.098163e+01    3.739777e+02   -6.718278e+00
   3.633312e-02    5.545075e+02    1.029591e+00    5.543870e+02   -8.314313e-59   -4.036261e+01    3.170043e+02   -6.198512e+00
   4.218140e-02    4.324961e+02    9.476862e-01    4.322539e+02   -1.138167e-57   -3.963826e+01    2.681212e+02   -5.713728e+00
   4.897102e-02    3.361840e+02    8.712965e-01    3.358577e+02   -1.200133e-56   -3.881380e+01    2.262160e+02   -5.261429e+00
   5.685351e-02    2.603222e+02    8.000326e-01    2.599411e+02    7.305771e-55   -3.789395e+01    1.903305e+02   -4.839319e+00
   6.600480e-02    2.007183e+02    7.335374e-01    2.003048e+02   -4.014361e-53   -3.688312e+01    1.596389e+02   -4.445295e+00
   7.662909e-02    1.540237e+02    6.714842e-01    1.535951e+02    2.781011e-47   -3.578567e+01    1.334293e+02   -4.077429e+00
   8.896351e-02    1.175648e+02    6.135749e-01    1.171342e+02    2.706935e-40   -3.460615e+01    1.110879e+02   -3.733963e+00
   1.032833e-01    8.920767e+01    5.595381e-01    8.878472e+01    3.018047e-34   -3.334948e+01    9.208460e+01   -3.413301e+00
   1.199080e-01    6.724937e+01    5.091279e-01    6.684117e+01    4.122760e-29   -3.202118e+01    7.596191e+01   -3.113992e+00
   1.392087e-01    5.033178e+01    4.621221e-01    4.994337e+01    1.065834e-24   -3.062754e+01    6.232408e+01   -2.834729e+00
   1.616161e-01    3.737262e+01    4.183200e-01    3.700740e+01    6.187029e-21   -2.917575e+01    5.082844e+01   -2.574330e+00
   1.876302e-01    2.751023e+01    3.775414e-01    2.717033e+01    1.002549e-17   -2.767400e+01    4.117787e+01   -2.331738e+00
   2.178317e-01    2.005958e+01    3.396241e-01    1.974613e+01    5.338789e-15   -2.613156e+01    3.311422e+01   -2.106000e+00
   2.528944e-01    1.447710e+01    3.044219e-01    1.419049e+01    1.082716e-12   -2.455872e+01    2.641280e+01   -1.896262e+00
   2.936009e-01    1.033265e+01    2.718027e-01    1.007262e+01    9.480834e-11   -2.296680e+01    2.087765e+01   -1.701754e+00
   3.408596e-01    7.286951e+00    2.416460e-01    7.052823e+00    3.996008e-09   -2.136792e+01    1.633761e+01   -1.521779e+00
   3.957253e-01    5.073653e+00    2.138400e-01    4.864400e+00    8.909636e-08   -1.977481e+01    1.264293e+01   -1.355695e+00
   4.594222e-01    3.484842e+00    1.882796e-01    3.299188e+00    1.141442e-06   -1.820049e+01    9.662586e+00   -1.202902e+00
   5.333719e-01    2.359383e+00    1.648630e-01    2.195880e+00    9.039262e-06   -1.665796e+01    7.281944e+00   -1.062831e+00
   6.192248e-01    1.573483e+00    1.434892e-01    1.430576e+00    4.723330e-05   -1.515973e+01    5.400925e+00   -9.349241e-01
   7.188968e-01    1.033029e+00    1.240554e-01    9.091099e-01    1.727606e-04   -1.371748e+01    3.932446e+00   -8.186218e-01
   8.346122e-01    6.673680e-01    1.064550e-01    5.608192e-01    4.668548e-04   -1.234166e+01    2.801105e+00   -7.134805e-01
   9.689534e-01    4.244324e-01    9.059422e-02    3.336483e-01    9.796955e-04   -1.104119e+01    1.942012e+00   -6.202365e-01
   1.000000e+00    3.856925e-01    8.751409e-02    2.979803e-01    1.114229e-03   -1.077375e+01    1.792913e+00   -6.022026e-01
   1.124919e+00    2.675303e-01    7.652784e-02    1.907947e-01    1.671698e-03   -9.815037e+00    1.308022e+00   -5.381736e-01
   1.145000e+00    2.533147e-01    7.498804e-02    1.781202e-01    1.760313e-03   -9.674468e+00    1.245911e+00   -5.292452e-01
   1.290000e+00    1.737521e-01    6.499234e-02    1.085699e-01    2.359252e-03   -8.766561e+00    8.776249e-01   -4.716744e-01
   1.305988e+00    1.672306e-01    6.403622e-02    1.030071e-01    2.419547e-03   -8.675251e+00    8.455633e-01   -4.662103e-01
   1.435000e+00    1.243374e-01    5.695504e-02    6.721698e-02    2.856635e-03   -8.000623e+00    6.252776e-01   -4.260586e-01
   1.516203e+00    1.049305e-01    5.313997e-02    5.163925e-02    3.086088e-03   -7.621603e+00    5.191113e-01   -4.047117e-01
   1.580000e+00    9.259554e-02    5.042877e-02    4.202618e-02    3.242808e-03   -7.345538e+00    4.489767e-01   -3.896977e-01
   1.725000e+00    7.105654e-02    4.493760e-02    2.600033e-02    3.530305e-03   -6.782481e+00    3.204171e-01   -3.597978e-01
   1.760255e+00    6.704160e-02    4.377179e-02    2.315615e-02    3.587484e-03   -6.656516e+00    2.954430e-01   -3.535562e-01
   1.870000e+00    5.650283e-02    4.041569e-02    1.598759e-02    3.738717e-03   -6.290463e+00    2.280750e-01   -3.358486e-01
   2.015000e+00    4.621347e-02    3.658358e-02    9.546269e-03    3.887324e-03   -5.858914e+00    1.593659e-01   -3.162090e-01
   2.043590e+00    4.461496e-02    3.592205e-02    8.612133e-03    3.911052e-03   -5.779627e+00    1.483924e-01   -3.128945e-01
   2.160000e+00    3.903031e-02    3.342502e-02    5.535016e-03    3.992821e-03   -5.475848e+00    1.093367e-01   -3.006281e-01
   2.305000e+00    3.384996e-02    3.077465e-02    3.016088e-03    4.070856e-03   -5.134570e+00    7.200996e-02   -2.881133e-01
   2.372532e+00    3.202138e-02    2.973555e-02    2.231159e-03    4.102946e-03   -4.987489e+00    5.855676e-02   -2.833801e-01
   2.450000e+00    3.025612e-02    2.866594e-02    1.540263e-03    4.140881e-03   -4.827368e+00    4.542123e-02   -2.786300e-01
   2.595000e+00    2.767879e-02    2.695466e-02    6.819803e-04    4.235955e-03   -4.550333e+00    2.596710e-02   -2.713371e-01
   2.740000e+00    2.593141e-02    2.565583e-02    2.399965e-04    4.406137e-03   -4.298604e+00    1.258788e-02   -2.661207e-01
   2.754420e+00    2.580177e-02    2.555345e-02    2.133457e-04    4.429179e-03   -4.274763e+00    1.158968e-02   -2.657241e-01
   2.885000e+00    2.484056e-02    2.475850e-02    5.210690e-05    4.710580e-03   -4.068568e+00    4.164323e-03   -2.627394e-01
   3.030000e+00    2.422893e-02    2.420382e-02   -1.603222e-41    5.212884e-03   -3.857666e+00   -5.705154e-04   -2.607983e-01
   3.175000e+00    2.399354e-02    2.397266e-02   -7.567751e-22    5.929446e-03   -3.663527e+00   -2.372429e-03   -2.600422e-01
   3.197779e+00    2.398856e-02    2.396844e-02   -7.782611e-22    6.055786e-03   -3.634393e+00   -2.404593e-03   -2.600262e-01
   3.320000e+00    2.403992e-02    2.402318e-02   -5.242299e-22    6.738981e-03   -3.484296e+00   -1.966454e-03   -2.601916e-01
   3.465000e+00    2.425044e-02    2.423594e-02    6.580835e-07    7.580116e-03   -3.318748e+00   -2.772934e-04   -2.608671e-01
   3.610000e+00    2.455592e-02    2.452299e-02    2.203085e-05    8.345446e-03   -3.165626e+00    2.148256e-03   -2.618403e-01
   3.712501e+00    2.480066e-02    2.474194e-02    4.969184e-05    8.805298e-03   -3.064267e+00    4.082042e-03   -2.626138e-01
   3.755000e+00    2.490465e-02    2.483289e-02    6.347952e-05    8.969124e-03   -3.023815e+00    4.901944e-03   -2.629409e-01
   3.900000e+00    2.522619e-02    2.510771e-02    1.124922e-04    9.475165e-03   -2.892567e+00    7.432947e-03   -2.639463e-01
   4.045000e+00    2.549972e-02    2.533498e-02    1.607640e-04    9.844322e-03   -2.770929e+00    9.581654e-03   -2.647946e-01
   4.190000e+00    2.570474e-02    2.550207e-02    2.004497e-04    1.007329e-02   -2.658100e+00    1.119179e-02   -2.654263e-01
   4.310075e+00    2.581999e-02    2.559502e-02    2.240147e-04    1.015329e-02   -2.570757e+00    1.209884e-02   -2.657799e-01
   4.335000e+00    2.583896e-02    2.561026e-02    2.279796e-04    1.015799e-02   -2.553265e+00    1.224842e-02   -2.658380e-01
   4.480000e+00    2.589079e-02    2.565230e-02    2.390558e-04    1.014993e-02   -2.455789e+00    1.266367e-02   -2.659966e-01
   4.625000e+00    2.587425e-02    2.564006e-02    2.358105e-04    1.006819e-02   -2.364930e+00    1.254705e-02   -2.659460e-01
   4.770000e+00    2.580041e-02    2.558220e-02    2.207030e-04    9.937330e-03   -2.280049e+00    1.198443e-02   -2.657199e-01
   4.915000e+00    2.568209e-02    2.548824e-02    1.970347e-04    9.778555e-03   -2.200556e+00    1.107470e-02   -2.653567e-01
   5.003835e+00    2.559732e-02    2.542027e-02    1.805875e-04    9.667163e-03   -2.154253e+00    1.042089e-02   -2.650958e-01
   5.060000e+00    2.553990e-02    2.537393e-02    1.697022e-04    9.594674e-03   -2.125859e+00    9.977259e-03   -2.649187e-01
   5.205000e+00    2.537253e-02    2.523745e-02    1.392241e-04    9.427582e-03   -2.055584e+00    8.681483e-03   -2.644009e-01
   5.350000e+00    2.519768e-02    2.509258e-02    1.095204e-04    9.269772e-03   -1.989249e+00    7.324454e-03   -2.638575e-01
   5.495000e+00    2.502405e-02    2.494625e-02    8.239843e-05    9.127992e-03   -1.926480e+00    5.973933e-03   -2.633153e-01
   5.640000e+00    2.485842e-02    2.480413e-02    5.898237e-05    9.004417e-03   -1.866948e+00    4.683204e-03   -2.627956e-01
   5.785000e+00    2.470588e-02    2.467078e-02    3.981060e-05    8.900152e-03   -1.810365e+00    3.492252e-03   -2.623149e-01
   5.809265e+00    2.468271e-02    2.465030e-02    3.712017e-05    8.883668e-03   -1.801160e+00    3.311172e-03   -2.622417e-01
   5.930000e+00    2.457206e-02    2.455156e-02    2.516384e-05    8.812192e-03   -1.756464e+00    2.445664e-03   -2.618914e-01
   6.075000e+00    2.445542e-02    2.444564e-02    1.434407e-05    8.748188e-03   -1.705053e+00    1.531849e-03   -2.615210e-01
   6.220000e+00    2.435876e-02    2.435614e-02    7.045494e-06    8.701849e-03   -1.655926e+00    7.733176e-04   -2.612132e-01
   6.365000e+00    2.428202e-02    2.428365e-02    2.623814e-06    8.671583e-03   -1.608916e+00    1.699797e-04   -2.609682e-01
   6.510000e+00    2.422439e-02    2.422801e-02    4.281977e-07    8.655898e-03   -1.563879e+00   -2.841421e-04   -2.607838e-01
   6.655000e+00    2.418446e-02    2.418829e-02   -1.316695e-23    8.652979e-03   -1.520685e+00   -5.998389e-04   -2.606559e-01
   6.744339e+00    2.416871e-02    2.417233e-02   -3.788711e-23    8.654199e-03   -1.494934e+00   -7.250361e-04   -2.606054e-01
   6.800000e+00    2.416192e-02    2.416549e-02   -5.097172e-23    8.656347e-03   -1.479211e+00   -7.792695e-04   -2.605836e-01
   6.945000e+00    2.415196e-02    2.415529e-02   -7.266016e-23    8.671907e-03   -1.439377e+00   -8.602048e-04   -2.605516e-01
   7.090000e+00    2.415373e-02    2.415682e-02   -6.928758e-23    8.693915e-03   -1.401084e+00   -8.491509e-04   -2.605573e-01
   7.235000e+00    2.416482e-02    2.416762e-02   -4.678221e-23    8.720300e-03   -1.364253e+00   -7.650106e-04   -2.605929e-01
   7.380000e+00    2.418283e-02    2.418539e-02   -1.699971e-23    8.749092e-03   -1.328811e+00   -6.265085e-04   -2.606507e-01
   7.525000e+00    2.420551e-02    2.420778e-02    2.792377e-08    8.778464e-03   -1.294693e+00   -4.514675e-04   -2.607233e-01
   7.670000e+00    2.423075e-02    2.423226e-02    5.472737e-07    8.806992e-03   -1.261838e+00   -2.561782e-04   -2.608041e-01
   7.815000e+00    2.425674e-02    2.425714e-02    1.419743e-06    8.833416e-03   -1.230189e+00   -5.502363e-05   -2.608873e-01
   7.829924e+00    2.425951e-02    2.425977e-02    1.527739e-06    8.835761e-03   -1.226997e+00   -3.359639e-05   -2.608962e-01
   7.960000e+00    2.428225e-02    2.428132e-02    2.508339e-06    8.855806e-03   -1.199690e+00    1.423583e-04   -2.609689e-01
   8.105000e+00    2.430549e-02    2.430318e-02    3.664321e-06    8.875257e-03   -1.170293e+00    3.220589e-04   -2.610431e-01
   8.250000e+00    2.432585e-02    2.432221e-02    4.789383e-06    8.890678e-03   -1.141945e+00    4.793197e-04   -2.611082e-01
   8.395000e+00    2.434272e-02    2.433787e-02    5.792799e-06    8.901819e-03   -1.114598e+00    6.093140e-04   -2.611620e-01
   8.540000e+00    2.435577e-02    2.434992e-02    6.609217e-06    8.908824e-03   -1.088205e+00    7.094904e-04   -2.612036e-01
   8.685000e+00    2.436493e-02    2.435831e-02    7.200280e-06    8.911956e-03   -1.062721e+00    7.793058e-04   -2.612329e-01
   8.830000e+00    2.437035e-02    2.436321e-02    7.553804e-06    8.911950e-03   -1.038100e+00    8.199516e-04   -2.612501e-01
   8.975000e+00    2.437234e-02    2.436492e-02    7.678397e-06    8.909219e-03   -1.014301e+00    8.338145e-04   -2.612565e-01
   9.090248e+00    2.437200e-02    2.436450e-02    7.647312e-06    8.904884e-03   -9.959408e-01    8.298724e-04   -2.612554e-01
   9.120000e+00    2.437174e-02    2.436423e-02    7.627596e-06    8.903499e-03   -9.912778e-01    8.275116e-04   -2.612546e-01
   9.265000e+00    2.436831e-02    2.436091e-02    7.386570e-06    8.896689e-03   -9.689975e-01    7.991772e-04   -2.612436e-01
   9.410000e+00    2.436305e-02    2.435588e-02    7.027159e-06    8.890111e-03   -9.474191e-01    7.565960e-04   -2.612268e-01
   9.555000e+00    2.435643e-02    2.434959e-02    6.586494e-06    8.882578e-03   -9.265074e-01    7.035143e-04   -2.612057e-01
   9.700000e+00    2.434896e-02    2.434251e-02    6.102328e-06    8.875164e-03   -9.062290e-01    6.438847e-04   -2.611819e-01
   9.845000e+00    2.434110e-02    2.433505e-02    5.606716e-06    8.867982e-03   -8.865527e-01    5.812307e-04   -2.611568e-01
   9.990000e+00    2.433324e-02    2.432758e-02    5.126020e-06    8.861502e-03   -8.674493e-01    5.187009e-04   -2.611318e-01
   1.013500e+01    2.432572e-02    2.432042e-02    4.679477e-06    8.855870e-03   -8.488916e-01    4.588524e-04   -2.611077e-01
   1.028000e+01    2.431878e-02    2.431381e-02    4.279755e-06    8.851108e-03   -8.308545e-01    4.036522e-04   -2.610856e-01
   1.042500e+01    2.431260e-02    2.430792e-02    3.934284e-06    8.847403e-03   -8.133145e-01    3.545457e-04   -2.610658e-01
   1.055344e+01    2.430794e-02    2.430346e-02    3.680078e-06    8.844515e-03   -7.981753e-01    3.174837e-04   -2.610510e-01
   1.057000e+01    2.430743e-02    2.430297e-02    3.652559e-06    8.844168e-03   -7.962492e-01    3.134196e-04   -2.610493e-01
   1.071500e+01    2.430311e-02    2.429883e-02    3.422216e-06    8.842353e-03   -7.796401e-01    2.789958e-04   -2.610355e-01
   1.086000e+01    2.429975e-02    2.429561e-02    3.246726e-06    8.838066e-03   -7.634678e-01    2.522345e-04   -2.610248e-01
   1.100500e+01    2.429762e-02    2.429355e-02    3.136300e-06    8.841199e-03   -7.477128e-01    2.351167e-04   -2.610180e-01
   1.115000e+01    2.429632e-02    2.429229e-02    3.069178e-06    8.841789e-03   -7.323614e-01    2.245853e-04   -2.610139e-01
   1.129500e+01    2.429574e-02    2.429171e-02    3.038482e-06    8.842657e-03   -7.173987e-01    2.197052e-04   -2.610120e-01
   1.144000e+01    2.429575e-02    2.429170e-02    3.037977e-06    8.843871e-03   -7.028107e-01    2.195565e-04   -2.610120e-01
   1.158500e+01    2.429623e-02    2.429214e-02    3.061347e-06    8.845343e-03   -6.885842e-01    2.231532e-04   -2.610136e-01
   1.173000e+01    2.429706e-02    2.429291e-02    3.102208e-06    8.846924e-03   -6.747066e-01    2.294749e-04   -2.610162e-01
   1.187500e+01    2.429810e-02    2.429389e-02    3.154438e-06    8.848551e-03   -6.611660e-01    2.375390e-04   -2.610195e-01
   1.202000e+01    2.429924e-02    2.429497e-02    3.212144e-06    8.850081e-03   -6.479510e-01    2.464118e-04   -2.610232e-01
   1.216500e+01    2.430037e-02    2.429604e-02    3.270083e-06    8.851451e-03   -6.350509e-01    2.552777e-04   -2.610268e-01
   1.225214e+01    2.430110e-02    2.429673e-02    3.307387e-06    8.851941e-03   -6.274444e-01    2.609639e-04   -2.610291e-01
   1.231000e+01    2.430158e-02    2.429718e-02    3.332005e-06    8.852198e-03   -6.224540e-01    2.647066e-04   -2.610306e-01
   1.245500e+01    2.430250e-02    2.429806e-02    3.380129e-06    8.853118e-03   -6.101522e-01    2.720036e-04   -2.610336e-01
   1.260000e+01    2.430326e-02    2.429879e-02    3.419849e-06    8.853801e-03   -5.981347e-01    2.780109e-04   -2.610360e-01
   1.274500e+01    2.430381e-02    2.429932e-02    3.449333e-06    8.854239e-03   -5.863920e-01    2.824683e-04   -2.610378e-01
   1.289000e+01    2.430415e-02    2.429966e-02    3.467613e-06    8.854442e-03   -5.749152e-01    2.852433e-04   -2.610389e-01
   1.303500e+01    2.430427e-02    2.429978e-02    3.474504e-06    8.854434e-03   -5.636953e-01    2.863166e-04   -2.610393e-01
   1.318000e+01    2.430418e-02    2.429971e-02    3.470486e-06    8.854244e-03   -5.527238e-01    2.857629e-04   -2.610390e-01
   1.332500e+01    2.430390e-02    2.429946e-02    3.456563e-06    8.853904e-03   -5.419927e-01    2.837302e-04   -2.610381e-01
   1.347000e+01    2.430345e-02    2.429905e-02    3.434121e-06    8.853450e-03   -5.314939e-01    2.804202e-04   -2.610366e-01
   1.361500e+01    2.430287e-02    2.429851e-02    3.404780e-06    8.852917e-03   -5.212198e-01    2.760681e-04   -2.610348e-01
   1.376000e+01    2.430218e-02    2.429788e-02    3.370263e-06    8.852342e-03   -5.111632e-01    2.709250e-04   -2.610326e-01
   1.390500e+01    2.430143e-02    2.429719e-02    3.332270e-06    8.851746e-03   -5.013169e-01    2.652400e-04   -2.610302e-01
   1.405000e+01    2.430063e-02    2.429646e-02    3.292418e-06    8.851170e-03   -4.916743e-01    2.592530e-04   -2.610276e-01
   1.419500e+01    2.429982e-02    2.429571e-02    3.252113e-06    8.850596e-03   -4.822289e-01    2.531748e-04   -2.610250e-01
   1.422428e+01    2.429968e-02    2.429558e-02    3.245311e-06    8.850409e-03   -4.803447e-01    2.521494e-04   -2.610246e-01
   1.434000e+01    2.429909e-02    2.429504e-02    3.215988e-06    8.849960e-03   -4.729740e-01    2.477156e-04   -2.610227e-01
   1.448500e+01    2.429835e-02    2.429436e-02    3.179303e-06    8.849543e-03   -4.639047e-01    2.421509e-04   -2.610203e-01
   1.463000e+01    2.429766e-02    2.429373e-02    3.145770e-06    8.849189e-03   -4.550147e-01    2.370536e-04   -2.610181e-01
   1.477500e+01    2.429704e-02    2.429317e-02    3.115776e-06    8.848903e-03   -4.462988e-01    2.324885e-04   -2.610162e-01
   1.492000e+01    2.429650e-02    2.429267e-02    3.089498e-06    8.848683e-03   -4.377519e-01    2.284879e-04   -2.610144e-01
   1.506500e+01    2.429602e-02    2.429225e-02    3.066927e-06    8.848527e-03   -4.293689e-01    2.250548e-04   -2.610129e-01
   1.521000e+01    2.429562e-02    2.429189e-02    3.047888e-06    8.848431e-03   -4.211454e-01    2.221658e-04   -2.610116e-01
   1.535500e+01    2.429527e-02    2.429159e-02    3.032051e-06    8.848382e-03   -4.130767e-01    2.197722e-04   -2.610105e-01
   1.550000e+01    2.429499e-02    2.429134e-02    3.018991e-06    8.848350e-03   -4.051585e-01    2.178099e-04   -2.610096e-01
   1.564500e+01    2.429475e-02    2.429114e-02    3.008313e-06    8.848395e-03   -3.973868e-01    2.162185e-04   -2.610088e-01
   1.579000e+01    2.429454e-02    2.429096e-02    2.999358e-06    8.848268e-03   -3.897577e-01    2.148956e-04   -2.610082e-01
   1.593500e+01    2.429437e-02    2.429083e-02    2.992326e-06    8.848309e-03   -3.822670e-01    2.138733e-04   -2.610076e-01
   1.608000e+01    2.429423e-02    2.429072e-02    2.986711e-06    8.848315e-03   -3.749113e-01    2.130726e-04   -2.610072e-01
   1.622500e+01    2.429412e-02    2.429064e-02    2.982229e-06    8.848378e-03   -3.676869e-01    2.124488e-04   -2.610068e-01
   1.637000e+01    2.429402e-02    2.429056e-02    2.978376e-06    8.848435e-03   -3.605904e-01    2.119229e-04   -2.610065e-01
   1.651386e+01    2.429392e-02    2.429050e-02    2.974792e-06    8.848467e-03   -3.536729e-01    2.114375e-04   -2.610062e-01
   1.651500e+01    2.429392e-02    2.429050e-02    2.974789e-06    8.848467e-03   -3.536184e-01    2.114377e-04   -2.610062e-01
   1.666000e+01    2.429382e-02    2.429042e-02    2.971001e-06    8.848477e-03   -3.467679e-01    2.109194e-04   -2.610059e-01
   1.680500e+01    2.429371e-02    2.429034e-02    2.966880e-06    8.848478e-03   -3.400356e-01    2.103470e-04   -2.610055e-01
   1.695000e+01    2.429359e-02    2.429026e-02    2.962250e-06    8.848461e-03   -3.334186e-01    2.096926e-04   -2.610051e-01
   1.709500e+01    2.429346e-02    2.429016e-02    2.957003e-06    8.848441e-03   -3.269140e-01    2.089389e-04   -2.610047e-01
   1.724000e+01    2.429332e-02    2.429004e-02    2.951027e-06    8.848390e-03   -3.205189e-01    2.080682e-04   -2.610043e-01
   1.738500e+01    2.429316e-02    2.428991e-02    2.944328e-06    8.848327e-03   -3.142307e-01    2.070808e-04   -2.610038e-01
   1.753000e+01    2.429299e-02    2.428977e-02    2.936946e-06    8.848246e-03   -3.080465e-01    2.059829e-04   -2.610032e-01
   1.767500e+01    2.429281e-02    2.428962e-02    2.928979e-06    8.848157e-03   -3.019640e-01    2.047896e-04   -2.610026e-01
   1.782000e+01    2.429262e-02    2.428946e-02    2.920541e-06    8.848053e-03   -2.959805e-01    2.035189e-04   -2.610020e-01
   1.796500e+01    2.429242e-02    2.428929e-02    2.911794e-06    8.847933e-03   -2.900937e-01    2.021960e-04   -2.610014e-01
   1.811000e+01    2.429222e-02    2.428912e-02    2.902963e-06    8.847834e-03   -2.843013e-01    2.008564e-04   -2.610008e-01
   1.825500e+01    2.429203e-02    2.428895e-02    2.894170e-06    8.847734e-03   -2.786008e-01    1.995196e-04   -2.610001e-01
   1.840000e+01    2.429183e-02    2.428878e-02    2.885539e-06    8.847637e-03   -2.729902e-01    1.982053e-04   -2.609995e-01
   1.854500e+01    2.429165e-02    2.428862e-02    2.877185e-06    8.847534e-03   -2.674673e-01    1.969318e-04   -2.609989e-01
   1.869000e+01    2.429147e-02    2.428847e-02    2.869257e-06    8.847455e-03   -2.620301e-01    1.957231e-04   -2.609983e-01
   1.883500e+01    2.429130e-02    2.428832e-02    2.861811e-06    8.847379e-03   -2.566765e-01    1.945881e-04   -2.609978e-01
   1.898000e+01    2.429114e-02    2.428819e-02    2.854904e-06    8.847461e-03   -2.514046e-01    1.935364e-04   -2.609973e-01
   1.912500e+01    2.429098e-02    2.428805e-02    2.847902e-06    8.847397e-03   -2.462128e-01    1.924666e-04   -2.609968e-01
   1.917197e+01    2.429094e-02    2.428802e-02    2.846155e-06    8.847346e-03   -2.445478e-01    1.922028e-04   -2.609967e-01
   1.927000e+01    2.429085e-02    2.428794e-02    2.842098e-06    8.847266e-03   -2.410988e-01    1.915858e-04   -2.609964e-01
   1.941500e+01    2.429070e-02    2.428781e-02    2.835371e-06    8.847208e-03   -2.360615e-01    1.905544e-04   -2.609959e-01
   1.956000e+01    2.429055e-02    2.428769e-02    2.828954e-06    8.847157e-03   -2.310988e-01    1.895702e-04   -2.609954e-01
   1.970500e+01    2.429042e-02    2.428757e-02    2.822832e-06    8.847112e-03   -2.262091e-01    1.886305e-04   -2.609950e-01
   1.985000e+01    2.429028e-02    2.428745e-02    2.816976e-06    8.847067e-03   -2.213908e-01    1.877308e-04   -2.609946e-01
   1.999500e+01    2.429016e-02    2.428734e-02    2.811368e-06    8.847024e-03   -2.166423e-01    1.868685e-04   -2.609942e-01
   2.014000e+01    2.429004e-02    2.428724e-02    2.805988e-06    8.846989e-03   -2.119623e-01    1.860405e-04   -2.609938e-01
   2.028500e+01    2.428992e-02    2.428714e-02    2.800791e-06    8.846950e-03   -2.073491e-01    1.852395e-04   -2.609934e-01
   2.043000e+01    2.428980e-02    2.428704e-02    2.795758e-06    8.846910e-03   -2.028013e-01    1.844626e-04   -2.609930e-01
   2.057500e+01    2.428969e-02    2.428694e-02    2.790877e-06    8.846872e-03   -1.983177e-01    1.837079e-04   -2.609927e-01
   2.072000e+01    2.428959e-02    2.428685e-02    2.786135e-06    8.846825e-03   -1.938968e-01    1.829734e-04   -2.609923e-01
   2.086500e+01    2.428949e-02    2.428676e-02    2.781567e-06    8.846825e-03   -1.895374e-01    1.822651e-04   -2.609920e-01
   2.101000e+01    2.428938e-02    2.428667e-02    2.777006e-06    8.846772e-03   -1.852381e-01    1.815557e-04   -2.609917e-01
   2.115500e+01    2.428928e-02    2.428658e-02    2.772517e-06    8.846737e-03   -1.809977e-01    1.808560e-04   -2.609914e-01
   2.130000e+01    2.428919e-02    2.428650e-02    2.768094e-06    8.846703e-03   -1.768151e-01    1.801651e-04   -2.609910e-01
   2.144500e+01    2.428909e-02    2.428641e-02    2.763731e-06    8.846673e-03   -1.726891e-01    1.794818e-04   -2.609907e-01
   2.159000e+01    2.428899e-02    2.428633e-02    2.759401e-06    8.846649e-03   -1.686185e-01    1.788023e-04   -2.609904e-01
   2.173500e+01    2.428890e-02    2.428624e-02    2.755054e-06    8.846616e-03   -1.646022e-01    1.781181e-04   -2.609901e-01
   2.188000e+01    2.428880e-02    2.428616e-02    2.750684e-06    8.846598e-03   -1.606391e-01    1.774285e-04   -2.609898e-01
   2.202500e+01    2.428871e-02    2.428607e-02    2.746213e-06    8.846569e-03   -1.567283e-01    1.767209e-04   -2.609895e-01
   2.217000e+01    2.428861e-02    2.428598e-02    2.741615e-06    8.846539e-03   -1.528687e-01    1.759911e-04   -2.609892e-01
   2.225794e+01    2.428855e-02    2.428593e-02    2.739138e-06    8.846496e-03   -1.505524e-01    1.755982e-04   -2.609890e-01
   2.231500e+01    2.428852e-02    2.428590e-02    2.737602e-06    8.846470e-03   -1.490591e-01    1.753545e-04   -2.609889e-01
   2.246000e+01    2.428842e-02    2.428581e-02    2.732874e-06    8.846440e-03   -1.452988e-01    1.746005e-04   -2.609886e-01
   2.260500e+01    2.428832e-02    2.428571e-02    2.728126e-06    8.846364e-03   -1.415868e-01    1.738418e-04   -2.609883e-01
   2.275000e+01    2.428822e-02    2.428562e-02    2.723534e-06    8.846334e-03   -1.379221e-01    1.731067e-04   -2.609880e-01
   2.289500e+01    2.428812e-02    2.428553e-02    2.719066e-06    8.846293e-03   -1.343038e-01    1.723904e-04   -2.609876e-01
   2.304000e+01    2.428803e-02    2.428545e-02    2.714752e-06    8.846264e-03   -1.307311e-01    1.716978e-04   -2.609874e-01
   2.318500e+01    2.428794e-02    2.428537e-02    2.710565e-06    8.846235e-03   -1.272030e-01    1.710245e-04   -2.609871e-01
   2.333000e+01    2.428785e-02    2.428529e-02    2.706489e-06    8.846202e-03   -1.237188e-01    1.703681e-04   -2.609868e-01
   2.347500e+01    2.428777e-02    2.428521e-02    2.702528e-06    8.846174e-03   -1.202776e-01    1.697291e-04   -2.609865e-01
   2.362000e+01    2.428769e-02    2.428513e-02    2.698668e-06    8.846148e-03   -1.168786e-01    1.691055e-04   -2.609863e-01
   2.376500e+01    2.428761e-02    2.428506e-02    2.694894e-06    8.846121e-03   -1.135211e-01    1.684949e-04   -2.609860e-01
   2.391000e+01    2.428753e-02    2.428498e-02    2.691193e-06    8.846096e-03   -1.102043e-01    1.678952e-04   -2.609858e-01
   2.405500e+01    2.428746e-02    2.428491e-02    2.687550e-06    8.846071e-03   -1.069275e-01    1.673041e-04   -2.609855e-01
   2.420000e+01    2.428738e-02    2.428484e-02    2.683951e-06    8.846043e-03   -1.036900e-01    1.667193e-04   -2.609853e-01
   2.434500e+01    2.428731e-02    2.428477e-02    2.680397e-06    8.846019e-03   -1.004911e-01    1.661410e-04   -2.609850e-01
   2.449000e+01    2.428723e-02    2.428470e-02    2.676873e-06    8.845987e-03   -9.733001e-02    1.655669e-04   -2.609848e-01
   2.463500e+01    2.428716e-02    2.428463e-02    2.673401e-06    8.845968e-03   -9.420615e-02    1.650004e-04   -2.609846e-01
   2.478000e+01    2.428709e-02    2.428456e-02    2.669949e-06    8.845957e-03   -9.111886e-02    1.644366e-04   -2.609843e-01
   2.492500e+01    2.428701e-02    2.428449e-02    2.666448e-06    8.845936e-03   -8.806750e-02    1.638640e-04   -2.609841e-01
   2.507000e+01    2.428694e-02    2.428442e-02    2.662872e-06    8.845914e-03   -8.505145e-02    1.632788e-04   -2.609839e-01
   2.521500e+01    2.428686e-02    2.428435e-02    2.659202e-06    8.845891e-03   -8.207012e-02    1.626773e-04   -2.609836e-01
   2.536000e+01    2.428679e-02    2.428427e-02    2.655414e-06    8.845867e-03   -7.912291e-02    1.620561e-04   -2.609834e-01
   2.550500e+01    2.428670e-02    2.428420e-02    2.651493e-06    8.845841e-03   -7.620923e-02    1.614125e-04   -2.609831e-01
   2.565000e+01    2.428662e-02    2.428412e-02    2.647423e-06    8.845813e-03   -7.332853e-02    1.607441e-04   -2.609828e-01
   2.579500e+01    2.428653e-02    2.428403e-02    2.643193e-06    8.845784e-03   -7.048026e-02    1.600486e-04   -2.609826e-01
   2.584063e+01    2.428651e-02    2.428401e-02    2.641981e-06    8.845767e-03   -6.959056e-02    1.598493e-04   -2.609825e-01
   2.594000e+01    2.428645e-02    2.428395e-02    2.639156e-06    8.845737e-03   -6.766380e-02    1.593844e-04   -2.609823e-01
   2.608500e+01    2.428636e-02    2.428386e-02    2.634669e-06    8.845707e-03   -6.487873e-02    1.586458e-04   -2.609820e-01
   2.623000e+01    2.428626e-02    2.428377e-02    2.630069e-06    8.845678e-03   -6.212449e-02    1.578879e-04   -2.609817e-01
   2.637500e+01    2.428616e-02    2.428368e-02    2.625330e-06    8.845642e-03   -5.940056e-02    1.571068e-04   -2.609814e-01
   2.652000e+01    2.428606e-02    2.428358e-02    2.620457e-06    8.845647e-03   -5.670644e-02    1.563027e-04   -2.609811e-01
   2.666500e+01    2.428595e-02    2.428347e-02    2.615267e-06    8.845628e-03   -5.404169e-02    1.554461e-04   -2.609807e-01
   2.681000e+01    2.428584e-02    2.428336e-02    2.609677e-06    8.845611e-03   -5.140584e-02    1.545229e-04   -2.609803e-01
   2.695500e+01    2.428571e-02    2.428324e-02    2.603580e-06    8.845595e-03   -4.879844e-02    1.535153e-04   -2.609799e-01
   2.710000e+01    2.428557e-02    2.428311e-02    2.596848e-06    8.845586e-03   -4.621906e-02    1.524020e-04   -2.609795e-01
   2.724500e+01    2.428541e-02    2.428295e-02    2.589305e-06    8.845576e-03   -4.366728e-02    1.511539e-04   -2.609790e-01
   2.739000e+01    2.428523e-02    2.428278e-02    2.580758e-06    8.845569e-03   -4.114270e-02    1.497385e-04   -2.609784e-01
   2.753500e+01    2.428503e-02    2.428259e-02    2.570965e-06    8.845564e-03   -3.864494e-02    1.481151e-04   -2.609778e-01
   2.768000e+01    2.428479e-02    2.428236e-02    2.559639e-06    8.845515e-03   -3.617361e-02    1.462356e-04   -2.609770e-01
   2.782500e+01    2.428452e-02    2.428210e-02    2.546639e-06    8.845514e-03   -3.372834e-02    1.440754e-04   -2.609761e-01
   2.797000e+01    2.428420e-02    2.428179e-02    2.531564e-06    8.845504e-03   -3.130880e-02    1.415664e-04   -2.609751e-01
   2.811500e+01    2.428383e-02    2.428144e-02    2.513988e-06    8.845001e-03   -2.891466e-02    1.386353e-04   -2.609739e-01
   2.826000e+01    2.428344e-02    2.428106e-02    2.495542e-06    8.845104e-03   -2.654527e-02    1.355516e-04   -2.609727e-01
   2.840500e+01    2.428300e-02    2.428065e-02    2.475186e-06    8.845502e-03   -2.420043e-02    1.321401e-04   -2.609713e-01
   2.855000e+01    2.428248e-02    2.428015e-02    2.450570e-06    8.845533e-03   -2.188017e-02    1.280030e-04   -2.609696e-01
   2.869500e+01    2.428184e-02    2.427954e-02    2.420829e-06    8.845530e-03   -1.958428e-02    1.229871e-04   -2.609676e-01
   2.884000e+01    2.428107e-02    2.427880e-02    2.385101e-06    8.845543e-03   -1.731256e-02    1.169353e-04   -2.609651e-01
   2.898500e+01    2.428015e-02    2.427792e-02    2.342297e-06    8.845509e-03   -1.506487e-02    1.096460e-04   -2.609622e-01
   2.913000e+01    2.427903e-02    2.427685e-02    2.291349e-06    8.845520e-03   -1.284107e-02    1.009128e-04   -2.609586e-01
   2.927500e+01    2.427770e-02    2.427558e-02    2.230792e-06    8.845521e-03   -1.064112e-02    9.044919e-05   -2.609543e-01
   2.942000e+01    2.427611e-02    2.427406e-02    2.158993e-06    8.845519e-03   -8.465020e-03    7.792087e-05   -2.609493e-01
   2.956500e+01    2.427420e-02    2.427223e-02    2.074107e-06    8.845499e-03   -6.312852e-03    6.292986e-05   -2.609431e-01
   2.971000e+01    2.427192e-02    2.427004e-02    1.974142e-06    8.844153e-03   -4.184764e-03    4.501259e-05   -2.609359e-01
   2.985500e+01    2.426932e-02    2.426755e-02    1.862102e-06    8.845450e-03   -2.080048e-03    2.456840e-05   -2.609275e-01
   3.000000e+01    2.426619e-02    2.426455e-02    1.730368e-06    8.841941e-03    0.000000e+00    0.000000e+00   -2.609175e-01
