Viscosity [g/cm/s]
0.0280000028 0.141102058809038
0.0560000028 1.00450681416463
0.0840000028 1.33406823717773
0.1120000028 1.42009134100116
0.1400000028 1.43795227058588
0.1680000028 1.16487076811461
0.1960000028 1.12402472788143
0.2240000028 1.21053042609244
0.2520000028 1.09005019173176
0.2800000028 1.07319409607202
0.3080000028 1.31192675577557
0.3360000028 1.58943962949153
0.3640000028 1.58640494808096
0.3920000028 1.57899876335817
0.4200000028 1.73306232377782
0.4480000028 1.95964818500686
0.4760000028 2.31202257919856
0.5040000028 2.21326893943875
0.5320000028 2.14304870925128
0.5600000028 2.1192622311088
0.5880000028 2.09765400741778
0.6160000028 2.14292280490046
0.6440000028 2.17556666647164
0.6720000028 2.2113223191701
0.7000000028 2.14674252879385
0.7280000028 2.09257185146261
0.7560000028 2.03293587384238
0.7840000028 2.0294843287222
0.8120000028 2.0214412475246
0.8400000028 2.06741315947222
0.8680000028 2.15571867986253
0.8960000028 2.1445263104454
0.9240000028 2.14796784869599
0.9520000028 2.21569628038008
0.9800000028 2.22011689664021
1.0080000028 2.24210237593735
1.0360000028 2.29981304016815
1.0640000028 2.34139269415101
1.0920000028 2.36984176281729
1.1200000028 2.40124745155723
1.1480000028 2.37935329597697
1.1760000028 2.35388005350416
1.2040000028 2.31433875953086
1.2320000028 2.35259268835251
1.2600000028 2.42745889170998
1.2880000028 2.42815278772659
1.3160000028 2.40389783477143
1.3440000028 2.37194476585843
1.3720000028 2.34529582377979
1.4000000028 2.32288655982218
1.4280000028 2.31316419806334
1.4560000028 2.27627245934127
1.4840000028 2.24633823343879
1.5120000028 2.21321356259809
1.5400000028 2.19360749411201
1.5680000028 2.15035643832729
1.5960000028 2.11579150201976
1.6240000028 2.14909073652515
1.6520000028 2.15406217393048
1.6800000028 2.1338130375184
1.7080000028 2.13103021065076
1.7360000028 2.20307995833228
1.7640000028 2.17256825845776
1.7920000028 2.15794468114944
1.8200000028 2.13384226896732
1.8480000028 2.11433441761822
1.8760000028 2.094000937377
1.9040000028 2.08265257577202
1.9320000028 2.06514999744109
1.9600000028 2.0744496192328
1.9880000028 2.05908295033704
2.0160000028 2.03013246142922
2.0440000028 2.04339486986026
2.0720000028 2.0484123226637
2.1000000028 2.05513352398031
2.1280000028 2.07106129336083
2.1560000028 2.08684428718673
2.1840000028 2.09878843060657
2.2120000028 2.13025615707187
2.2400000028 2.11018601460535
2.2680000028 2.10317542025596
2.2960000028 2.12398581688092
2.3240000028 2.15474847509688
2.3520000028 2.16247497510216
2.3800000028 2.17326655148875
2.4080000028 2.18283379702822
2.4360000028 2.18445469913118
2.4640000028 2.22564468173384
2.4920000028 2.22247970420785
2.5200000028 2.19869245911425
2.5480000028 2.19345784918715
2.5760000028 2.20855608028912
2.6040000028 2.20296669631747
2.6320000028 2.18972743705647
2.6600000028 2.21086234058757
2.6880000028 2.21018658315938
2.7160000028 2.19299961128357
2.7440000028 2.18729427325972
2.7720000028 2.19855160489033
2.8000000028 2.19288700429084
