# All units in [AU] if not specified
{"name":"Al", "Z":13, "Zstar":4.308279472203311, "A":28,  "μ[AU]": 2.443e-01, "T[AU]": 1.838e-02, "rs[AU]": 3.000e+00 }
	 r[AU]  	 n[AU]  	 nf[AU]  	 nb[AU]     n_ion[AU]    (φ_e+φ_ions)[AU]   φtotal[AU]     δVxc/δρ[Au]  
   2.000000e-02    1.459257e+03    2.055388e+00    1.457273e+03   -1.988001e-21   -4.265389e+01    6.069128e+02   -8.517493e+00
   2.036996e-02    1.417311e+03    2.035491e+00    1.415341e+03   -2.089351e-21   -4.262374e+01    5.951377e+02   -8.436157e+00
   2.074676e-02    1.376531e+03    2.015768e+00    1.374576e+03   -2.186564e-21   -4.259168e+01    5.835789e+02   -8.355526e+00
   2.113053e-02    1.336885e+03    1.996216e+00    1.334946e+03   -2.279435e-21   -4.255772e+01    5.722325e+02   -8.275594e+00
   2.152140e-02    1.298343e+03    1.976834e+00    1.296419e+03   -2.367755e-21   -4.252187e+01    5.610947e+02   -8.196355e+00
   2.191950e-02    1.260875e+03    1.957621e+00    1.258966e+03   -2.451313e-21   -4.248417e+01    5.501617e+02   -8.117801e+00
   2.232496e-02    1.224450e+03    1.938575e+00    1.222556e+03   -2.529893e-21   -4.244461e+01    5.394298e+02   -8.039928e+00
   2.273793e-02    1.189041e+03    1.919693e+00    1.187162e+03   -2.603279e-21   -4.240322e+01    5.288954e+02   -7.962728e+00
   2.315853e-02    1.154619e+03    1.900976e+00    1.152756e+03   -2.671252e-21   -4.236001e+01    5.185549e+02   -7.886196e+00
   2.358692e-02    1.121158e+03    1.882421e+00    1.119310e+03   -2.733593e-21   -4.231499e+01    5.084047e+02   -7.810324e+00
   2.402322e-02    1.088633e+03    1.864026e+00    1.086799e+03   -2.790080e-21   -4.226818e+01    4.984415e+02   -7.735109e+00
   2.446760e-02    1.057016e+03    1.845791e+00    1.055197e+03   -2.840491e-21   -4.221959e+01    4.886619e+02   -7.660543e+00
   2.492020e-02    1.026282e+03    1.827714e+00    1.024479e+03   -2.884604e-21   -4.216923e+01    4.790626e+02   -7.586620e+00
   2.538117e-02    9.964091e+02    1.809793e+00    9.946202e+02   -2.922199e-21   -4.211713e+01    4.696402e+02   -7.513334e+00
   2.585067e-02    9.673720e+02    1.792027e+00    9.655980e+02   -2.953055e-21   -4.206328e+01    4.603917e+02   -7.440679e+00
   2.632885e-02    9.391482e+02    1.774415e+00    9.373891e+02   -2.976955e-21   -4.200771e+01    4.513139e+02   -7.368648e+00
   2.681588e-02    9.117153e+02    1.756955e+00    9.099714e+02   -2.993685e-21   -4.195043e+01    4.424036e+02   -7.297238e+00
   2.731192e-02    8.850522e+02    1.739645e+00    8.833230e+02   -3.003033e-21   -4.189144e+01    4.336579e+02   -7.226442e+00
   2.781713e-02    8.591377e+02    1.722484e+00    8.574230e+02   -3.004794e-21   -4.183076e+01    4.250739e+02   -7.156255e+00
   2.833169e-02    8.339510e+02    1.705472e+00    8.322507e+02   -2.998767e-21   -4.176840e+01    4.166485e+02   -7.086670e+00
   2.885576e-02    8.094720e+02    1.688606e+00    8.077864e+02   -2.984759e-21   -4.170437e+01    4.083789e+02   -7.017683e+00
   2.938953e-02    7.856813e+02    1.671885e+00    7.840105e+02   -2.962586e-21   -4.163869e+01    4.002623e+02   -6.949286e+00
   2.993318e-02    7.625602e+02    1.655309e+00    7.609041e+02   -2.932072e-21   -4.157136e+01    3.922960e+02   -6.881475e+00
   3.048688e-02    7.400908e+02    1.638874e+00    7.384489e+02   -2.893054e-21   -4.150239e+01    3.844772e+02   -6.814248e+00
   3.105082e-02    7.182548e+02    1.622582e+00    7.166271e+02   -2.845381e-21   -4.143180e+01    3.768034e+02   -6.747595e+00
   3.162519e-02    6.970344e+02    1.606429e+00    6.954212e+02   -2.788917e-21   -4.135960e+01    3.692717e+02   -6.681512e+00
   3.221019e-02    6.764130e+02    1.590414e+00    6.748143e+02   -2.723541e-21   -4.128579e+01    3.618798e+02   -6.615993e+00
   3.280601e-02    6.563745e+02    1.574537e+00    6.547900e+02   -2.649151e-21   -4.121038e+01    3.546251e+02   -6.551036e+00
   3.341286e-02    6.369028e+02    1.558797e+00    6.353322e+02   -2.565668e-21   -4.113339e+01    3.475051e+02   -6.486633e+00
   3.403092e-02    6.179818e+02    1.543191e+00    6.164254e+02   -2.473033e-21   -4.105482e+01    3.405174e+02   -6.422780e+00
   3.466042e-02    5.995965e+02    1.527719e+00    5.980545e+02   -2.371214e-21   -4.097468e+01    3.336595e+02   -6.359470e+00
   3.530157e-02    5.817329e+02    1.512379e+00    5.802046e+02   -2.260207e-21   -4.089299e+01    3.269293e+02   -6.296702e+00
   3.595457e-02    5.643760e+02    1.497171e+00    5.628615e+02   -2.140040e-21   -4.080975e+01    3.203243e+02   -6.234468e+00
   3.661965e-02    5.475115e+02    1.482092e+00    5.460113e+02   -2.010775e-21   -4.072497e+01    3.138423e+02   -6.172763e+00
   3.729704e-02    5.311269e+02    1.467143e+00    5.296402e+02   -1.872510e-21   -4.063865e+01    3.074811e+02   -6.111585e+00
   3.798696e-02    5.152082e+02    1.452321e+00    5.137352e+02   -1.725387e-21   -4.055081e+01    3.012386e+02   -6.050926e+00
   3.868963e-02    4.997425e+02    1.437626e+00    4.982834e+02   -1.569594e-21   -4.046146e+01    2.951125e+02   -5.990782e+00
   3.940531e-02    4.847181e+02    1.423056e+00    4.832723e+02   -1.405366e-21   -4.037060e+01    2.891008e+02   -5.931151e+00
   4.013422e-02    4.701220e+02    1.408611e+00    4.686898e+02   -1.232993e-21   -4.027824e+01    2.832015e+02   -5.872025e+00
   4.087662e-02    4.559426e+02    1.394288e+00    4.545240e+02   -1.052826e-21   -4.018440e+01    2.774125e+02   -5.813400e+00
   4.163275e-02    4.421688e+02    1.380088e+00    4.407635e+02   -8.652770e-22   -4.008907e+01    2.717317e+02   -5.755275e+00
   4.240287e-02    4.287888e+02    1.366009e+00    4.273970e+02   -6.708304e-22   -3.999226e+01    2.661574e+02   -5.697640e+00
   4.318723e-02    4.157924e+02    1.352049e+00    4.144137e+02   -4.700450e-22   -3.989399e+01    2.606876e+02   -5.640495e+00
   4.398611e-02    4.031684e+02    1.338208e+00    4.018029e+02   -2.635617e-22   -3.979426e+01    2.553203e+02   -5.583833e+00
   4.479976e-02    3.909068e+02    1.324485e+00    3.895544e+02   -5.211066e-23   -3.969307e+01    2.500537e+02   -5.527650e+00
   4.562846e-02    3.789977e+02    1.310879e+00    3.776582e+02    1.634823e-22   -3.959045e+01    2.448861e+02   -5.471943e+00
   4.647249e-02    3.674309e+02    1.297388e+00    3.661045e+02    3.822874e-22   -3.948638e+01    2.398157e+02   -5.416707e+00
   4.733213e-02    3.561975e+02    1.284012e+00    3.548839e+02    6.032625e-22   -3.938089e+01    2.348407e+02   -5.361938e+00
   4.820767e-02    3.452877e+02    1.270749e+00    3.439870e+02    8.252446e-22   -3.927397e+01    2.299593e+02   -5.307631e+00
   4.909941e-02    3.346931e+02    1.257599e+00    3.334050e+02    1.046940e-21   -3.916564e+01    2.251700e+02   -5.253783e+00
   5.000765e-02    3.244044e+02    1.244560e+00    3.231291e+02    1.266915e-21   -3.905590e+01    2.204710e+02   -5.200388e+00
   5.093268e-02    3.144136e+02    1.231632e+00    3.131508e+02    1.483584e-21   -3.894476e+01    2.158608e+02   -5.147445e+00
   5.187483e-02    3.047122e+02    1.218813e+00    3.034619e+02    1.695199e-21   -3.883223e+01    2.113377e+02   -5.094948e+00
   5.283440e-02    2.952921e+02    1.206103e+00    2.940543e+02    1.899836e-21   -3.871831e+01    2.069002e+02   -5.042892e+00
   5.381173e-02    2.861457e+02    1.193501e+00    2.849202e+02    2.095383e-21   -3.860301e+01    2.025467e+02   -4.991276e+00
   5.480713e-02    2.772651e+02    1.181005e+00    2.760520e+02    2.279527e-21   -3.848634e+01    1.982757e+02   -4.940094e+00
   5.582095e-02    2.686433e+02    1.168615e+00    2.674423e+02    2.449736e-21   -3.836831e+01    1.940858e+02   -4.889343e+00
   5.685351e-02    2.602729e+02    1.156330e+00    2.590840e+02    2.603247e-21   -3.824892e+01    1.899756e+02   -4.839019e+00
   5.790518e-02    2.521466e+02    1.144148e+00    2.509699e+02    2.737047e-21   -3.812817e+01    1.859434e+02   -4.789117e+00
   5.897631e-02    2.442582e+02    1.132070e+00    2.430934e+02    2.847853e-21   -3.800608e+01    1.819881e+02   -4.739637e+00
   6.006724e-02    2.366007e+02    1.120093e+00    2.354477e+02    2.932099e-21   -3.788266e+01    1.781081e+02   -4.690571e+00
   6.117836e-02    2.291675e+02    1.108218e+00    2.280265e+02    2.985908e-21   -3.775791e+01    1.743022e+02   -4.641917e+00
   6.231003e-02    2.219528e+02    1.096443e+00    2.208234e+02    3.005076e-21   -3.763183e+01    1.705690e+02   -4.593673e+00
   6.346263e-02    2.149502e+02    1.084768e+00    2.138324e+02    2.985047e-21   -3.750444e+01    1.669072e+02   -4.545833e+00
   6.463656e-02    2.081537e+02    1.073191e+00    2.070476e+02    2.920888e-21   -3.737574e+01    1.633155e+02   -4.498395e+00
   6.583220e-02    2.015577e+02    1.061712e+00    2.004632e+02    2.807263e-21   -3.724575e+01    1.597927e+02   -4.451354e+00
   6.704995e-02    1.951566e+02    1.050329e+00    1.940735e+02    2.638405e-21   -3.711445e+01    1.563375e+02   -4.404710e+00
   6.829023e-02    1.889449e+02    1.039043e+00    1.878731e+02    2.408090e-21   -3.698188e+01    1.529488e+02   -4.358456e+00
   6.955346e-02    1.829173e+02    1.027852e+00    1.818567e+02    2.109597e-21   -3.684802e+01    1.496252e+02   -4.312590e+00
   7.084005e-02    1.770685e+02    1.016755e+00    1.760191e+02    1.735686e-21   -3.671290e+01    1.463658e+02   -4.267108e+00
   7.215044e-02    1.713936e+02    1.005752e+00    1.703554e+02    1.278551e-21   -3.657651e+01    1.431692e+02   -4.222007e+00
   7.348507e-02    1.658877e+02    9.948418e-01    1.648606e+02    7.297909e-22   -3.643887e+01    1.400345e+02   -4.177285e+00
   7.484439e-02    1.605460e+02    9.840235e-01    1.595299e+02    8.036577e-23   -3.629998e+01    1.369604e+02   -4.132938e+00
   7.622885e-02    1.553641e+02    9.732965e-01    1.543588e+02   -6.762268e-22   -3.615985e+01    1.339459e+02   -4.088963e+00
   7.763892e-02    1.503372e+02    9.626599e-01    1.493427e+02   -1.528209e-21   -3.601849e+01    1.309900e+02   -4.045356e+00
   7.907508e-02    1.454611e+02    9.521130e-01    1.444773e+02   -2.455389e-21   -3.587590e+01    1.280915e+02   -4.002115e+00
   8.053780e-02    1.407314e+02    9.416550e-01    1.397583e+02   -3.434960e-21   -3.573210e+01    1.252495e+02   -3.959236e+00
   8.202758e-02    1.361441e+02    9.312853e-01    1.351816e+02   -4.441296e-21   -3.558710e+01    1.224629e+02   -3.916716e+00
   8.354491e-02    1.316951e+02    9.210031e-01    1.307431e+02   -5.445730e-21   -3.544089e+01    1.197307e+02   -3.874553e+00
   8.509032e-02    1.273806e+02    9.108076e-01    1.264390e+02   -6.416304e-21   -3.529350e+01    1.170520e+02   -3.832743e+00
   8.666431e-02    1.231966e+02    9.006981e-01    1.222654e+02   -7.317520e-21   -3.514493e+01    1.144258e+02   -3.791284e+00
   8.826741e-02    1.191395e+02    8.906740e-01    1.182186e+02   -8.110058e-21   -3.499518e+01    1.118512e+02   -3.750172e+00
   8.990017e-02    1.152057e+02    8.807345e-01    1.142950e+02   -8.750486e-21   -3.484427e+01    1.093272e+02   -3.709405e+00
   9.156314e-02    1.113917e+02    8.708789e-01    1.104912e+02   -9.190945e-21   -3.469221e+01    1.068530e+02   -3.668981e+00
   9.325686e-02    1.076941e+02    8.611066e-01    1.068036e+02   -9.378815e-21   -3.453900e+01    1.044276e+02   -3.628896e+00
   9.498191e-02    1.041096e+02    8.514169e-01    1.032290e+02   -9.256357e-21   -3.438466e+01    1.020502e+02   -3.589147e+00
   9.673888e-02    1.006348e+02    8.418091e-01    9.976416e+01   -8.760333e-21   -3.422919e+01    9.971985e+01   -3.549732e+00
   9.852834e-02    9.726673e+01    8.322825e-01    9.640593e+01   -7.821601e-21   -3.407261e+01    9.743579e+01   -3.510647e+00
   1.003509e-01    9.400230e+01    8.228365e-01    9.315128e+01   -6.364682e-21   -3.391492e+01    9.519716e+01   -3.471892e+00
   1.022072e-01    9.083859e+01    8.134705e-01    8.999722e+01   -4.307300e-21   -3.375614e+01    9.300315e+01   -3.433462e+00
   1.040978e-01    8.777264e+01    8.041838e-01    8.694087e+01   -1.559892e-21   -3.359626e+01    9.085296e+01   -3.395356e+00
   1.060234e-01    8.480163e+01    7.949758e-01    8.397943e+01    1.967479e-21   -3.343532e+01    8.874580e+01   -3.357569e+00
   1.079846e-01    8.192291e+01    7.858459e-01    8.111015e+01    6.218362e-21   -3.327331e+01    8.668090e+01   -3.320102e+00
   1.099821e-01    7.913379e+01    7.767934e-01    7.833040e+01    1.098047e-20   -3.311025e+01    8.465749e+01   -3.282950e+00
   1.120165e-01    7.643161e+01    7.678178e-01    7.563757e+01    1.600931e-20   -3.294614e+01    8.267483e+01   -3.246111e+00
   1.140886e-01    7.381400e+01    7.589185e-01    7.302917e+01    2.103114e-20   -3.278101e+01    8.073220e+01   -3.209583e+00
   1.161990e-01    7.127839e+01    7.500949e-01    7.050275e+01    2.574061e-20   -3.261485e+01    7.882887e+01   -3.173363e+00
   1.183484e-01    6.882248e+01    7.413463e-01    6.805592e+01    2.979828e-20   -3.244769e+01    7.696413e+01   -3.137450e+00
   1.205376e-01    6.644392e+01    7.326722e-01    6.568639e+01    3.282797e-20   -3.227953e+01    7.513729e+01   -3.101840e+00
   1.227673e-01    6.414048e+01    7.240721e-01    6.339190e+01    3.441392e-20   -3.211039e+01    7.334767e+01   -3.066531e+00
   1.250382e-01    6.190996e+01    7.155454e-01    6.117026e+01    3.409777e-20   -3.194027e+01    7.159459e+01   -3.031522e+00
   1.273512e-01    5.975026e+01    7.070915e-01    5.901936e+01    3.137533e-20   -3.176920e+01    6.987740e+01   -2.996809e+00
   1.297069e-01    5.765927e+01    6.987100e-01    5.693713e+01    2.569315e-20   -3.159718e+01    6.819545e+01   -2.962391e+00
   1.321062e-01    5.563504e+01    6.904001e-01    5.492155e+01    1.644480e-20   -3.142423e+01    6.654811e+01   -2.928266e+00
   1.345499e-01    5.367555e+01    6.821615e-01    5.297067e+01    2.967034e-21   -3.125036e+01    6.493474e+01   -2.894431e+00
   1.370388e-01    5.177893e+01    6.739936e-01    5.108258e+01   -1.524381e-20   -3.107558e+01    6.335475e+01   -2.860884e+00
   1.395737e-01    4.994336e+01    6.658958e-01    4.925545e+01   -3.714839e-20   -3.089991e+01    6.180751e+01   -2.827623e+00
   1.421555e-01    4.816700e+01    6.578677e-01    4.748747e+01   -6.087894e-20   -3.072336e+01    6.029245e+01   -2.794646e+00
   1.447851e-01    4.644809e+01    6.499088e-01    4.577690e+01   -8.434170e-20   -3.054594e+01    5.880897e+01   -2.761951e+00
   1.474633e-01    4.478498e+01    6.420185e-01    4.412203e+01   -1.052015e-19   -3.036767e+01    5.735651e+01   -2.729536e+00
   1.501911e-01    4.317599e+01    6.341964e-01    4.252122e+01   -1.208626e-19   -3.018857e+01    5.593450e+01   -2.697399e+00
   1.529693e-01    4.161952e+01    6.264419e-01    4.097286e+01   -1.284488e-19   -3.000865e+01    5.454239e+01   -2.665538e+00
   1.557989e-01    4.011400e+01    6.187547e-01    3.947538e+01   -1.247812e-19   -2.982792e+01    5.317964e+01   -2.633951e+00
   1.586808e-01    3.865791e+01    6.111341e-01    3.802726e+01   -1.063557e-19   -2.964641e+01    5.184571e+01   -2.602636e+00
   1.616161e-01    3.724977e+01    6.035799e-01    3.662703e+01   -6.931791e-20   -2.946411e+01    5.054008e+01   -2.571591e+00
   1.646057e-01    3.588815e+01    5.960914e-01    3.527326e+01   -9.436918e-21   -2.928106e+01    4.926223e+01   -2.540814e+00
   1.676505e-01    3.457166e+01    5.886682e-01    3.396454e+01    7.674405e-20   -2.909727e+01    4.801166e+01   -2.510304e+00
   1.707517e-01    3.329894e+01    5.813100e-01    3.269952e+01    1.857872e-19   -2.891275e+01    4.678786e+01   -2.480059e+00
   1.739102e-01    3.206866e+01    5.740161e-01    3.147689e+01    3.110487e-19   -2.872752e+01    4.559035e+01   -2.450077e+00
   1.771272e-01    3.087955e+01    5.667863e-01    3.029535e+01    4.450496e-19   -2.854160e+01    4.441865e+01   -2.420355e+00
   1.804037e-01    2.973035e+01    5.596201e-01    2.915366e+01    5.794123e-19   -2.835500e+01    4.327228e+01   -2.390893e+00
   1.837408e-01    2.861985e+01    5.525170e-01    2.805061e+01    7.047892e-19   -2.816775e+01    4.215077e+01   -2.361689e+00
   1.871396e-01    2.754689e+01    5.454766e-01    2.698502e+01    8.107860e-19   -2.797985e+01    4.105368e+01   -2.332740e+00
   1.906013e-01    2.651031e+01    5.384985e-01    2.595575e+01    8.858806e-19   -2.779133e+01    3.998054e+01   -2.304046e+00
   1.941270e-01    2.550899e+01    5.315823e-01    2.496168e+01    9.173355e-19   -2.760221e+01    3.893093e+01   -2.275605e+00
   1.977179e-01    2.454185e+01    5.247276e-01    2.400173e+01    1.115149e-18   -2.741250e+01    3.790440e+01   -2.247414e+00
   2.013753e-01    2.360786e+01    5.179340e-01    2.307485e+01    3.683200e-18   -2.722223e+01    3.690052e+01   -2.219473e+00
   2.051003e-01    2.270597e+01    5.112011e-01    2.218001e+01    1.210024e-17   -2.703141e+01    3.591888e+01   -2.191779e+00
   2.088942e-01    2.183520e+01    5.045284e-01    2.131623e+01    3.023506e-17   -2.684005e+01    3.495906e+01   -2.164332e+00
   2.127583e-01    2.099458e+01    4.979157e-01    2.048254e+01    6.236879e-17   -2.664819e+01    3.402066e+01   -2.137129e+00
   2.166939e-01    2.018317e+01    4.913625e-01    1.967800e+01    1.132265e-16   -2.645584e+01    3.310328e+01   -2.110170e+00
   2.207023e-01    1.940007e+01    4.848685e-01    1.890170e+01    1.880111e-16   -2.626302e+01    3.220653e+01   -2.083452e+00
   2.247848e-01    1.864438e+01    4.784333e-01    1.815276e+01    2.924392e-16   -2.606975e+01    3.133001e+01   -2.056974e+00
   2.289428e-01    1.791525e+01    4.720564e-01    1.743030e+01    4.799977e-16   -2.587604e+01    3.047335e+01   -2.030735e+00
   2.331778e-01    1.721184e+01    4.657376e-01    1.673351e+01    1.037190e-15   -2.568193e+01    2.963618e+01   -2.004733e+00
   2.374911e-01    1.653333e+01    4.594765e-01    1.606156e+01    2.350619e-15   -2.548743e+01    2.881813e+01   -1.978967e+00
   2.418842e-01    1.587894e+01    4.532728e-01    1.541366e+01    4.848924e-15   -2.529257e+01    2.801883e+01   -1.953435e+00
   2.463585e-01    1.524790e+01    4.471260e-01    1.478906e+01    9.006016e-15   -2.509735e+01    2.723794e+01   -1.928136e+00
   2.509156e-01    1.463947e+01    4.410359e-01    1.418700e+01    1.534455e-14   -2.490181e+01    2.647510e+01   -1.903069e+00
   2.555570e-01    1.405292e+01    4.350020e-01    1.360676e+01    2.444284e-14   -2.470597e+01    2.572997e+01   -1.878232e+00
   2.602843e-01    1.348754e+01    4.290242e-01    1.304764e+01    3.966768e-14   -2.450985e+01    2.500221e+01   -1.853624e+00
   2.650990e-01    1.294267e+01    4.231019e-01    1.250896e+01    7.264646e-14   -2.431346e+01    2.429148e+01   -1.829243e+00
   2.700028e-01    1.241763e+01    4.172349e-01    1.199005e+01    1.377047e-13   -2.411684e+01    2.359748e+01   -1.805088e+00
   2.749973e-01    1.191177e+01    4.114229e-01    1.149027e+01    2.507097e-13   -2.392001e+01    2.291986e+01   -1.781159e+00
   2.800841e-01    1.142449e+01    4.056655e-01    1.100900e+01    4.291898e-13   -2.372298e+01    2.225831e+01   -1.757453e+00
   2.852651e-01    1.095516e+01    3.999625e-01    1.054563e+01    6.924645e-13   -2.352578e+01    2.161253e+01   -1.733970e+00
   2.905419e-01    1.050320e+01    3.943134e-01    1.009957e+01    1.094855e-12   -2.332844e+01    2.098221e+01   -1.710707e+00
   2.959163e-01    1.006803e+01    3.887180e-01    9.670249e+00    1.813326e-12   -2.313097e+01    2.036704e+01   -1.687665e+00
   3.013901e-01    9.649113e+00    3.831760e-01    9.257113e+00    3.069984e-12   -2.293340e+01    1.976673e+01   -1.664841e+00
   3.069652e-01    9.245896e+00    3.776870e-01    8.859621e+00    5.110692e-12   -2.273575e+01    1.918099e+01   -1.642234e+00
   3.126434e-01    8.857854e+00    3.722507e-01    8.477253e+00    8.206895e-12   -2.253805e+01    1.860953e+01   -1.619844e+00
   3.184266e-01    8.484488e+00    3.668670e-01    8.109499e+00    1.270080e-11   -2.234032e+01    1.805207e+01   -1.597669e+00
   3.243169e-01    8.125298e+00    3.615353e-01    7.755868e+00    1.966011e-11   -2.214259e+01    1.750834e+01   -1.575708e+00
   3.303160e-01    7.779810e+00    3.562555e-01    7.415881e+00    3.082819e-11   -2.194487e+01    1.697805e+01   -1.553959e+00
   3.364262e-01    7.447559e+00    3.510273e-01    7.089076e+00    4.815064e-11   -2.174719e+01    1.646094e+01   -1.532422e+00
   3.426493e-01    7.128095e+00    3.458502e-01    6.775002e+00    7.377580e-11   -2.154957e+01    1.595675e+01   -1.511096e+00
   3.489876e-01    6.820980e+00    3.407242e-01    6.473223e+00    1.103069e-10   -2.135205e+01    1.546522e+01   -1.489978e+00
   3.554432e-01    6.525793e+00    3.356488e-01    6.183316e+00    1.638885e-10   -2.115464e+01    1.498609e+01   -1.469069e+00
   3.620181e-01    6.242121e+00    3.306238e-01    5.904871e+00    2.437315e-10   -2.095736e+01    1.451911e+01   -1.448367e+00
   3.687147e-01    5.969566e+00    3.256488e-01    5.637489e+00    3.600714e-10   -2.076025e+01    1.406403e+01   -1.427871e+00
   3.755351e-01    5.707743e+00    3.207237e-01    5.380784e+00    5.241968e-10   -2.056333e+01    1.362061e+01   -1.407579e+00
   3.824817e-01    5.456277e+00    3.158481e-01    5.134383e+00    7.523563e-10   -2.036661e+01    1.318861e+01   -1.387492e+00
   3.895568e-01    5.214805e+00    3.110217e-01    4.897923e+00    1.074929e-09   -2.017013e+01    1.276779e+01   -1.367607e+00
   3.967628e-01    4.982975e+00    3.062443e-01    4.671051e+00    1.528007e-09   -1.997391e+01    1.235793e+01   -1.347924e+00
   4.041021e-01    4.760446e+00    3.015155e-01    4.453427e+00    2.151382e-09   -1.977797e+01    1.195879e+01   -1.328441e+00
   4.115771e-01    4.546886e+00    2.968351e-01    4.244722e+00    2.993681e-09   -1.958234e+01    1.157015e+01   -1.309158e+00
   4.191904e-01    4.341977e+00    2.922029e-01    4.044614e+00    4.137145e-09   -1.938704e+01    1.119179e+01   -1.290073e+00
   4.269445e-01    4.145407e+00    2.876184e-01    3.852794e+00    5.683024e-09   -1.919210e+01    1.082349e+01   -1.271186e+00
   4.348421e-01    3.956876e+00    2.830816e-01    3.668961e+00    7.742836e-09   -1.899754e+01    1.046504e+01   -1.252495e+00
   4.428857e-01    3.776093e+00    2.785920e-01    3.492825e+00    1.045155e-08   -1.880338e+01    1.011623e+01   -1.233999e+00
   4.510782e-01    3.602775e+00    2.741494e-01    3.324104e+00    1.401163e-08   -1.860965e+01    9.776850e+00   -1.215698e+00
   4.594222e-01    3.436649e+00    2.697535e-01    3.162525e+00    1.866064e-08   -1.841638e+01    9.446701e+00   -1.197590e+00
   4.679205e-01    3.277452e+00    2.654041e-01    3.007823e+00    2.466046e-08   -1.822358e+01    9.125581e+00   -1.179674e+00
   4.765761e-01    3.124927e+00    2.611008e-01    2.859744e+00    3.234307e-08   -1.803129e+01    8.813294e+00   -1.161949e+00
   4.853917e-01    2.978826e+00    2.568434e-01    2.718040e+00    4.214248e-08   -1.783951e+01    8.509646e+00   -1.144415e+00
   4.943704e-01    2.838909e+00    2.526317e-01    2.582471e+00    5.454119e-08   -1.764829e+01    8.214448e+00   -1.127070e+00
   5.035152e-01    2.704945e+00    2.484653e-01    2.452806e+00    7.008727e-08   -1.745764e+01    7.927513e+00   -1.109913e+00
   5.128292e-01    2.576709e+00    2.443440e-01    2.328820e+00    8.947779e-08   -1.726758e+01    7.648656e+00   -1.092943e+00
   5.223154e-01    2.453984e+00    2.402675e-01    2.210297e+00    1.135073e-07   -1.707814e+01    7.377698e+00   -1.076160e+00
   5.319772e-01    2.336559e+00    2.362354e-01    2.097027e+00    1.430537e-07   -1.688935e+01    7.114460e+00   -1.059562e+00
   5.418176e-01    2.224233e+00    2.322477e-01    1.988807e+00    1.791603e-07   -1.670121e+01    6.858768e+00   -1.043148e+00
   5.518401e-01    2.116808e+00    2.283038e-01    1.885441e+00    2.230150e-07   -1.651377e+01    6.610450e+00   -1.026917e+00
   5.620480e-01    2.014094e+00    2.244037e-01    1.786740e+00    2.759206e-07   -1.632703e+01    6.369337e+00   -1.010869e+00
   5.724447e-01    1.915909e+00    2.205469e-01    1.692520e+00    3.393495e-07   -1.614102e+01    6.135264e+00   -9.950020e-01
   5.830337e-01    1.822074e+00    2.167332e-01    1.602606e+00    4.149391e-07   -1.595577e+01    5.908067e+00   -9.793153e-01
   5.938186e-01    1.732420e+00    2.129624e-01    1.516825e+00    5.044721e-07   -1.577129e+01    5.687587e+00   -9.638078e-01
   6.048029e-01    1.646779e+00    2.092341e-01    1.435013e+00    6.098824e-07   -1.558761e+01    5.473664e+00   -9.484786e-01
   6.159905e-01    1.564994e+00    2.055481e-01    1.357011e+00    7.332682e-07   -1.540474e+01    5.266146e+00   -9.333268e-01
   6.273850e-01    1.486909e+00    2.019040e-01    1.282664e+00    8.768769e-07   -1.522272e+01    5.064880e+00   -9.183513e-01
   6.389903e-01    1.412375e+00    1.983016e-01    1.211824e+00    1.043050e-06   -1.504155e+01    4.869715e+00   -9.035512e-01
   6.508103e-01    1.341249e+00    1.947406e-01    1.144347e+00    1.234295e-06   -1.486126e+01    4.680507e+00   -8.889255e-01
   6.628489e-01    1.273392e+00    1.912206e-01    1.080096e+00    1.453186e-06   -1.468187e+01    4.497110e+00   -8.744731e-01
   6.751102e-01    1.208671e+00    1.877415e-01    1.018937e+00    1.702351e-06   -1.450340e+01    4.319383e+00   -8.601931e-01
   6.875983e-01    1.146956e+00    1.843028e-01    9.607414e-01    1.984535e-06   -1.432587e+01    4.147188e+00   -8.460845e-01
   7.003174e-01    1.088123e+00    1.809043e-01    9.053847e-01    2.302393e-06   -1.414929e+01    3.980386e+00   -8.321464e-01
   7.132718e-01    1.032052e+00    1.775457e-01    8.527476e-01    2.658665e-06   -1.397369e+01    3.818846e+00   -8.183777e-01
   7.264658e-01    9.786273e-01    1.742267e-01    8.027148e-01    3.055966e-06   -1.379909e+01    3.662434e+00   -8.047774e-01
   7.399039e-01    9.277375e-01    1.709470e-01    7.551752e-01    3.496841e-06   -1.362549e+01    3.511022e+00   -7.913446e-01
   7.535905e-01    8.792753e-01    1.677062e-01    7.100219e-01    3.983731e-06   -1.345293e+01    3.364484e+00   -7.780783e-01
   7.675304e-01    8.331373e-01    1.645040e-01    6.671518e-01    4.518840e-06   -1.328141e+01    3.222695e+00   -7.649774e-01
   7.817280e-01    7.892239e-01    1.613402e-01    6.264657e-01    5.104255e-06   -1.311096e+01    3.085532e+00   -7.520411e-01
   7.961883e-01    7.474391e-01    1.582144e-01    5.878681e-01    5.741710e-06   -1.294158e+01    2.952877e+00   -7.392682e-01
   8.109161e-01    7.076908e-01    1.551262e-01    5.512672e-01    6.432765e-06   -1.277331e+01    2.824612e+00   -7.266579e-01
   8.259164e-01    6.699227e-01    1.520781e-01    5.166041e-01    7.178558e-06   -1.260614e+01    2.700622e+00   -7.143272e-01
   8.411941e-01    6.340341e-01    1.490686e-01    4.837801e-01    7.979979e-06   -1.244009e+01    2.580794e+00   -7.022264e-01
   8.567544e-01    5.999247e-01    1.460961e-01    4.526962e-01    8.837460e-06   -1.227519e+01    2.465018e+00   -6.902883e-01
   8.726025e-01    5.675155e-01    1.431602e-01    4.232739e-01    9.751114e-06   -1.211144e+01    2.353185e+00   -6.785119e-01
   8.887438e-01    5.367304e-01    1.402606e-01    3.954378e-01    1.072059e-05   -1.194886e+01    2.245190e+00   -6.668964e-01
   9.051837e-01    5.074969e-01    1.373970e-01    3.691152e-01    1.174516e-05   -1.178746e+01    2.140928e+00   -6.554410e-01
   9.219277e-01    4.797446e-01    1.345689e-01    3.442366e-01    1.282365e-05   -1.162726e+01    2.040297e+00   -6.441448e-01
   9.389814e-01    4.534064e-01    1.317762e-01    3.207349e-01    1.395449e-05   -1.146826e+01    1.943199e+00   -6.330072e-01
   9.563505e-01    4.284177e-01    1.290184e-01    2.985461e-01    1.513567e-05   -1.131047e+01    1.849535e+00   -6.220274e-01
   9.740410e-01    4.047164e-01    1.262953e-01    2.776085e-01    1.636482e-05   -1.115392e+01    1.759209e+00   -6.112047e-01
   9.920587e-01    3.822430e-01    1.236064e-01    2.578630e-01    1.763917e-05   -1.099860e+01    1.672129e+00   -6.005382e-01
   1.010410e+00    3.609406e-01    1.209515e-01    2.392529e-01    1.895559e-05   -1.084453e+01    1.588203e+00   -5.900274e-01
   1.029100e+00    3.407543e-01    1.183301e-01    2.217237e-01    2.031066e-05   -1.069172e+01    1.507340e+00   -5.796715e-01
   1.048136e+00    3.216316e-01    1.157420e-01    2.052236e-01    2.170064e-05   -1.054018e+01    1.429455e+00   -5.694700e-01
   1.067525e+00    3.035223e-01    1.131868e-01    1.897024e-01    2.312157e-05   -1.038991e+01    1.354460e+00   -5.594221e-01
   1.087271e+00    2.863780e-01    1.106641e-01    1.751125e-01    2.456924e-05   -1.024093e+01    1.282272e+00   -5.495274e-01
   1.107384e+00    2.701527e-01    1.081736e-01    1.614079e-01    2.603930e-05   -1.009324e+01    1.212810e+00   -5.397852e-01
   1.127868e+00    2.548021e-01    1.057150e-01    1.485450e-01    2.752727e-05   -9.946845e+00    1.145994e+00   -5.301951e-01
   1.148731e+00    2.402839e-01    1.032878e-01    1.364819e-01    2.902856e-05   -9.801756e+00    1.081745e+00   -5.207566e-01
   1.169980e+00    2.265576e-01    1.008916e-01    1.251783e-01    3.053858e-05   -9.657978e+00    1.019988e+00   -5.114694e-01
   1.191622e+00    2.135845e-01    9.852624e-02    1.145959e-01    3.205272e-05   -9.515516e+00    9.606472e-01   -5.023330e-01
   1.213665e+00    2.013274e-01    9.619120e-02    1.046983e-01    3.356642e-05   -9.374375e+00    9.036511e-01   -4.933471e-01
   1.236115e+00    1.897511e-01    9.388614e-02    9.545017e-02    3.507520e-05   -9.234558e+00    8.489285e-01   -4.845115e-01
   1.258981e+00    1.788215e-01    9.161068e-02    8.681828e-02    3.657470e-05   -9.096071e+00    7.964106e-01   -4.758261e-01
   1.282269e+00    1.685065e-01    8.936445e-02    7.877067e-02    3.806073e-05   -8.958915e+00    7.460298e-01   -4.672907e-01
   1.305988e+00    1.587751e-01    8.714706e-02    7.127688e-02    3.952928e-05   -8.823093e+00    6.977208e-01   -4.589053e-01
   1.330146e+00    1.495979e-01    8.495813e-02    6.430786e-02    4.097652e-05   -8.688608e+00    6.514196e-01   -4.506699e-01
   1.354751e+00    1.409468e-01    8.279726e-02    5.783594e-02    4.239891e-05   -8.555461e+00    6.070641e-01   -4.425849e-01
   1.379811e+00    1.327949e-01    8.066407e-02    5.183473e-02    4.379312e-05   -8.423652e+00    5.645937e-01   -4.346503e-01
   1.405335e+00    1.251167e-01    7.855814e-02    4.627910e-02    4.515613e-05   -8.293182e+00    5.239495e-01   -4.268666e-01
   1.431331e+00    1.178878e-01    7.647907e-02    4.114513e-02    4.648516e-05   -8.164051e+00    4.850745e-01   -4.192343e-01
   1.457807e+00    1.110850e-01    7.442645e-02    3.641008e-02    4.777776e-05   -8.036257e+00    4.479129e-01   -4.117540e-01
   1.484773e+00    1.046863e-01    7.239983e-02    3.205234e-02    4.903176e-05   -7.909800e+00    4.124109e-01   -4.044266e-01
   1.512239e+00    9.867064e-02    7.039877e-02    2.805135e-02    5.024529e-05   -7.784678e+00    3.785159e-01   -3.972528e-01
   1.540212e+00    9.301803e-02    6.842282e-02    2.438765e-02    5.141677e-05   -7.660887e+00    3.461773e-01   -3.902339e-01
   1.568702e+00    8.770950e-02    6.647147e-02    2.104276e-02    5.254493e-05   -7.538425e+00    3.153458e-01   -3.833711e-01
   1.597720e+00    8.272700e-02    6.454419e-02    1.799920e-02    5.362875e-05   -7.417287e+00    2.859736e-01   -3.766660e-01
   1.627275e+00    7.805341e-02    6.264038e-02    1.524048e-02    5.466753e-05   -7.297470e+00    2.580148e-01   -3.701201e-01
   1.657376e+00    7.367250e-02    6.075940e-02    1.275104e-02    5.566080e-05   -7.178968e+00    2.314246e-01   -3.637354e-01
   1.688034e+00    6.956886e-02    5.890048e-02    1.051627e-02    5.660836e-05   -7.061775e+00    2.061601e-01   -3.575140e-01
   1.719259e+00    6.572794e-02    5.706270e-02    8.522540e-03    5.751022e-05   -6.945886e+00    1.821796e-01   -3.514584e-01
   1.751061e+00    6.213596e-02    5.524495e-02    6.757201e-03    5.836665e-05   -6.831293e+00    1.594433e-01   -3.455713e-01
   1.783452e+00    5.877984e-02    5.344578e-02    5.208688e-03    5.917810e-05   -6.717988e+00    1.379126e-01   -3.398555e-01
   1.816442e+00    5.564733e-02    5.166326e-02    3.866659e-03    5.994522e-05   -6.605963e+00    1.175506e-01   -3.343144e-01
   1.850043e+00    5.272680e-02    4.989465e-02    2.722267e-03    6.066888e-05   -6.495210e+00    9.832186e-02   -3.289516e-01
   1.884264e+00    5.000734e-02    4.813586e-02    1.768709e-03    6.135012e-05   -6.385718e+00    8.019249e-02   -3.237710e-01
   1.919119e+00    4.747870e-02    4.638022e-02    1.002423e-03    6.199027e-05   -6.277477e+00    6.313015e-02   -3.187769e-01
   1.954619e+00    4.513123e-02    4.461530e-02    4.262108e-04    6.259112e-05   -6.170475e+00    4.710406e-02   -3.139738e-01
   1.990775e+00    4.295594e-02    4.281044e-02    6.174661e-05    6.315542e-05   -6.064701e+00    3.208500e-02   -3.093668e-01
   2.027600e+00    4.094441e-02    4.086608e-02   -6.720253e-21    6.368873e-05   -5.960141e+00    1.804536e-02   -3.049612e-01
   2.065107e+00    3.908882e-02    3.901601e-02   -2.778003e-20    6.420318e-05   -5.856782e+00    4.959164e-03   -3.007627e-01
   2.103307e+00    3.738190e-02    3.731411e-02   -5.471854e-20    6.472441e-05   -5.754608e+00   -7.197931e-03   -2.967774e-01
   2.142214e+00    3.581695e-02    3.575385e-02   -8.470971e-20    6.530864e-05   -5.653605e+00   -1.844856e-02   -2.930115e-01
   2.181840e+00    3.438781e-02    3.432917e-02   -1.161247e-19    6.606016e-05   -5.553754e+00   -2.881364e-02   -2.894718e-01
   2.222199e+00    3.308885e-02    3.303437e-02   -1.478390e-19    6.718487e-05   -5.455039e+00   -3.831227e-02   -2.861653e-01
   2.263305e+00    3.191500e-02    3.186445e-02   -1.790096e-19    6.907832e-05   -5.357440e+00   -4.696178e-02   -2.830991e-01
   2.305172e+00    3.086166e-02    3.081481e-02   -2.089743e-19    7.230171e-05   -5.260938e+00   -5.477758e-02   -2.802805e-01
   2.347812e+00    2.992478e-02    2.988141e-02   -2.371977e-19    7.792874e-05   -5.165509e+00   -6.177324e-02   -2.777171e-01
   2.391242e+00    2.910077e-02    2.906068e-02   -2.632389e-19    8.742579e-05   -5.071133e+00   -6.796045e-02   -2.754162e-01
   2.435475e+00    2.838656e-02    2.834953e-02   -2.867314e-19    1.029132e-04   -4.977784e+00   -7.334909e-02   -2.733851e-01
   2.480526e+00    2.777952e-02    2.774544e-02   -3.073704e-19    1.275136e-04   -4.885438e+00   -7.794737e-02   -2.716308e-01
   2.526410e+00    2.727741e-02    2.724609e-02   -3.249048e-19    1.647759e-04   -4.794069e+00   -8.176209e-02   -2.701595e-01
   2.573144e+00    2.687839e-02    2.684966e-02   -3.391325e-19    2.195930e-04   -4.703651e+00   -8.479900e-02   -2.689769e-01
   2.620741e+00    2.658090e-02    2.655461e-02   -3.498993e-19    2.978451e-04   -4.614158e+00   -8.706331e-02   -2.680872e-01
   2.669220e+00    2.638358e-02    2.635962e-02   -3.570991e-19    4.038086e-04   -4.525565e+00   -8.856046e-02   -2.674933e-01
   2.718594e+00    2.628518e-02    2.626341e-02   -3.606759e-19    5.471715e-04   -4.437846e+00   -8.929672e-02   -2.671960e-01
   2.768883e+00    2.628437e-02    2.626468e-02   -3.606284e-19    7.305995e-04   -4.350982e+00   -8.928060e-02   -2.671936e-01
   2.820101e+00    2.637969e-02    2.636199e-02   -3.570120e-19    9.598970e-04   -4.264954e+00   -8.852351e-02   -2.674816e-01
   2.872267e+00    2.656932e-02    2.655346e-02   -3.499415e-19    1.243235e-03   -4.179749e+00   -8.704089e-02   -2.680525e-01
   2.925398e+00    2.685093e-02    2.683684e-02   -3.395968e-19    1.583179e-03   -4.095361e+00   -8.485385e-02   -2.688951e-01
   2.979512e+00    2.722145e-02    2.720905e-02   -3.262222e-19    1.974202e-03   -4.011788e+00   -8.199021e-02   -2.699944e-01
   3.034626e+00    2.767709e-02    2.766630e-02   -3.101204e-19    2.420179e-03   -3.929039e+00   -7.848428e-02   -2.713322e-01
   3.090760e+00    2.821315e-02    2.820394e-02   -2.916508e-19    2.918931e-03   -3.847130e+00   -7.437823e-02   -2.728866e-01
   3.147933e+00    2.882385e-02    2.881607e-02   -2.712231e-19    3.465077e-03   -3.766084e+00   -6.972262e-02   -2.746328e-01
   3.206163e+00    2.950230e-02    2.949590e-02   -2.492871e-19    4.050911e-03   -3.685934e+00   -6.457630e-02   -2.765429e-01
   3.265470e+00    3.024050e-02    3.023542e-02   -2.263188e-19    4.667071e-03   -3.606723e+00   -5.900607e-02   -2.785871e-01
   3.325874e+00    3.102940e-02    3.102561e-02   -2.028064e-19    5.303153e-03   -3.528499e+00   -5.308578e-02   -2.807338e-01
   3.387396e+00    3.185896e-02    3.185634e-02   -1.792340e-19    5.948228e-03   -3.451318e+00   -4.689521e-02   -2.829507e-01
   3.450056e+00    3.271831e-02    3.271682e-02   -1.560659e-19    6.591340e-03   -3.375241e+00   -4.051874e-02   -2.852056e-01
   3.513874e+00    3.359595e-02    3.359552e-02   -1.337316e-19    7.222290e-03   -3.300331e+00   -3.404376e-02   -2.874666e-01
   3.578874e+00    3.447987e-02    3.448043e-02   -1.126132e-19    7.830789e-03   -3.226654e+00   -2.755913e-02   -2.897029e-01
   3.645075e+00    3.535791e-02    3.535938e-02   -9.303347e-20    8.406955e-03   -3.154276e+00   -2.115336e-02   -2.918854e-01
   3.712501e+00    3.621790e-02    3.622025e-02   -7.524699e-20    8.930660e-03   -3.083262e+00   -1.491272e-02   -2.939870e-01
   3.781175e+00    3.704844e-02    3.705156e-02   -5.942717e-20    9.407725e-03   -3.013668e+00   -8.916503e-03   -2.959842e-01
   3.851118e+00    3.783870e-02    3.784254e-02   -4.567371e-20    9.835615e-03   -2.945548e+00   -3.238406e-03   -2.978560e-01
   3.922356e+00    3.857859e-02    3.858307e-02   -3.401503e-20    1.019811e-02   -2.878947e+00    2.054219e-03   -2.995842e-01
   3.994911e+00    3.925949e-02    3.926457e-02   -2.440472e-20    1.050080e-02   -2.813902e+00    6.904969e-03   -3.011546e-01
   4.068809e+00    3.987409e-02    3.987968e-02   -1.673440e-20    1.074598e-02   -2.750438e+00    1.126739e-02   -3.025559e-01
   4.144073e+00    4.041648e-02    4.042251e-02   -1.084377e-20    1.092558e-02   -2.688572e+00    1.510485e-02   -3.037803e-01
   4.220729e+00    4.088262e-02    4.088902e-02   -6.527644e-21    1.105239e-02   -2.628309e+00    1.839366e-02   -3.048236e-01
   4.298804e+00    4.126994e-02    4.127665e-02   -3.552700e-21    1.112344e-02   -2.569644e+00    2.111998e-02   -3.056842e-01
   4.378323e+00    4.157760e-02    4.158454e-02   -1.667006e-21    1.114421e-02   -2.512559e+00    2.328157e-02   -3.063638e-01
   4.459312e+00    4.180645e-02    4.181357e-02   -6.126295e-22    1.112503e-02   -2.457027e+00    2.488700e-02   -3.068671e-01
   4.541800e+00    4.195855e-02    4.196566e-02   -1.379544e-22    1.106507e-02   -2.403015e+00    2.595304e-02   -3.072006e-01
   4.625814e+00    4.203747e-02    4.204478e-02   -5.574606e-24    1.097141e-02   -2.350477e+00    2.650590e-02   -3.073733e-01
   4.711382e+00    4.204800e-02    4.205533e-02   -2.468327e-41    1.085174e-02   -2.299362e+00    2.657972e-02   -3.073963e-01
   4.798532e+00    4.199587e-02    4.200315e-02   -6.135493e-23    1.071135e-02   -2.249614e+00    2.621458e-02   -3.072823e-01
   4.887295e+00    4.188749e-02    4.189477e-02   -3.315947e-22    1.055513e-02   -2.201169e+00    2.545542e-02   -3.070449e-01
   4.977699e+00    4.172996e-02    4.173705e-02   -9.258120e-22    1.038767e-02   -2.153964e+00    2.435092e-02   -3.066991e-01
   5.069776e+00    4.153068e-02    4.153762e-02   -1.922900e-21    1.021369e-02   -2.107930e+00    2.295244e-02   -3.062604e-01
   5.163556e+00    4.129734e-02    4.130409e-02   -3.366001e-21    1.003712e-02   -2.062998e+00    2.131283e-02   -3.057448e-01
   5.259071e+00    4.103759e-02    4.104413e-02   -5.264753e-21    9.862333e-03   -2.019101e+00    1.948539e-02   -3.051686e-01
   5.356353e+00    4.075904e-02    4.076532e-02   -7.598765e-21    9.691570e-03   -1.976169e+00    1.752254e-02   -3.045478e-01
   5.455434e+00    4.046897e-02    4.047500e-02   -1.032167e-20    9.526176e-03   -1.934136e+00    1.547534e-02   -3.038982e-01
   5.556348e+00    4.017447e-02    4.018026e-02   -1.336443e-20    9.371425e-03   -1.892939e+00    1.339351e-02   -3.032354e-01
   5.659129e+00    3.988209e-02    3.988759e-02   -1.664247e-20    9.227693e-03   -1.852517e+00    1.132312e-02   -3.025741e-01
   5.763810e+00    3.959783e-02    3.960302e-02   -2.006014e-20    9.095517e-03   -1.812812e+00    9.306800e-03   -3.019279e-01
   5.870429e+00    3.932717e-02    3.933207e-02   -2.351478e-20    8.979494e-03   -1.773772e+00    7.383863e-03   -3.013096e-01
   5.979019e+00    3.907477e-02    3.907942e-02   -2.690519e-20    8.877505e-03   -1.735348e+00    5.587814e-03   -3.007304e-01
   6.089618e+00    3.884465e-02    3.884894e-02   -3.013347e-20    8.791207e-03   -1.697500e+00    3.947782e-03   -3.002001e-01
   6.202263e+00    3.864006e-02    3.864405e-02   -3.311047e-20    8.720649e-03   -1.660188e+00    2.487551e-03   -2.997268e-01
   6.316992e+00    3.846346e-02    3.846715e-02   -3.575911e-20    8.667748e-03   -1.623383e+00    1.225482e-03   -2.993168e-01
   6.433843e+00    3.831639e-02    3.831979e-02   -3.802019e-20    8.630127e-03   -1.587059e+00    1.729762e-04   -2.989744e-01
   6.552856e+00    3.819956e-02    3.820268e-02   -3.985183e-20    8.607584e-03   -1.551199e+00   -6.641798e-04   -2.987018e-01
   6.674069e+00    3.811290e-02    3.811575e-02   -4.123111e-20    8.599994e-03   -1.515790e+00   -1.286090e-03   -2.984992e-01
   6.797526e+00    3.805547e-02    3.805805e-02   -4.215573e-20    8.605351e-03   -1.480827e+00   -1.699229e-03   -2.983648e-01
   6.923265e+00    3.802557e-02    3.802789e-02   -4.264204e-20    8.622292e-03   -1.446309e+00   -1.915562e-03   -2.982947e-01
   7.051331e+00    3.802077e-02    3.802285e-02   -4.272356e-20    8.649184e-03   -1.412242e+00   -1.952212e-03   -2.982834e-01
   7.181766e+00    3.803802e-02    3.803988e-02   -4.244860e-20    8.683973e-03   -1.378637e+00   -1.830963e-03   -2.983239e-01
   7.314613e+00    3.807375e-02    3.807541e-02   -4.187702e-20    8.724090e-03   -1.345508e+00   -1.577417e-03   -2.984076e-01
   7.449918e+00    3.812408e-02    3.812550e-02   -4.107541e-20    8.767497e-03   -1.312872e+00   -1.219631e-03   -2.985253e-01
   7.587726e+00    3.818485e-02    3.818608e-02   -4.011383e-20    8.811790e-03   -1.280747e+00   -7.871597e-04   -2.986674e-01
   7.728082e+00    3.825191e-02    3.825298e-02   -3.906140e-20    8.855317e-03   -1.249153e+00   -3.096411e-04   -2.988240e-01
   7.871036e+00    3.832127e-02    3.832215e-02   -3.798352e-20    8.895812e-03   -1.218108e+00    1.839962e-04   -2.989858e-01
   8.016633e+00    3.838914e-02    3.838987e-02   -3.693867e-20    8.931531e-03   -1.187628e+00    6.671554e-04   -2.991439e-01
   8.164924e+00    3.845235e-02    3.845294e-02   -3.597505e-20    8.961758e-03   -1.157726e+00    1.116857e-03   -2.992910e-01
   8.315958e+00    3.850821e-02    3.850867e-02   -3.513105e-20    8.985527e-03   -1.128412e+00    1.514114e-03   -2.994208e-01
   8.469785e+00    3.855472e-02    3.855507e-02   -3.443376e-20    9.002644e-03   -1.099690e+00    1.844776e-03   -2.995288e-01
   8.626458e+00    3.859061e-02    3.859085e-02   -3.389936e-20    9.013136e-03   -1.071559e+00    2.099681e-03   -2.996121e-01
   8.786029e+00    3.861530e-02    3.861544e-02   -3.353391e-20    9.017150e-03   -1.044014e+00    2.274722e-03   -2.996694e-01
   8.948552e+00    3.862892e-02    3.862897e-02   -3.333343e-20    9.015720e-03   -1.017045e+00    2.370948e-03   -2.997010e-01
   9.114081e+00    3.863220e-02    3.863217e-02   -3.328600e-20    9.009677e-03   -9.906373e-01    2.393614e-03   -2.997086e-01
   9.282673e+00    3.862639e-02    3.862630e-02   -3.337297e-20    9.000073e-03   -9.647738e-01    2.351585e-03   -2.996951e-01
   9.454382e+00    3.861312e-02    3.861296e-02   -3.357051e-20    8.988162e-03   -9.394339e-01    2.256480e-03   -2.996643e-01
   9.629268e+00    3.859424e-02    3.859402e-02   -3.385171e-20    8.974980e-03   -9.145958e-01    2.121501e-03   -2.996206e-01
   9.807389e+00    3.857172e-02    3.857149e-02   -3.418813e-20    8.961464e-03   -8.902373e-01    1.960551e-03   -2.995683e-01
   9.988805e+00    3.854748e-02    3.854722e-02   -3.455130e-20    8.948611e-03   -8.663362e-01    1.787428e-03   -2.995120e-01
   1.017358e+01    3.852332e-02    3.852303e-02   -3.491470e-20    8.937124e-03   -8.428718e-01    1.614808e-03   -2.994559e-01
   1.036177e+01    3.850074e-02    3.850043e-02   -3.525535e-20    8.927571e-03   -8.198254e-01    1.453568e-03   -2.994035e-01
   1.055344e+01    3.848094e-02    3.848061e-02   -3.555503e-20    8.920125e-03   -7.971806e-01    1.312175e-03   -2.993575e-01
   1.074865e+01    3.846475e-02    3.846442e-02   -3.580058e-20    8.915258e-03   -7.749239e-01    1.196638e-03   -2.993198e-01
   1.094748e+01    3.845256e-02    3.845224e-02   -3.598580e-20    8.912595e-03   -7.530448e-01    1.109680e-03   -2.992915e-01
   1.114999e+01    3.844439e-02    3.844407e-02   -3.611008e-20    8.911932e-03   -7.315360e-01    1.051429e-03   -2.992725e-01
   1.135624e+01    3.843992e-02    3.843960e-02   -3.617804e-20    8.912795e-03   -7.103924e-01    1.019622e-03   -2.992621e-01
   1.156630e+01    3.843860e-02    3.843830e-02   -3.619796e-20    8.914881e-03   -6.896110e-01    1.010323e-03   -2.992590e-01
   1.178026e+01    3.843968e-02    3.843939e-02   -3.618125e-20    8.917658e-03   -6.691899e-01    1.018183e-03   -2.992615e-01
   1.199817e+01    3.844232e-02    3.844204e-02   -3.614069e-20    8.920622e-03   -6.491285e-01    1.037220e-03   -2.992677e-01
   1.222011e+01    3.844571e-02    3.844546e-02   -3.608882e-20    8.923478e-03   -6.294257e-01    1.061568e-03   -2.992756e-01
   1.244615e+01    3.844907e-02    3.844886e-02   -3.603727e-20    8.925831e-03   -6.100805e-01    1.085781e-03   -2.992834e-01
   1.267638e+01    3.845181e-02    3.845161e-02   -3.599534e-20    8.927490e-03   -5.910906e-01    1.105496e-03   -2.992897e-01
   1.291087e+01    3.845349e-02    3.845330e-02   -3.596947e-20    8.927507e-03   -5.724528e-01    1.117689e-03   -2.992936e-01
   1.314969e+01    3.845425e-02    3.845409e-02   -3.595750e-20    8.928525e-03   -5.541599e-01    1.123359e-03   -2.992954e-01
   1.339293e+01    3.845372e-02    3.845358e-02   -3.596524e-20    8.928023e-03   -5.362083e-01    1.119782e-03   -2.992942e-01
   1.364067e+01    3.845204e-02    3.845194e-02   -3.599042e-20    8.927023e-03   -5.185909e-01    1.108022e-03   -2.992903e-01
   1.389299e+01    3.844948e-02    3.844941e-02   -3.602901e-20    8.925722e-03   -5.013001e-01    1.089978e-03   -2.992843e-01
   1.414999e+01    3.844637e-02    3.844630e-02   -3.607601e-20    8.924329e-03   -4.843275e-01    1.067994e-03   -2.992771e-01
   1.441173e+01    3.844303e-02    3.844298e-02   -3.612643e-20    8.922995e-03   -4.676652e-01    1.044415e-03   -2.992693e-01
   1.467832e+01    3.843977e-02    3.843974e-02   -3.617587e-20    8.921779e-03   -4.513055e-01    1.021304e-03   -2.992617e-01
   1.494983e+01    3.843682e-02    3.843682e-02   -3.622051e-20    8.920910e-03   -4.352411e-01    1.000447e-03   -2.992549e-01
   1.522637e+01    3.843430e-02    3.843432e-02   -3.625867e-20    8.920252e-03   -4.194658e-01    9.826276e-04   -2.992490e-01
   1.550803e+01    3.843226e-02    3.843227e-02   -3.628958e-20    8.919864e-03   -4.039739e-01    9.682063e-04   -2.992443e-01
   1.579490e+01    3.843066e-02    3.843070e-02   -3.631387e-20    8.919485e-03   -3.887605e-01    9.568761e-04   -2.992405e-01
   1.608707e+01    3.842950e-02    3.842955e-02   -3.633137e-20    8.919567e-03   -3.738205e-01    9.487237e-04   -2.992378e-01
   1.638464e+01    3.842856e-02    3.842863e-02   -3.634543e-20    8.919526e-03   -3.591503e-01    9.421713e-04   -2.992357e-01
   1.668773e+01    3.842774e-02    3.842782e-02   -3.635781e-20    8.919499e-03   -3.447460e-01    9.364062e-04   -2.992338e-01
   1.699641e+01    3.842692e-02    3.842700e-02   -3.637022e-20    8.919408e-03   -3.306033e-01    9.306262e-04   -2.992319e-01
   1.731081e+01    3.842603e-02    3.842612e-02   -3.638374e-20    8.919241e-03   -3.167182e-01    9.243227e-04   -2.992298e-01
   1.763102e+01    3.842504e-02    3.842513e-02   -3.639886e-20    8.918942e-03   -3.030860e-01    9.172717e-04   -2.992275e-01
   1.795716e+01    3.842399e-02    3.842409e-02   -3.641478e-20    8.918740e-03   -2.897020e-01    9.098429e-04   -2.992250e-01
   1.828933e+01    3.842286e-02    3.842295e-02   -3.643202e-20    8.918411e-03   -2.765618e-01    9.017987e-04   -2.992224e-01
   1.862764e+01    3.842169e-02    3.842178e-02   -3.644974e-20    8.918093e-03   -2.636607e-01    8.935262e-04   -2.992197e-01
   1.897222e+01    3.842054e-02    3.842060e-02   -3.646732e-20    8.917777e-03   -2.509939e-01    8.853240e-04   -2.992170e-01
   1.932316e+01    3.841944e-02    3.841952e-02   -3.648406e-20    8.917499e-03   -2.385569e-01    8.775130e-04   -2.992145e-01
   1.968060e+01    3.841842e-02    3.841852e-02   -3.649959e-20    8.917274e-03   -2.263454e-01    8.702624e-04   -2.992121e-01
   2.004465e+01    3.841748e-02    3.841758e-02   -3.651407e-20    8.917050e-03   -2.143553e-01    8.635067e-04   -2.992099e-01
   2.041543e+01    3.841660e-02    3.841672e-02   -3.652740e-20    8.916864e-03   -2.025826e-01    8.572854e-04   -2.992078e-01
   2.079307e+01    3.841579e-02    3.841590e-02   -3.653982e-20    8.916743e-03   -1.910234e-01    8.514898e-04   -2.992060e-01
   2.117770e+01    3.841497e-02    3.841508e-02   -3.655243e-20    8.916527e-03   -1.796743e-01    8.456071e-04   -2.992040e-01
   2.156944e+01    3.841416e-02    3.841427e-02   -3.656480e-20    8.916349e-03   -1.685313e-01    8.398378e-04   -2.992022e-01
   2.196843e+01    3.841335e-02    3.841347e-02   -3.657709e-20    8.916165e-03   -1.575908e-01    8.341048e-04   -2.992003e-01
   2.237480e+01    3.841255e-02    3.841267e-02   -3.658935e-20    8.915928e-03   -1.468490e-01    8.283843e-04   -2.991984e-01
   2.278869e+01    3.841182e-02    3.841193e-02   -3.660058e-20    8.915773e-03   -1.363020e-01    8.231457e-04   -2.991967e-01
   2.321023e+01    3.841113e-02    3.841125e-02   -3.661107e-20    8.915644e-03   -1.259462e-01    8.182569e-04   -2.991951e-01
   2.363957e+01    3.841045e-02    3.841057e-02   -3.662143e-20    8.915460e-03   -1.157786e-01    8.134272e-04   -2.991935e-01
   2.407685e+01    3.840982e-02    3.840994e-02   -3.663106e-20    8.915356e-03   -1.057954e-01    8.089395e-04   -2.991921e-01
   2.452222e+01    3.840918e-02    3.840930e-02   -3.664087e-20    8.915241e-03   -9.599368e-02    8.043638e-04   -2.991906e-01
   2.497583e+01    3.840847e-02    3.840850e-02   -3.665168e-20    8.915112e-03   -8.637051e-02    7.993263e-04   -2.991889e-01
   2.543783e+01    3.840765e-02    3.840777e-02   -3.666435e-20    8.914968e-03   -7.692308e-02    7.934234e-04   -2.991870e-01
   2.590838e+01    3.840661e-02    3.840674e-02   -3.668012e-20    8.914705e-03   -6.764878e-02    7.860799e-04   -2.991846e-01
   2.638763e+01    3.840542e-02    3.840557e-02   -3.669839e-20    8.914635e-03   -5.854422e-02    7.775653e-04   -2.991818e-01
   2.687574e+01    3.840369e-02    3.840383e-02   -3.672483e-20    8.914172e-03   -4.960897e-02    7.652526e-04   -2.991778e-01
   2.737289e+01    3.840154e-02    3.840168e-02   -3.675784e-20    8.914292e-03   -4.083928e-02    7.498763e-04   -2.991728e-01
   2.787923e+01    3.839777e-02    3.839789e-02   -3.681558e-20    8.914231e-03   -3.224066e-02    7.229939e-04   -2.991640e-01
   2.839493e+01    3.839076e-02    3.839090e-02   -3.692309e-20    8.914159e-03   -2.382183e-02    6.729762e-04   -2.991477e-01
   2.892018e+01    3.837729e-02    3.837740e-02   -3.713014e-20    8.914270e-03   -1.560299e-02    5.767782e-04   -2.991163e-01
   2.945514e+01    3.835039e-02    3.835045e-02   -3.754479e-20    8.914082e-03   -7.631084e-03    3.846630e-04   -2.990537e-01
   3.000000e+01    3.829652e-02    3.829664e-02   -3.837986e-20    8.841941e-03    0.000000e+00    0.000000e+00   -2.989281e-01
