# All units in [AU] if not specified
{"name":"Al", "Z":13, "Zstar":2.1015311340434395, "A":28,  "μ[AU]": -9.413e-01, "T[AU]": 3.675e-01, "rs[AU]": 5.441e+00 }
	 r[AU]  	 n[AU]  	 nf[AU]  	 nb[AU]     n_ion[AU]    (φ_e+φ_ions)[AU]   φtotal[AU]     δVxc/δρ[Au]  
    1.00000e-03     1.41389e+05     6.63155e-01     1.41398e+05     0.00000e+00    -5.09810e+01     1.29488e+04    -3.86624e+01
    1.27081e-03     9.85898e+04     5.88066e-01     9.85986e+04     0.00000e+00    -5.09809e+01     1.01785e+04    -3.43017e+01
    1.61496e-03     6.87221e+04     5.21420e-01     6.87304e+04     0.00000e+00    -5.08727e+01     7.99862e+03    -3.04308e+01
    2.05231e-03     4.78813e+04     4.62260e-01     4.78890e+04     0.00000e+00    -5.06684e+01     6.28342e+03    -2.69942e+01
    2.60810e-03     3.33416e+04     4.09736e-01     3.33403e+04     0.00000e+00    -5.03755e+01     4.93386e+03    -2.39427e+01
    3.31440e-03     2.32002e+04     3.63094e-01     2.31992e+04     0.00000e+00    -4.99978e+01     3.87204e+03    -2.12324e+01
    4.21198e-03     1.61286e+04     3.21666e-01     1.61278e+04     0.00000e+00    -4.95364e+01     3.03666e+03    -1.88246e+01
    5.35263e-03     1.11995e+04     2.84858e-01     1.11989e+04     0.00000e+00    -4.89897e+01     2.37949e+03    -1.66848e+01
    6.80218e-03     7.76542e+03     2.52143e-01     7.76496e+03     0.00000e+00    -4.83543e+01     1.86256e+03    -1.47824e+01
    8.64428e-03     5.37453e+03     2.23054e-01     5.37417e+03     0.00000e+00    -4.76251e+01     1.45602e+03    -1.30903e+01
    1.09852e-02     3.71133e+03     1.97176e-01     3.71103e+03     0.00000e+00    -4.67955e+01     1.13637e+03    -1.15844e+01
    1.39602e-02     2.55560e+03     1.74142e-01     2.55536e+03     0.00000e+00    -4.58578e+01     8.85124e+02    -1.02435e+01
    1.77407e-02     1.75364e+03     1.53627e-01     1.75345e+03     0.00000e+00    -4.48035e+01     6.87734e+02    -9.04850e+00
    2.25451e-02     1.19819e+03     1.35343e-01     1.19802e+03     0.00000e+00    -4.36235e+01     5.32759e+02    -7.98282e+00
    2.86506e-02     8.14376e+02     1.19034e-01     8.14237e+02     0.00000e+00    -4.23089e+01     4.11195e+02    -7.03161e+00
    3.64095e-02     5.49971e+02     1.04478e-01     5.49853e+02     0.00000e+00    -4.08509e+01     3.15960e+02    -6.18184e+00
    4.62696e-02     3.68533e+02     9.14767e-02     3.68433e+02     0.00000e+00    -3.92424e+01     2.41481e+02    -5.42202e+00
    5.87999e-02     2.44646e+02     7.98582e-02     2.44561e+02     0.00000e+00    -3.74782e+01     1.83372e+02    -4.74210e+00
    7.47236e-02     1.60590e+02     6.94727e-02     1.60517e+02     0.00000e+00    -3.55565e+01     1.38179e+02    -4.13331e+00
    9.49596e-02     1.04011e+02     6.01908e-02     1.03949e+02     0.00000e+00    -3.34800e+01     1.03181e+02    -3.58805e+00
    1.20676e-01     6.63082e+01     5.19020e-02     6.62551e+01     0.00000e+00    -3.12572e+01     7.62306e+01    -3.09978e+00
    1.53356e-01     4.14934e+01     4.45126e-02     4.14483e+01     0.00000e+00    -2.89040e+01     5.56272e+01    -2.66292e+00
    1.94887e-01     2.54090e+01     3.79442e-02     2.53707e+01     0.00000e+00    -2.64441e+01     4.00225e+01    -2.27272e+00
    2.47664e-01     1.51746e+01     3.21318e-02     1.51423e+01     0.00000e+00    -2.39100e+01     2.83416e+01    -1.92515e+00
    3.14734e-01     8.80527e+00     2.70217e-02     8.77818e+00     0.00000e+00    -2.13426e+01     1.97232e+01    -1.61676e+00
    3.99968e-01     4.94317e+00     2.25685e-02     4.92058e+00     0.00000e+00    -1.87894e+01     1.34743e+01    -1.34448e+00
    5.08283e-01     2.67076e+00     1.87320e-02     2.65203e+00     0.00000e+00    -1.63024e+01     9.03497e+00    -1.10544e+00
    6.45932e-01     1.37848e+00     1.54726e-02     1.36301e+00     0.00000e+00    -1.39343e+01     5.95271e+00    -8.96644e-01
    8.20857e-01     6.70907e-01     1.27442e-02     6.58168e-01     0.00000e+00    -1.17351e+01     3.86311e+00    -7.14653e-01
    1.04315e+00     3.00303e-01     1.04877e-02     2.89820e-01     0.00000e+00    -9.74830e+00     2.47498e+00    -5.57594e-01
    1.32565e+00     1.17702e-01     8.61004e-03     1.09094e-01     0.00000e+00    -8.00886e+00     1.55872e+00    -4.19034e-01
    1.68465e+00     3.93082e-02     6.99421e-03     3.23151e-02     0.00000e+00    -6.53975e+00     9.38052e-01    -3.01266e-01
    1.81377e+00     2.88006e-02     6.58725e-03     2.22142e-02     0.00000e+00    -6.12476e+00     8.03729e-01    -2.74567e-01
    1.96770e+00     2.07727e-02     6.16567e-03     1.46076e-02     0.00000e+00    -5.69472e+00     6.73072e-01    -2.49137e-01
    2.12163e+00     1.56983e-02     5.80190e-03     9.89681e-03     0.00000e+00    -5.32134e+00     5.67111e-01    -2.29268e-01
    2.14088e+00     1.52116e-02     5.76056e-03     9.45136e-03     0.00000e+00    -5.27790e+00     5.55463e-01    -2.27137e-01
    2.27556e+00     1.23785e-02     5.48660e-03     6.89220e-03     0.00000e+00    -4.99363e+00     4.80337e-01    -2.13684e-01
    2.42949e+00     1.00976e-02     5.20795e-03     4.88988e-03     0.00000e+00    -4.70437e+00     4.07630e-01    -2.01182e-01
    2.58342e+00     8.48440e-03     4.96106e-03     3.52348e-03     0.00000e+00    -4.44676e+00     3.46413e-01    -1.91082e-01
    2.73735e+00     7.30829e-03     4.74100e-03     2.56738e-03     0.00000e+00    -4.21573e+00     2.94466e-01    -1.82829e-01
    2.89129e+00     6.42827e-03     4.54393e-03     1.88441e-03     0.00000e+00    -4.00725e+00     2.50110e-01    -1.76016e-01
    3.04522e+00     5.75513e-03     4.36683e-03     1.38835e-03     0.00000e+00    -3.81802e+00     2.12056e-01    -1.70346e-01
    3.19915e+00     5.23064e-03     4.20728e-03     1.02339e-03     0.00000e+00    -3.64537e+00     1.79294e-01    -1.65592e-01
    3.35308e+00     4.81567e-03     4.06335e-03     7.52348e-04     0.00000e+00    -3.48709e+00     1.51026e-01    -1.61584e-01
    3.50701e+00     4.48326e-03     3.93347e-03     5.49810e-04     0.00000e+00    -3.34134e+00     1.26611e-01    -1.58194e-01
    3.66094e+00     4.21438e-03     3.81638e-03     3.98023e-04     0.00000e+00    -3.20656e+00     1.05528e-01    -1.55317e-01
    3.81487e+00     3.99532e-03     3.71102e-03     2.84312e-04     0.00000e+00    -3.08145e+00     8.73498e-02    -1.52876e-01
    3.96881e+00     3.81603e-03     3.61657e-03     1.99460e-04     0.00000e+00    -2.96491e+00     7.17254e-02    -1.50805e-01
    4.12274e+00     3.66898e-03     3.53234e-03     1.36644e-04     0.00000e+00    -2.85597e+00     5.83614e-02    -1.49055e-01
    4.27667e+00     3.54852e-03     3.45779e-03     9.07321e-05     0.00000e+00    -2.75382e+00     4.70125e-02    -1.47583e-01
    4.43060e+00     3.45028e-03     3.39248e-03     5.78057e-05     0.00000e+00    -2.65775e+00     3.74720e-02    -1.46356e-01
    4.58453e+00     3.37091e-03     3.33608e-03     3.48280e-05     0.00000e+00    -2.56714e+00     2.95650e-02    -1.45346e-01
    4.73846e+00     3.30777e-03     3.28836e-03     1.94111e-05     0.00000e+00    -2.48145e+00     2.31426e-02    -1.44531e-01
    4.89239e+00     3.25882e-03     3.24916e-03     9.64990e-06     0.00000e+00    -2.40019e+00     1.80783e-02    -1.43891e-01
    5.04632e+00     3.22241e-03     3.21841e-03     4.00091e-06     0.00000e+00    -2.32296e+00     1.42635e-02    -1.43411e-01
    5.20026e+00     3.19729e-03     3.19609e-03     1.19348e-06     0.00000e+00    -2.24936e+00     1.16056e-02    -1.43077e-01
    5.35419e+00     3.18244e-03     3.18228e-03     1.62919e-07     0.00000e+00    -2.17907e+00     1.00251e-02    -1.42879e-01
    5.50812e+00     3.17709e-03     3.17709e-03     2.08368e-26     1.48185e-03    -2.11178e+00     9.45401e-03    -1.42807e-01
    5.66205e+00     3.17221e-03     3.17220e-03    -8.70181e-24     1.48185e-03    -2.04814e+00     8.93217e-03    -1.42742e-01
    5.81598e+00     3.16776e-03     3.16776e-03    -2.30440e-23     1.48185e-03    -1.98785e+00     8.45477e-03    -1.42682e-01
    5.96991e+00     3.16368e-03     3.16372e-03    -3.96985e-23     1.48185e-03    -1.93066e+00     8.01755e-03    -1.42628e-01
    6.12384e+00     3.15995e-03     3.15995e-03    -5.73998e-23     1.48185e-03    -1.87632e+00     7.61668e-03    -1.42577e-01
    6.27778e+00     3.15652e-03     3.15652e-03    -7.54442e-23     1.48185e-03    -1.82463e+00     7.24877e-03    -1.42531e-01
    6.43171e+00     3.15338e-03     3.15338e-03    -9.34001e-23     1.48185e-03    -1.77541e+00     6.91079e-03    -1.42489e-01
    6.58564e+00     3.15050e-03     3.15050e-03    -1.10993e-22     1.48185e-03    -1.72848e+00     6.60002e-03    -1.42450e-01
    6.73957e+00     3.14785e-03     3.14788e-03    -1.28045e-22     1.48185e-03    -1.68368e+00     6.31402e-03    -1.42415e-01
    6.89350e+00     3.14540e-03     3.14540e-03    -1.44447e-22     1.48185e-03    -1.64087e+00     6.05060e-03    -1.42382e-01
    7.04743e+00     3.14316e-03     3.14316e-03    -1.60132e-22     1.48185e-03    -1.59992e+00     5.80779e-03    -1.42351e-01
    7.20136e+00     3.14108e-03     3.14108e-03    -1.75065e-22     1.48185e-03    -1.56072e+00     5.58381e-03    -1.42323e-01
    7.35530e+00     3.13917e-03     3.13917e-03    -1.89233e-22     1.48185e-03    -1.52314e+00     5.37706e-03    -1.42298e-01
    7.50923e+00     3.13741e-03     3.13740e-03    -2.02639e-22     1.48185e-03    -1.48710e+00     5.18609e-03    -1.42274e-01
    7.66316e+00     3.13577e-03     3.13577e-03    -2.15295e-22     1.48185e-03    -1.45251e+00     5.00957e-03    -1.42252e-01
    7.81709e+00     3.13427e-03     3.13427e-03    -2.27223e-22     1.48185e-03    -1.41926e+00     4.84632e-03    -1.42231e-01
    7.97102e+00     3.13287e-03     3.13287e-03    -2.38447e-22     1.48185e-03    -1.38730e+00     4.69525e-03    -1.42213e-01
    8.12495e+00     3.13158e-03     3.13158e-03    -2.48996e-22     1.48185e-03    -1.35654e+00     4.55537e-03    -1.42195e-01
    8.27888e+00     3.13039e-03     3.13039e-03    -2.58902e-22     1.48185e-03    -1.32692e+00     4.42579e-03    -1.42179e-01
    8.43281e+00     3.12928e-03     3.12928e-03    -2.68196e-22     1.48185e-03    -1.29838e+00     4.30569e-03    -1.42164e-01
    8.58675e+00     3.12825e-03     3.12825e-03    -2.76909e-22     1.48185e-03    -1.27085e+00     4.19432e-03    -1.42150e-01
    8.74068e+00     3.12730e-03     3.12730e-03    -2.85074e-22     1.48185e-03    -1.24429e+00     4.09100e-03    -1.42137e-01
    8.89461e+00     3.12642e-03     3.12642e-03    -2.92722e-22     1.48185e-03    -1.21865e+00     3.99510e-03    -1.42125e-01
    9.04854e+00     3.12560e-03     3.12560e-03    -2.99882e-22     1.48185e-03    -1.19388e+00     3.90606e-03    -1.42114e-01
    9.20247e+00     3.12484e-03     3.12484e-03    -3.06583e-22     1.48185e-03    -1.16993e+00     3.82335e-03    -1.42104e-01
    9.35640e+00     3.12413e-03     3.12413e-03    -3.12854e-22     1.48185e-03    -1.14676e+00     3.74649e-03    -1.42094e-01
    9.51033e+00     3.12347e-03     3.12347e-03    -3.18720e-22     1.48185e-03    -1.12435e+00     3.67505e-03    -1.42085e-01
    9.66427e+00     3.12286e-03     3.12286e-03    -3.24207e-22     1.48185e-03    -1.10264e+00     3.60861e-03    -1.42077e-01
    9.81820e+00     3.12229e-03     3.12229e-03    -3.29338e-22     1.48185e-03    -1.08161e+00     3.54681e-03    -1.42069e-01
    9.97213e+00     3.12177e-03     3.12176e-03    -3.34136e-22     1.48185e-03    -1.06123e+00     3.48931e-03    -1.42062e-01
    1.00000e+01     3.12168e-03     3.12168e-03    -3.34902e-22     1.48185e-03    -1.05761e+00     3.48016e-03    -1.42061e-01
    1.01261e+01     3.12129e-03     3.12129e-03    -3.38446e-22     1.48185e-03    -1.04146e+00     3.43789e-03    -1.42056e-01
    1.02800e+01     3.12084e-03     3.12083e-03    -3.42634e-22     1.48185e-03    -1.02229e+00     3.38813e-03    -1.42050e-01
    1.04339e+01     3.12041e-03     3.12041e-03    -3.46548e-22     1.48185e-03    -1.00368e+00     3.34180e-03    -1.42044e-01
    1.05879e+01     3.12001e-03     3.12001e-03    -3.50206e-22     1.48185e-03    -9.85610e-01     3.29866e-03    -1.42039e-01
    1.06729e+01     3.11982e-03     3.11982e-03    -3.52003e-22     1.48185e-03    -9.75844e-01     3.27752e-03    -1.42036e-01
    1.07418e+01     3.11967e-03     3.11967e-03    -3.53392e-22     1.48185e-03    -9.68053e-01     3.26120e-03    -1.42034e-01
    1.08957e+01     3.11933e-03     3.11932e-03    -3.56579e-22     1.48185e-03    -9.50992e-01     3.22385e-03    -1.42029e-01
    1.10496e+01     3.11901e-03     3.11900e-03    -3.59556e-22     1.48185e-03    -9.34406e-01     3.18906e-03    -1.42025e-01
    1.12036e+01     3.11871e-03     3.11871e-03    -3.62336e-22     1.48185e-03    -9.18273e-01     3.15665e-03    -1.42021e-01
    1.13458e+01     3.11845e-03     3.11845e-03    -3.64707e-22     1.48185e-03    -9.03751e-01     3.12907e-03    -1.42017e-01
    1.13575e+01     3.11844e-03     3.11843e-03    -3.64879e-22     1.48185e-03    -9.02577e-01     3.12707e-03    -1.42017e-01
    1.15114e+01     3.11818e-03     3.11818e-03    -3.67301e-22     1.48185e-03    -8.87299e-01     3.09896e-03    -1.42014e-01
    1.16654e+01     3.11794e-03     3.11794e-03    -3.69562e-22     1.48185e-03    -8.72423e-01     3.07278e-03    -1.42010e-01
    1.18193e+01     3.11771e-03     3.11771e-03    -3.71672e-22     1.48185e-03    -8.57934e-01     3.04839e-03    -1.42007e-01
    1.19732e+01     3.11751e-03     3.11750e-03    -3.73641e-22     1.48185e-03    -8.43816e-01     3.02568e-03    -1.42005e-01
    1.20188e+01     3.11745e-03     3.11745e-03    -3.74144e-22     1.48185e-03    -8.39708e-01     3.01988e-03    -1.42004e-01
    1.21272e+01     3.11732e-03     3.11732e-03    -3.75353e-22     1.48185e-03    -8.30054e-01     3.00596e-03    -1.42002e-01
    1.22811e+01     3.11714e-03     3.11714e-03    -3.77061e-22     1.48185e-03    -8.16637e-01     2.98631e-03    -1.42000e-01
    1.24350e+01     3.11698e-03     3.11697e-03    -3.78653e-22     1.48185e-03    -8.03552e-01     2.96803e-03    -1.41997e-01
    1.25890e+01     3.11682e-03     3.11682e-03    -3.80135e-22     1.48185e-03    -7.90786e-01     2.95103e-03    -1.41995e-01
    1.26917e+01     3.11673e-03     3.11672e-03    -3.81007e-22     1.48185e-03    -7.82437e-01     2.94105e-03    -1.41994e-01
    1.27429e+01     3.11669e-03     3.11668e-03    -3.81407e-22     1.48185e-03    -7.78327e-01     2.93646e-03    -1.41993e-01
    1.28968e+01     3.11655e-03     3.11655e-03    -3.82687e-22     1.48185e-03    -7.66165e-01     2.92181e-03    -1.41992e-01
    1.30508e+01     3.11643e-03     3.11642e-03    -3.83877e-22     1.48185e-03    -7.54289e-01     2.90821e-03    -1.41990e-01
    1.32047e+01     3.11631e-03     3.11631e-03    -3.84981e-22     1.48185e-03    -7.42690e-01     2.89560e-03    -1.41988e-01
    1.33586e+01     3.11620e-03     3.11620e-03    -3.86005e-22     1.48185e-03    -7.31357e-01     2.88392e-03    -1.41987e-01
    1.33646e+01     3.11620e-03     3.11620e-03    -3.86038e-22     1.48185e-03    -7.30920e-01     2.88354e-03    -1.41987e-01
    1.35125e+01     3.11611e-03     3.11610e-03    -3.86938e-22     1.48185e-03    -7.20282e-01     2.87328e-03    -1.41986e-01
    1.36665e+01     3.11601e-03     3.11601e-03    -3.87815e-22     1.48185e-03    -7.09456e-01     2.86330e-03    -1.41984e-01
    1.38204e+01     3.11593e-03     3.11593e-03    -3.88624e-22     1.48185e-03    -6.98870e-01     2.85408e-03    -1.41983e-01
    1.39743e+01     3.11585e-03     3.11585e-03    -3.89370e-22     1.48185e-03    -6.88517e-01     2.84560e-03    -1.41982e-01
    1.40375e+01     3.11583e-03     3.11582e-03    -3.89622e-22     1.48185e-03    -6.84332e-01     2.84274e-03    -1.41982e-01
    1.41283e+01     3.11579e-03     3.11579e-03    -3.89978e-22     1.48185e-03    -6.78388e-01     2.83869e-03    -1.41981e-01
    1.42822e+01     3.11572e-03     3.11572e-03    -3.90605e-22     1.48185e-03    -6.68478e-01     2.83156e-03    -1.41980e-01
    1.44361e+01     3.11566e-03     3.11566e-03    -3.91178e-22     1.48185e-03    -6.58779e-01     2.82505e-03    -1.41980e-01
    1.45901e+01     3.11561e-03     3.11561e-03    -3.91700e-22     1.48185e-03    -6.49284e-01     2.81913e-03    -1.41979e-01
    1.47105e+01     3.11557e-03     3.11557e-03    -3.92047e-22     1.48185e-03    -6.41996e-01     2.81519e-03    -1.41978e-01
    1.47440e+01     3.11556e-03     3.11556e-03    -3.92127e-22     1.48185e-03    -6.39987e-01     2.81428e-03    -1.41978e-01
    1.48979e+01     3.11552e-03     3.11552e-03    -3.92553e-22     1.48185e-03    -6.30881e-01     2.80945e-03    -1.41978e-01
    1.50519e+01     3.11548e-03     3.11548e-03    -3.92935e-22     1.48185e-03    -6.21962e-01     2.80512e-03    -1.41977e-01
    1.52058e+01     3.11544e-03     3.11544e-03    -3.93275e-22     1.48185e-03    -6.13223e-01     2.80127e-03    -1.41977e-01
    1.53597e+01     3.11541e-03     3.11541e-03    -3.93574e-22     1.48185e-03    -6.04658e-01     2.79788e-03    -1.41976e-01
    1.53834e+01     3.11541e-03     3.11541e-03    -3.93605e-22     1.48185e-03    -6.03356e-01     2.79753e-03    -1.41976e-01
    1.55137e+01     3.11539e-03     3.11539e-03    -3.93805e-22     1.48185e-03    -5.96263e-01     2.79526e-03    -1.41976e-01
    1.56676e+01     3.11537e-03     3.11536e-03    -3.94027e-22     1.48185e-03    -5.88032e-01     2.79274e-03    -1.41975e-01
    1.58215e+01     3.11535e-03     3.11534e-03    -3.94213e-22     1.48185e-03    -5.79962e-01     2.79064e-03    -1.41975e-01
    1.59755e+01     3.11533e-03     3.11533e-03    -3.94364e-22     1.48185e-03    -5.72046e-01     2.78892e-03    -1.41975e-01
    1.60563e+01     3.11533e-03     3.11532e-03    -3.94406e-22     1.48185e-03    -5.67948e-01     2.78845e-03    -1.41975e-01
    1.61294e+01     3.11532e-03     3.11532e-03    -3.94435e-22     1.48185e-03    -5.64281e-01     2.78813e-03    -1.41975e-01
    1.62833e+01     3.11531e-03     3.11531e-03    -3.94519e-22     1.48185e-03    -5.56663e-01     2.78718e-03    -1.41975e-01
    1.64372e+01     3.11531e-03     3.11531e-03    -3.94570e-22     1.48185e-03    -5.49187e-01     2.78659e-03    -1.41975e-01
    1.65912e+01     3.11531e-03     3.11531e-03    -3.94591e-22     1.48185e-03    -5.41849e-01     2.78636e-03    -1.41975e-01
    1.67292e+01     3.11531e-03     3.11531e-03    -3.94574e-22     1.48185e-03    -5.35382e-01     2.78655e-03    -1.41975e-01
    1.67451e+01     3.11531e-03     3.11531e-03    -3.94566e-22     1.48185e-03    -5.34646e-01     2.78664e-03    -1.41975e-01
    1.68990e+01     3.11531e-03     3.11531e-03    -3.94526e-22     1.48185e-03    -5.27574e-01     2.78710e-03    -1.41975e-01
    1.70530e+01     3.11532e-03     3.11532e-03    -3.94456e-22     1.48185e-03    -5.20629e-01     2.78789e-03    -1.41975e-01
    1.74022e+01     3.11530e-03     3.11530e-03    -3.94644e-22     1.48185e-03    -5.05334e-01     2.78576e-03    -1.41975e-01
    1.80751e+01     3.11503e-03     3.11503e-03    -3.97242e-22     1.48185e-03    -4.77552e-01     2.75637e-03    -1.41971e-01
    1.87480e+01     3.11483e-03     3.11482e-03    -3.99228e-22     1.48185e-03    -4.51759e-01     2.73396e-03    -1.41968e-01
    1.94209e+01     3.11467e-03     3.11467e-03    -4.00748e-22     1.48185e-03    -4.27750e-01     2.71682e-03    -1.41966e-01
    2.00939e+01     3.11455e-03     3.11455e-03    -4.01913e-22     1.48185e-03    -4.05346e-01     2.70371e-03    -1.41964e-01
    2.07668e+01     3.11446e-03     3.11445e-03    -4.02806e-22     1.48185e-03    -3.84392e-01     2.69366e-03    -1.41963e-01
    2.14397e+01     3.11438e-03     3.11438e-03    -4.03493e-22     1.48185e-03    -3.64752e-01     2.68594e-03    -1.41962e-01
    2.21126e+01     3.11433e-03     3.11433e-03    -4.04020e-22     1.48185e-03    -3.46306e-01     2.68001e-03    -1.41961e-01
    2.27856e+01     3.11429e-03     3.11429e-03    -4.04427e-22     1.48185e-03    -3.28948e-01     2.67545e-03    -1.41961e-01
    2.34585e+01     3.11426e-03     3.11426e-03    -4.04740e-22     1.48185e-03    -3.12585e-01     2.67193e-03    -1.41960e-01
    2.41314e+01     3.11423e-03     3.11423e-03    -4.04982e-22     1.48185e-03    -2.97134e-01     2.66922e-03    -1.41960e-01
    2.48043e+01     3.11421e-03     3.11421e-03    -4.05168e-22     1.48185e-03    -2.82521e-01     2.66712e-03    -1.41960e-01
    2.54773e+01     3.11420e-03     3.11420e-03    -4.05313e-22     1.48185e-03    -2.68680e-01     2.66550e-03    -1.41960e-01
    2.61502e+01     3.11419e-03     3.11418e-03    -4.05425e-22     1.48185e-03    -2.55551e-01     2.66424e-03    -1.41959e-01
    2.68231e+01     3.11418e-03     3.11418e-03    -4.05513e-22     1.48185e-03    -2.43080e-01     2.66326e-03    -1.41959e-01
    2.74960e+01     3.11417e-03     3.11417e-03    -4.05581e-22     1.48185e-03    -2.31220e-01     2.66249e-03    -1.41959e-01
    2.81690e+01     3.11416e-03     3.11416e-03    -4.05634e-22     1.48185e-03    -2.19926e-01     2.66189e-03    -1.41959e-01
    2.88419e+01     3.11416e-03     3.11416e-03    -4.05676e-22     1.48185e-03    -2.09159e-01     2.66142e-03    -1.41959e-01
    2.95148e+01     3.11416e-03     3.11416e-03    -4.05710e-22     1.48185e-03    -1.98882e-01     2.66104e-03    -1.41959e-01
    3.01877e+01     3.11415e-03     3.11416e-03    -4.05738e-22     1.48185e-03    -1.89064e-01     2.66073e-03    -1.41959e-01
    3.08607e+01     3.11415e-03     3.11415e-03    -4.05761e-22     1.48185e-03    -1.79674e-01     2.66047e-03    -1.41959e-01
    3.15336e+01     3.11415e-03     3.11415e-03    -4.05780e-22     1.48185e-03    -1.70685e-01     2.66025e-03    -1.41959e-01
    3.22065e+01     3.11415e-03     3.11415e-03    -4.05798e-22     1.48185e-03    -1.62072e-01     2.66005e-03    -1.41959e-01
    3.28794e+01     3.11415e-03     3.11415e-03    -4.05814e-22     1.48185e-03    -1.53811e-01     2.65987e-03    -1.41959e-01
    3.35523e+01     3.11414e-03     3.11415e-03    -4.05831e-22     1.48185e-03    -1.45881e-01     2.65969e-03    -1.41959e-01
    3.42253e+01     3.11414e-03     3.11414e-03    -4.05848e-22     1.48185e-03    -1.38263e-01     2.65949e-03    -1.41959e-01
    3.48982e+01     3.11414e-03     3.11414e-03    -4.05866e-22     1.48185e-03    -1.30939e-01     2.65929e-03    -1.41959e-01
    3.55711e+01     3.11414e-03     3.11414e-03    -4.05887e-22     1.48185e-03    -1.23892e-01     2.65905e-03    -1.41959e-01
    3.62440e+01     3.11414e-03     3.11414e-03    -4.05912e-22     1.48185e-03    -1.17107e-01     2.65878e-03    -1.41959e-01
    3.69170e+01     3.11413e-03     3.11413e-03    -4.05940e-22     1.48185e-03    -1.10570e-01     2.65845e-03    -1.41959e-01
    3.75899e+01     3.11413e-03     3.11413e-03    -4.05975e-22     1.48185e-03    -1.04266e-01     2.65806e-03    -1.41959e-01
    3.82628e+01     3.11412e-03     3.11412e-03    -4.06017e-22     1.48185e-03    -9.81843e-02     2.65759e-03    -1.41959e-01
    3.89357e+01     3.11412e-03     3.11412e-03    -4.06069e-22     1.48185e-03    -9.23129e-02     2.65701e-03    -1.41959e-01
    3.96087e+01     3.11411e-03     3.11411e-03    -4.06133e-22     1.48185e-03    -8.66412e-02     2.65630e-03    -1.41958e-01
    4.02816e+01     3.11410e-03     3.11410e-03    -4.06211e-22     1.48185e-03    -8.11592e-02     2.65542e-03    -1.41958e-01
    4.09545e+01     3.11409e-03     3.11409e-03    -4.06307e-22     1.48185e-03    -7.58575e-02     2.65434e-03    -1.41958e-01
    4.16274e+01     3.11408e-03     3.11408e-03    -4.06426e-22     1.48185e-03    -7.07275e-02     2.65301e-03    -1.41958e-01
    4.23004e+01     3.11407e-03     3.11407e-03    -4.06573e-22     1.48185e-03    -6.57611e-02     2.65136e-03    -1.41958e-01
    4.29733e+01     3.11405e-03     3.11405e-03    -4.06755e-22     1.48185e-03    -6.09507e-02     2.64932e-03    -1.41958e-01
    4.36462e+01     3.11403e-03     3.11403e-03    -4.06980e-22     1.48185e-03    -5.62891e-02     2.64680e-03    -1.41957e-01
    4.43191e+01     3.11400e-03     3.11400e-03    -4.07258e-22     1.48185e-03    -5.17698e-02     2.64368e-03    -1.41957e-01
    4.49921e+01     3.11396e-03     3.11396e-03    -4.07603e-22     1.48185e-03    -4.73866e-02     2.63981e-03    -1.41956e-01
    4.56650e+01     3.11392e-03     3.11392e-03    -4.08031e-22     1.48185e-03    -4.31335e-02     2.63502e-03    -1.41956e-01
    4.63379e+01     3.11386e-03     3.11386e-03    -4.08560e-22     1.48185e-03    -3.90052e-02     2.62909e-03    -1.41955e-01
    4.70108e+01     3.11380e-03     3.11380e-03    -4.09217e-22     1.48185e-03    -3.49968e-02     2.62174e-03    -1.41954e-01
    4.76838e+01     3.11371e-03     3.11371e-03    -4.10031e-22     1.48185e-03    -3.11034e-02     2.61263e-03    -1.41953e-01
    4.83567e+01     3.11361e-03     3.11361e-03    -4.11041e-22     1.48185e-03    -2.73208e-02     2.60134e-03    -1.41952e-01
    4.90296e+01     3.11348e-03     3.11348e-03    -4.12295e-22     1.48185e-03    -2.36451e-02     2.58735e-03    -1.41950e-01
    4.97025e+01     3.11332e-03     3.11332e-03    -4.13850e-22     1.48185e-03    -2.00726e-02     2.56999e-03    -1.41948e-01
    5.03755e+01     3.11312e-03     3.11312e-03    -4.15783e-22     1.48185e-03    -1.66002e-02     2.54846e-03    -1.41945e-01
    5.10484e+01     3.11288e-03     3.11288e-03    -4.18183e-22     1.48185e-03    -1.32251e-02     2.52176e-03    -1.41942e-01
    5.17213e+01     3.11257e-03     3.11257e-03    -4.21168e-22     1.48185e-03    -9.94497e-03     2.48864e-03    -1.41938e-01
    5.23942e+01     3.11220e-03     3.11220e-03    -4.24881e-22     1.48185e-03    -6.75790e-03     2.44754e-03    -1.41932e-01
    5.30672e+01     3.11173e-03     3.11173e-03    -4.29503e-22     1.48185e-03    -3.66260e-03     2.39654e-03    -1.41926e-01
    5.37401e+01     3.11115e-03     3.11157e-03    -4.35261e-22     1.48185e-03    -6.58384e-04     2.33325e-03    -1.41918e-01
    5.44130e+01     3.08984e-03     3.08984e-03    -6.64061e-22     1.48185e-03     0.00000e+00     0.00000e+00    -1.41628e-01
