# All units in [AU] if not specified
{"name":"Al", "Z":13, "Zstar":0.8999012750235601, "A":28,  "μ[AU]": -1.024e-02, "T[AU]": 3.675e-02, "rs[AU]": 3.000e+00 }
	 r[AU]  	 n[AU]  	 nf[AU]  	 nb[AU]     n_ion[AU]    (φ_e+φ_ions)[AU]   φtotal[AU]     δVxc/δρ[Au]  
    1.00000e-03     1.41324e+05     0.00000e+00     1.41355e+05     0.00000e+00    -4.51173e+01     1.29544e+04    -3.86565e+01
    2.49466e-03     3.56784e+04     3.45527e-62     3.56846e+04     0.00000e+00    -4.51158e+01     5.16558e+03    -2.44862e+01
    6.22333e-03     8.93194e+03     1.19130e-22     8.93248e+03     0.00000e+00    -4.23844e+01     2.04610e+03    -1.54822e+01
    1.55251e-02     2.18515e+03     1.02610e+00     2.18465e+03     0.00000e+00    -4.02348e+01     7.96686e+02    -9.72832e+00
    3.87298e-02     5.10378e+02     6.31838e-01     5.09861e+02     0.00000e+00    -3.54118e+01     2.99813e+02    -6.03227e+00
    9.66178e-02     1.07132e+02     3.75368e-01     1.06778e+02     0.00000e+00    -2.97120e+01     1.04405e+02    -3.62272e+00
    2.41029e-01     1.87104e+01     2.09564e-01     1.85036e+01     0.00000e+00    -2.18028e+01     3.16994e+01    -2.05931e+00
    6.01284e-01     2.02364e+00     9.92453e-02     1.92446e+00     0.00000e+00    -1.45291e+01     6.65797e+00    -1.01238e+00
    1.00000e+00     4.37196e-01     5.87090e-02     3.78459e-01     0.00000e+00    -1.04250e+01     2.14169e+00    -6.25933e-01
    1.33947e+00     1.65895e-01     4.16107e-02     1.24264e-01     0.00000e+00    -8.28226e+00     9.89713e-01    -4.65073e-01
    1.67895e+00     7.51447e-02     3.09032e-02     4.42300e-02     0.00000e+00    -6.81420e+00     4.95414e-01    -3.65909e-01
    2.01842e+00     3.89841e-02     2.36068e-02     1.53708e-02     0.00000e+00    -5.74937e+00     2.57983e-01    -3.00522e-01
    2.35789e+00     2.29600e-02     1.84081e-02     4.54819e-03     0.00000e+00    -4.94277e+00     1.37288e-01    -2.56660e-01
    2.69737e+00     1.55640e-02     1.47331e-02     8.28700e-04     0.00000e+00    -4.31012e+00     7.60632e-02    -2.28685e-01
    3.03684e+00     1.24257e-02     1.24245e-02     0.00000e+00     8.84194e-03    -3.79887e+00     4.85634e-02    -2.13925e-01
    3.37631e+00     1.06421e-02     1.06414e-02    -2.40990e-20     8.84194e-03    -3.38460e+00     3.24194e-02    -2.04333e-01
    3.71579e+00     9.59726e-03     9.59696e-03    -4.94178e-20     8.84194e-03    -3.04249e+00     2.27615e-02    -1.98179e-01
    4.05526e+00     8.97164e-03     8.97160e-03    -6.78330e-20     8.84194e-03    -2.75548e+00     1.68990e-02    -1.94265e-01
    4.39473e+00     8.59084e-03     8.59098e-03    -8.02165e-20     8.84194e-03    -2.51145e+00     1.32992e-02    -1.91788e-01
    4.73421e+00     8.35620e-03     8.35644e-03    -8.82931e-20     8.84194e-03    -2.30157e+00     1.10686e-02    -1.90223e-01
    5.07368e+00     8.21030e-03     8.21060e-03    -9.34887e-20     8.84194e-03    -2.11923e+00     9.67639e-03    -1.89234e-01
    5.41315e+00     8.11900e-03     8.11932e-03    -9.68087e-20     8.84194e-03    -1.95942e+00     8.80295e-03    -1.88609e-01
    5.75263e+00     8.06168e-03     8.06187e-03    -9.89203e-20     8.84194e-03    -1.81825e+00     8.25357e-03    -1.88214e-01
    6.09210e+00     8.02577e-03     8.02607e-03    -1.00255e-19     8.84194e-03    -1.69267e+00     7.90872e-03    -1.87966e-01
    6.43157e+00     8.00353e-03     8.00379e-03    -1.01086e-19     8.84194e-03    -1.58025e+00     7.69473e-03    -1.87812e-01
    6.77105e+00     7.99022e-03     7.99045e-03    -1.01586e-19     8.84194e-03    -1.47904e+00     7.56630e-03    -1.87719e-01
    7.11052e+00     7.98297e-03     7.98315e-03    -1.01859e-19     8.84194e-03    -1.38745e+00     7.49600e-03    -1.87669e-01
    7.44999e+00     7.98012e-03     7.98027e-03    -1.01967e-19     8.84194e-03    -1.30417e+00     7.46807e-03    -1.87649e-01
    7.78947e+00     7.98087e-03     7.98098e-03    -1.01941e-19     8.84194e-03    -1.22811e+00     7.47467e-03    -1.87654e-01
    8.12894e+00     7.98500e-03     7.98509e-03    -1.01786e-19     8.84194e-03    -1.15838e+00     7.51390e-03    -1.87683e-01
    8.46841e+00     7.99287e-03     7.99293e-03    -1.01493e-19     8.84194e-03    -1.09419e+00     7.58898e-03    -1.87737e-01
    8.80789e+00     8.00533e-03     8.00537e-03    -1.01027e-19     8.84194e-03    -1.03491e+00     7.70830e-03    -1.87824e-01
    9.14736e+00     8.02389e-03     8.02392e-03    -1.00335e-19     8.84194e-03    -9.79956e-01     7.88624e-03    -1.87953e-01
    1.00000e+01     8.01520e-03     8.01520e-03    -1.00660e-19     8.84194e-03    -8.58864e-01     7.80232e-03    -1.87893e-01
    1.12500e+01     7.97067e-03     7.97065e-03    -1.02329e-19     8.84194e-03    -7.14848e-01     7.37430e-03    -1.87583e-01
    1.25000e+01     7.96024e-03     7.96021e-03    -1.02722e-19     8.84194e-03    -5.99393e-01     7.27413e-03    -1.87510e-01
    1.37500e+01     7.95776e-03     7.95775e-03    -1.02815e-19     8.84194e-03    -5.04871e-01     7.25047e-03    -1.87493e-01
    1.50000e+01     7.95716e-03     7.95716e-03    -1.02837e-19     8.84194e-03    -4.26088e-01     7.24489e-03    -1.87489e-01
    1.62500e+01     7.95702e-03     7.95702e-03    -1.02842e-19     8.84194e-03    -3.59423e-01     7.24359e-03    -1.87488e-01
    1.75000e+01     7.95698e-03     7.95699e-03    -1.02843e-19     8.84194e-03    -3.02280e-01     7.24331e-03    -1.87488e-01
    1.87500e+01     7.95698e-03     7.95698e-03    -1.02843e-19     8.84194e-03    -2.52757e-01     7.24328e-03    -1.87488e-01
    2.00000e+01     7.95699e-03     7.95699e-03    -1.02843e-19     8.84194e-03    -2.09423e-01     7.24340e-03    -1.87488e-01
    2.12500e+01     7.95705e-03     7.95705e-03    -1.02841e-19     8.84194e-03    -1.71187e-01     7.24389e-03    -1.87488e-01
    2.25000e+01     7.95724e-03     7.95723e-03    -1.02834e-19     8.84194e-03    -1.37199e-01     7.24569e-03    -1.87489e-01
    2.37500e+01     7.95792e-03     7.95791e-03    -1.02808e-19     8.84194e-03    -1.06783e-01     7.25219e-03    -1.87494e-01
    2.50000e+01     7.96036e-03     7.96035e-03    -1.02716e-19     8.84194e-03    -7.93910e-02     7.27564e-03    -1.87511e-01
    2.62500e+01     7.96915e-03     7.96915e-03    -1.02385e-19     8.84194e-03    -5.45445e-02     7.36023e-03    -1.87572e-01
    2.75000e+01     8.00088e-03     8.00093e-03    -1.01193e-19     8.84194e-03    -3.17283e-02     7.66560e-03    -1.87793e-01
    2.87500e+01     8.11570e-03     8.11592e-03    -9.69332e-20     8.84194e-03    -1.00709e-02     8.76969e-03    -1.88587e-01
    3.00000e+01     7.21000e-03     7.20944e-03    -1.32841e-19     8.84194e-03     0.00000e+00     0.00000e+00    -1.82098e-01
