# All units in [AU] if not specified
{"name":"Al", "Z":13, "Zstar":7.16351318359375, "A":28,  "μ[AU]": -9.987e+00, "T[AU]": 3.675e+00, "rs[AU]": 3.000e+00 }
	 r[AU]  	 n[AU]  	 nf[AU]  	 nb[AU]     n_ion[AU]    (φ_e+φ_ions)[AU]   φtotal[AU]     δVxc/δρ[Au]  
    1.00000e-03     1.41232e+05     4.19777e+00     1.41290e+05     0.00000e+00    -4.68316e+01     1.29527e+04    -3.86482e+01
    1.02617e-03     1.35848e+05     4.14379e+00     1.35903e+05     0.00000e+00    -4.68212e+01     1.26212e+04    -3.81527e+01
    1.05303e-03     1.30669e+05     4.09050e+00     1.30722e+05     0.00000e+00    -4.68100e+01     1.22981e+04    -3.76635e+01
    1.08059e-03     1.25686e+05     4.03789e+00     1.25737e+05     0.00000e+00    -4.67978e+01     1.19832e+04    -3.71806e+01
    1.10888e-03     1.20893e+05     3.98596e+00     1.20942e+05     0.00000e+00    -4.67848e+01     1.16764e+04    -3.67038e+01
    1.13790e-03     1.16283e+05     3.93469e+00     1.16330e+05     0.00000e+00    -4.67708e+01     1.13773e+04    -3.62331e+01
    1.16768e-03     1.11847e+05     3.88407e+00     1.11892e+05     0.00000e+00    -4.67560e+01     1.10860e+04    -3.57684e+01
    1.19825e-03     1.07581e+05     3.83410e+00     1.07624e+05     0.00000e+00    -4.67402e+01     1.08020e+04    -3.53097e+01
    1.22961e-03     1.03477e+05     3.78477e+00     1.03518e+05     0.00000e+00    -4.67236e+01     1.05253e+04    -3.48568e+01
    1.26179e-03     9.95286e+04     3.73608e+00     9.95684e+04     0.00000e+00    -4.67061e+01     1.02557e+04    -3.44097e+01
    1.29482e-03     9.57307e+04     3.68800e+00     9.57690e+04     0.00000e+00    -4.66878e+01     9.99290e+03    -3.39683e+01
    1.32871e-03     9.20773e+04     3.64054e+00     9.21141e+04     0.00000e+00    -4.66686e+01     9.73684e+03    -3.35325e+01
    1.36348e-03     8.85630e+04     3.59368e+00     8.85982e+04     0.00000e+00    -4.66485e+01     9.48731e+03    -3.31023e+01
    1.39917e-03     8.51823e+04     3.54743e+00     8.52161e+04     0.00000e+00    -4.66276e+01     9.24415e+03    -3.26776e+01
    1.43579e-03     8.19303e+04     3.50177e+00     8.19628e+04     0.00000e+00    -4.66058e+01     9.00719e+03    -3.22583e+01
    1.47337e-03     7.88021e+04     3.45669e+00     7.88332e+04     0.00000e+00    -4.65832e+01     8.77627e+03    -3.18443e+01
    1.51194e-03     7.57929e+04     3.41218e+00     7.58227e+04     0.00000e+00    -4.65597e+01     8.55125e+03    -3.14356e+01
    1.55151e-03     7.28982e+04     3.36825e+00     7.29268e+04     0.00000e+00    -4.65354e+01     8.33197e+03    -3.10322e+01
    1.59212e-03     7.01136e+04     3.32487e+00     7.01411e+04     0.00000e+00    -4.65103e+01     8.11828e+03    -3.06338e+01
    1.63379e-03     6.74351e+04     3.28205e+00     6.74614e+04     0.00000e+00    -4.64843e+01     7.91004e+03    -3.02406e+01
    1.67655e-03     6.48585e+04     3.23978e+00     6.48837e+04     0.00000e+00    -4.64576e+01     7.70712e+03    -2.98523e+01
    1.72043e-03     6.23800e+04     3.19805e+00     6.24041e+04     0.00000e+00    -4.64299e+01     7.50937e+03    -2.94690e+01
    1.76546e-03     5.99958e+04     3.15685e+00     6.00190e+04     0.00000e+00    -4.64015e+01     7.31667e+03    -2.90906e+01
    1.81167e-03     5.77024e+04     3.11617e+00     5.77246e+04     0.00000e+00    -4.63723e+01     7.12888e+03    -2.87170e+01
    1.85909e-03     5.54962e+04     3.07602e+00     5.55175e+04     0.00000e+00    -4.63422e+01     6.94589e+03    -2.83481e+01
    1.90775e-03     5.33741e+04     3.03638e+00     5.33945e+04     0.00000e+00    -4.63113e+01     6.76757e+03    -2.79840e+01
    1.95768e-03     5.13328e+04     2.99724e+00     5.13523e+04     0.00000e+00    -4.62795e+01     6.59379e+03    -2.76244e+01
    2.00892e-03     4.93692e+04     2.95860e+00     4.93879e+04     0.00000e+00    -4.62470e+01     6.42445e+03    -2.72695e+01
    2.06150e-03     4.74804e+04     2.92046e+00     4.74983e+04     0.00000e+00    -4.62136e+01     6.25943e+03    -2.69191e+01
    2.11546e-03     4.56634e+04     2.88280e+00     4.56806e+04     0.00000e+00    -4.61794e+01     6.09862e+03    -2.65731e+01
    2.17083e-03     4.39157e+04     2.84563e+00     4.39322e+04     0.00000e+00    -4.61444e+01     5.94192e+03    -2.62315e+01
    2.22765e-03     4.22346e+04     2.80893e+00     4.22503e+04     0.00000e+00    -4.61086e+01     5.78921e+03    -2.58943e+01
    2.28595e-03     4.06175e+04     2.77269e+00     4.06326e+04     0.00000e+00    -4.60720e+01     5.64040e+03    -2.55614e+01
    2.34579e-03     3.90619e+04     2.73692e+00     3.90764e+04     0.00000e+00    -4.60345e+01     5.49539e+03    -2.52326e+01
    2.40718e-03     3.75657e+04     2.70160e+00     3.75795e+04     0.00000e+00    -4.59962e+01     5.35407e+03    -2.49081e+01
    2.47019e-03     3.61264e+04     2.66674e+00     3.61396e+04     0.00000e+00    -4.59571e+01     5.21637e+03    -2.45877e+01
    2.53484e-03     3.47420e+04     2.63232e+00     3.47546e+04     0.00000e+00    -4.59171e+01     5.08218e+03    -2.42713e+01
    2.60119e-03     3.34103e+04     2.59834e+00     3.34224e+04     0.00000e+00    -4.58764e+01     4.95141e+03    -2.39590e+01
    2.66927e-03     3.21293e+04     2.56479e+00     3.21409e+04     0.00000e+00    -4.58347e+01     4.82398e+03    -2.36506e+01
    2.73913e-03     3.08972e+04     2.53167e+00     3.09083e+04     0.00000e+00    -4.57923e+01     4.69980e+03    -2.33462e+01
    2.81083e-03     2.97121e+04     2.49897e+00     2.97226e+04     0.00000e+00    -4.57490e+01     4.57879e+03    -2.30456e+01
    2.88440e-03     2.85721e+04     2.46668e+00     2.85822e+04     0.00000e+00    -4.57049e+01     4.46087e+03    -2.27488e+01
    2.95989e-03     2.74755e+04     2.43481e+00     2.74852e+04     0.00000e+00    -4.56599e+01     4.34596e+03    -2.24558e+01
    3.03736e-03     2.64208e+04     2.40335e+00     2.64300e+04     0.00000e+00    -4.56141e+01     4.23398e+03    -2.21665e+01
    3.11686e-03     2.54063e+04     2.37228e+00     2.54151e+04     0.00000e+00    -4.55675e+01     4.12486e+03    -2.18809e+01
    3.19844e-03     2.44304e+04     2.34161e+00     2.44389e+04     0.00000e+00    -4.55199e+01     4.01853e+03    -2.15989e+01
    3.28216e-03     2.34918e+04     2.31133e+00     2.34999e+04     0.00000e+00    -4.54716e+01     3.91491e+03    -2.13204e+01
    3.36806e-03     2.25890e+04     2.28144e+00     2.25967e+04     0.00000e+00    -4.54223e+01     3.81393e+03    -2.10455e+01
    3.45622e-03     2.17206e+04     2.25192e+00     2.17279e+04     0.00000e+00    -4.53722e+01     3.71553e+03    -2.07741e+01
    3.54668e-03     2.08853e+04     2.22278e+00     2.08923e+04     0.00000e+00    -4.53213e+01     3.61965e+03    -2.05061e+01
    3.63951e-03     2.00819e+04     2.19401e+00     2.00886e+04     0.00000e+00    -4.52694e+01     3.52621e+03    -2.02415e+01
    3.73477e-03     1.93091e+04     2.16561e+00     1.93155e+04     0.00000e+00    -4.52167e+01     3.43516e+03    -1.99802e+01
    3.83252e-03     1.85659e+04     2.13757e+00     1.85719e+04     0.00000e+00    -4.51631e+01     3.34643e+03    -1.97222e+01
    3.93283e-03     1.78510e+04     2.10989e+00     1.78568e+04     0.00000e+00    -4.51086e+01     3.25996e+03    -1.94675e+01
    4.03577e-03     1.71634e+04     2.08255e+00     1.71689e+04     0.00000e+00    -4.50532e+01     3.17571e+03    -1.92160e+01
    4.14140e-03     1.65020e+04     2.05557e+00     1.65073e+04     0.00000e+00    -4.49969e+01     3.09361e+03    -1.89677e+01
    4.24979e-03     1.58659e+04     2.02892e+00     1.58709e+04     0.00000e+00    -4.49397e+01     3.01360e+03    -1.87226e+01
    4.36103e-03     1.52541e+04     2.00262e+00     1.52588e+04     0.00000e+00    -4.48815e+01     2.93563e+03    -1.84805e+01
    4.47517e-03     1.46656e+04     1.97665e+00     1.46701e+04     0.00000e+00    -4.48225e+01     2.85966e+03    -1.82415e+01
    4.59230e-03     1.40996e+04     1.95100e+00     1.41039e+04     0.00000e+00    -4.47625e+01     2.78563e+03    -1.80054e+01
    4.71250e-03     1.35553e+04     1.92569e+00     1.35594e+04     0.00000e+00    -4.47016e+01     2.71349e+03    -1.77724e+01
    4.83584e-03     1.30317e+04     1.90069e+00     1.30356e+04     0.00000e+00    -4.46398e+01     2.64319e+03    -1.75423e+01
    4.96241e-03     1.25282e+04     1.87602e+00     1.25319e+04     0.00000e+00    -4.45770e+01     2.57468e+03    -1.73151e+01
    5.09230e-03     1.20439e+04     1.85165e+00     1.20474e+04     0.00000e+00    -4.45133e+01     2.50793e+03    -1.70908e+01
    5.22558e-03     1.15781e+04     1.82759e+00     1.15814e+04     0.00000e+00    -4.44486e+01     2.44288e+03    -1.68692e+01
    5.36236e-03     1.11301e+04     1.80384e+00     1.11332e+04     0.00000e+00    -4.43829e+01     2.37949e+03    -1.66505e+01
    5.50271e-03     1.06992e+04     1.78039e+00     1.07022e+04     0.00000e+00    -4.43163e+01     2.31772e+03    -1.64345e+01
    5.64673e-03     1.02849e+04     1.75724e+00     1.02877e+04     0.00000e+00    -4.42486e+01     2.25753e+03    -1.62213e+01
    5.79453e-03     9.88633e+03     1.73438e+00     9.88901e+03     0.00000e+00    -4.41800e+01     2.19888e+03    -1.60107e+01
    5.94619e-03     9.50306e+03     1.71181e+00     9.50559e+03     0.00000e+00    -4.41104e+01     2.14173e+03    -1.58027e+01
    6.10183e-03     9.13446e+03     1.68952e+00     9.13684e+03     0.00000e+00    -4.40398e+01     2.08604e+03    -1.55974e+01
    6.26153e-03     8.77996e+03     1.66752e+00     8.78221e+03     0.00000e+00    -4.39681e+01     2.03177e+03    -1.53946e+01
    6.42542e-03     8.43904e+03     1.64579e+00     8.44116e+03     0.00000e+00    -4.38955e+01     1.97888e+03    -1.51944e+01
    6.59360e-03     8.11117e+03     1.62434e+00     8.11317e+03     0.00000e+00    -4.38218e+01     1.92735e+03    -1.49967e+01
    6.76618e-03     7.79586e+03     1.60316e+00     7.79775e+03     0.00000e+00    -4.37471e+01     1.87714e+03    -1.48015e+01
    6.94327e-03     7.49263e+03     1.58225e+00     7.49440e+03     0.00000e+00    -4.36713e+01     1.82821e+03    -1.46087e+01
    7.12500e-03     7.20103e+03     1.56161e+00     7.20269e+03     0.00000e+00    -4.35944e+01     1.78053e+03    -1.44183e+01
    7.31149e-03     6.92060e+03     1.54122e+00     6.92216e+03     0.00000e+00    -4.35165e+01     1.73407e+03    -1.42303e+01
    7.50286e-03     6.65092e+03     1.52109e+00     6.65238e+03     0.00000e+00    -4.34376e+01     1.68880e+03    -1.40447e+01
    7.69923e-03     6.39158e+03     1.50122e+00     6.39295e+03     0.00000e+00    -4.33575e+01     1.64469e+03    -1.38614e+01
    7.90075e-03     6.14220e+03     1.48159e+00     6.14347e+03     0.00000e+00    -4.32763e+01     1.60170e+03    -1.36803e+01
    8.10754e-03     5.90238e+03     1.46222e+00     5.90357e+03     0.00000e+00    -4.31941e+01     1.55982e+03    -1.35016e+01
    8.31975e-03     5.67176e+03     1.44308e+00     5.67287e+03     0.00000e+00    -4.31107e+01     1.51900e+03    -1.33250e+01
    8.53751e-03     5.45001e+03     1.42419e+00     5.45103e+03     0.00000e+00    -4.30262e+01     1.47923e+03    -1.31507e+01
    8.76096e-03     5.23676e+03     1.40554e+00     5.23772e+03     0.00000e+00    -4.29405e+01     1.44048e+03    -1.29785e+01
    8.99027e-03     5.03171e+03     1.38712e+00     5.03259e+03     0.00000e+00    -4.28538e+01     1.40272e+03    -1.28085e+01
    9.22558e-03     4.83454e+03     1.36894e+00     4.83536e+03     0.00000e+00    -4.27658e+01     1.36593e+03    -1.26406e+01
    9.46704e-03     4.64495e+03     1.35098e+00     4.64570e+03     0.00000e+00    -4.26767e+01     1.33007e+03    -1.24747e+01
    9.71483e-03     4.46266e+03     1.33325e+00     4.46334e+03     0.00000e+00    -4.25865e+01     1.29514e+03    -1.23110e+01
    9.96910e-03     4.28737e+03     1.31574e+00     4.28799e+03     0.00000e+00    -4.24950e+01     1.26110e+03    -1.21492e+01
    1.02300e-02     4.11883e+03     1.29845e+00     4.11939e+03     0.00000e+00    -4.24023e+01     1.22793e+03    -1.19895e+01
    1.04978e-02     3.95678e+03     1.28138e+00     3.95729e+03     0.00000e+00    -4.23085e+01     1.19561e+03    -1.18318e+01
    1.07726e-02     3.80096e+03     1.26453e+00     3.80142e+03     0.00000e+00    -4.22134e+01     1.16412e+03    -1.16760e+01
    1.10545e-02     3.65115e+03     1.24788e+00     3.65156e+03     0.00000e+00    -4.21171e+01     1.13344e+03    -1.15221e+01
    1.13438e-02     3.50712e+03     1.23145e+00     3.50748e+03     0.00000e+00    -4.20196e+01     1.10354e+03    -1.13701e+01
    1.16408e-02     3.36864e+03     1.21522e+00     3.36895e+03     0.00000e+00    -4.19208e+01     1.07441e+03    -1.12201e+01
    1.19454e-02     3.23550e+03     1.19919e+00     3.23577e+03     0.00000e+00    -4.18207e+01     1.04603e+03    -1.10718e+01
    1.22581e-02     3.10749e+03     1.18337e+00     3.10773e+03     0.00000e+00    -4.17194e+01     1.01837e+03    -1.09254e+01
    1.25789e-02     2.98443e+03     1.16774e+00     2.98463e+03     0.00000e+00    -4.16168e+01     9.91424e+02    -1.07808e+01
    1.29082e-02     2.86612e+03     1.15231e+00     2.86628e+03     0.00000e+00    -4.15129e+01     9.65168e+02    -1.06380e+01
    1.32460e-02     2.75239e+03     1.13708e+00     2.75251e+03     0.00000e+00    -4.14077e+01     9.39586e+02    -1.04970e+01
    1.35927e-02     2.64305e+03     1.12203e+00     2.64314e+03     0.00000e+00    -4.13012e+01     9.14660e+02    -1.03577e+01
    1.39485e-02     2.53794e+03     1.10718e+00     2.53799e+03     0.00000e+00    -4.11933e+01     8.90374e+02    -1.02201e+01
    1.43136e-02     2.43690e+03     1.09250e+00     2.43692e+03     0.00000e+00    -4.10842e+01     8.66711e+02    -1.00842e+01
    1.46882e-02     2.33977e+03     1.07802e+00     2.33976e+03     0.00000e+00    -4.09736e+01     8.43656e+02    -9.94991e+00
    1.50727e-02     2.24640e+03     1.06371e+00     2.24637e+03     0.00000e+00    -4.08617e+01     8.21194e+02    -9.81732e+00
    1.54672e-02     2.15665e+03     1.04958e+00     2.15659e+03     0.00000e+00    -4.07485e+01     7.99308e+02    -9.68634e+00
    1.58720e-02     2.07038e+03     1.03563e+00     2.07030e+03     0.00000e+00    -4.06338e+01     7.77986e+02    -9.55697e+00
    1.62874e-02     1.98746e+03     1.02186e+00     1.98736e+03     0.00000e+00    -4.05178e+01     7.57211e+02    -9.42918e+00
    1.67137e-02     1.90776e+03     1.00825e+00     1.90764e+03     0.00000e+00    -4.04004e+01     7.36970e+02    -9.30296e+00
    1.71512e-02     1.83116e+03     9.94818e-01     1.83101e+03     0.00000e+00    -4.02815e+01     7.17250e+02    -9.17827e+00
    1.76001e-02     1.75753e+03     9.81551e-01     1.75737e+03     0.00000e+00    -4.01612e+01     6.98038e+02    -9.05511e+00
    1.80608e-02     1.68677e+03     9.68450e-01     1.68659e+03     0.00000e+00    -4.00395e+01     6.79320e+02    -8.93344e+00
    1.85335e-02     1.61877e+03     9.55513e-01     1.61856e+03     0.00000e+00    -3.99163e+01     6.61084e+02    -8.81326e+00
    1.90186e-02     1.55341e+03     9.42736e-01     1.55319e+03     0.00000e+00    -3.97917e+01     6.43318e+02    -8.69453e+00
    1.95163e-02     1.49060e+03     9.30119e-01     1.49036e+03     0.00000e+00    -3.96655e+01     6.26010e+02    -8.57725e+00
    2.00272e-02     1.43024e+03     9.17659e-01     1.42999e+03     0.00000e+00    -3.95379e+01     6.09147e+02    -8.46139e+00
    2.05513e-02     1.37224e+03     9.05355e-01     1.37197e+03     0.00000e+00    -3.94088e+01     5.92720e+02    -8.34694e+00
    2.10892e-02     1.31650e+03     8.93204e-01     1.31622e+03     0.00000e+00    -3.92782e+01     5.76717e+02    -8.23387e+00
    2.16412e-02     1.26294e+03     8.81204e-01     1.26265e+03     0.00000e+00    -3.91461e+01     5.61126e+02    -8.12217e+00
    2.22077e-02     1.21148e+03     8.69353e-01     1.21118e+03     0.00000e+00    -3.90125e+01     5.45938e+02    -8.01182e+00
    2.27889e-02     1.16203e+03     8.57650e-01     1.16172e+03     0.00000e+00    -3.88773e+01     5.31142e+02    -7.90281e+00
    2.33854e-02     1.11452e+03     8.46092e-01     1.11420e+03     0.00000e+00    -3.87406e+01     5.16729e+02    -7.79510e+00
    2.39975e-02     1.06888e+03     8.34678e-01     1.06855e+03     0.00000e+00    -3.86023e+01     5.02688e+02    -7.68869e+00
    2.46256e-02     1.02503e+03     8.23406e-01     1.02469e+03     0.00000e+00    -3.84624e+01     4.89011e+02    -7.58357e+00
    2.52701e-02     9.82897e+02     8.12275e-01     9.82551e+02     0.00000e+00    -3.83210e+01     4.75688e+02    -7.47970e+00
    2.59315e-02     9.42425e+02     8.01281e-01     9.42072e+02     0.00000e+00    -3.81780e+01     4.62709e+02    -7.37709e+00
    2.66102e-02     9.03547e+02     7.90425e-01     9.03187e+02     0.00000e+00    -3.80333e+01     4.50067e+02    -7.27570e+00
    2.73067e-02     8.66201e+02     7.79703e-01     8.65835e+02     0.00000e+00    -3.78871e+01     4.37753e+02    -7.17552e+00
    2.80214e-02     8.30329e+02     7.69114e-01     8.29957e+02     0.00000e+00    -3.77392e+01     4.25758e+02    -7.07655e+00
    2.87549e-02     7.95873e+02     7.58657e-01     7.95496e+02     0.00000e+00    -3.75898e+01     4.14074e+02    -6.97875e+00
    2.95075e-02     7.62780e+02     7.48330e-01     7.62398e+02     0.00000e+00    -3.74386e+01     4.02694e+02    -6.88213e+00
    3.02798e-02     7.30997e+02     7.38131e-01     7.30611e+02     0.00000e+00    -3.72859e+01     3.91610e+02    -6.78665e+00
    3.10723e-02     7.00473e+02     7.28058e-01     7.00083e+02     0.00000e+00    -3.71315e+01     3.80814e+02    -6.69231e+00
    3.18856e-02     6.71160e+02     7.18111e-01     6.70767e+02     0.00000e+00    -3.69754e+01     3.70299e+02    -6.59909e+00
    3.27202e-02     6.43012e+02     7.08287e-01     6.42615e+02     0.00000e+00    -3.68177e+01     3.60058e+02    -6.50698e+00
    3.35766e-02     6.15982e+02     6.98585e-01     6.15583e+02     0.00000e+00    -3.66582e+01     3.50083e+02    -6.41596e+00
    3.44554e-02     5.90030e+02     6.89004e-01     5.89628e+02     0.00000e+00    -3.64971e+01     3.40369e+02    -6.32601e+00
    3.53572e-02     5.65112e+02     6.79541e-01     5.64708e+02     0.00000e+00    -3.63343e+01     3.30908e+02    -6.23713e+00
    3.62826e-02     5.41188e+02     6.70196e-01     5.40783e+02     0.00000e+00    -3.61699e+01     3.21695e+02    -6.14930e+00
    3.72323e-02     5.18221e+02     6.60967e-01     5.17815e+02     0.00000e+00    -3.60037e+01     3.12722e+02    -6.06250e+00
    3.82068e-02     4.96174e+02     6.51853e-01     4.95766e+02     0.00000e+00    -3.58358e+01     3.03985e+02    -5.97673e+00
    3.92068e-02     4.75010e+02     6.42852e-01     4.74602e+02     0.00000e+00    -3.56661e+01     2.95476e+02    -5.89196e+00
    4.02330e-02     4.54696e+02     6.33963e-01     4.54287e+02     0.00000e+00    -3.54948e+01     2.87190e+02    -5.80819e+00
    4.12860e-02     4.35199e+02     6.25184e-01     4.34790e+02     0.00000e+00    -3.53218e+01     2.79121e+02    -5.72540e+00
    4.23666e-02     4.16487e+02     6.16515e-01     4.16078e+02     0.00000e+00    -3.51470e+01     2.71265e+02    -5.64358e+00
    4.34755e-02     3.98530e+02     6.07953e-01     3.98121e+02     0.00000e+00    -3.49705e+01     2.63615e+02    -5.56272e+00
    4.46134e-02     3.81299e+02     5.99498e-01     3.80890e+02     0.00000e+00    -3.47922e+01     2.56166e+02    -5.48280e+00
    4.57811e-02     3.64764e+02     5.91148e-01     3.64356e+02     0.00000e+00    -3.46122e+01     2.48914e+02    -5.40381e+00
    4.69794e-02     3.48900e+02     5.82902e-01     3.48493e+02     0.00000e+00    -3.44305e+01     2.41853e+02    -5.32574e+00
    4.82090e-02     3.33680e+02     5.74758e-01     3.33274e+02     0.00000e+00    -3.42470e+01     2.34979e+02    -5.24857e+00
    4.94708e-02     3.19079e+02     5.66716e-01     3.18674e+02     0.00000e+00    -3.40618e+01     2.28286e+02    -5.17231e+00
    5.07657e-02     3.05073e+02     5.58775e-01     3.04670e+02     0.00000e+00    -3.38749e+01     2.21770e+02    -5.09692e+00
    5.20944e-02     2.91640e+02     5.50933e-01     2.91237e+02     0.00000e+00    -3.36862e+01     2.15428e+02    -5.02241e+00
    5.34579e-02     2.78755e+02     5.43188e-01     2.78355e+02     0.00000e+00    -3.34957e+01     2.09253e+02    -4.94876e+00
    5.48571e-02     2.66399e+02     5.35541e-01     2.66000e+02     0.00000e+00    -3.33036e+01     2.03243e+02    -4.87595e+00
    5.62929e-02     2.54550e+02     5.27989e-01     2.54153e+02     0.00000e+00    -3.31097e+01     1.97392e+02    -4.80399e+00
    5.77663e-02     2.43189e+02     5.20532e-01     2.42795e+02     0.00000e+00    -3.29140e+01     1.91697e+02    -4.73285e+00
    5.92782e-02     2.32297e+02     5.13168e-01     2.31904e+02     0.00000e+00    -3.27167e+01     1.86155e+02    -4.66253e+00
    6.08297e-02     2.21855e+02     5.05896e-01     2.21465e+02     0.00000e+00    -3.25176e+01     1.80760e+02    -4.59301e+00
    6.24219e-02     2.11846e+02     4.98716e-01     2.11457e+02     0.00000e+00    -3.23168e+01     1.75510e+02    -4.52429e+00
    6.40557e-02     2.02252e+02     4.91626e-01     2.01866e+02     0.00000e+00    -3.21142e+01     1.70401e+02    -4.45635e+00
    6.57323e-02     1.93057e+02     4.84626e-01     1.92674e+02     0.00000e+00    -3.19100e+01     1.65429e+02    -4.38919e+00
    6.74527e-02     1.84246e+02     4.77714e-01     1.83866e+02     0.00000e+00    -3.17041e+01     1.60590e+02    -4.32279e+00
    6.92182e-02     1.75804e+02     4.70889e-01     1.75426e+02     0.00000e+00    -3.14965e+01     1.55882e+02    -4.25714e+00
    7.10299e-02     1.67716e+02     4.64150e-01     1.67341e+02     0.00000e+00    -3.12872e+01     1.51301e+02    -4.19224e+00
    7.28890e-02     1.59967e+02     4.57497e-01     1.59595e+02     0.00000e+00    -3.10763e+01     1.46844e+02    -4.12807e+00
    7.47968e-02     1.52545e+02     4.50928e-01     1.52176e+02     0.00000e+00    -3.08636e+01     1.42507e+02    -4.06463e+00
    7.67545e-02     1.45437e+02     4.44443e-01     1.45071e+02     0.00000e+00    -3.06494e+01     1.38289e+02    -4.00190e+00
    7.87634e-02     1.38631e+02     4.38040e-01     1.38267e+02     0.00000e+00    -3.04335e+01     1.34184e+02    -3.93988e+00
    8.08249e-02     1.32113e+02     4.31719e-01     1.31753e+02     0.00000e+00    -3.02160e+01     1.30192e+02    -3.87855e+00
    8.29404e-02     1.25873e+02     4.25479e-01     1.25517e+02     0.00000e+00    -2.99969e+01     1.26309e+02    -3.81791e+00
    8.51113e-02     1.19900e+02     4.19319e-01     1.19547e+02     0.00000e+00    -2.97762e+01     1.22532e+02    -3.75795e+00
    8.73389e-02     1.14184e+02     4.13237e-01     1.13833e+02     0.00000e+00    -2.95540e+01     1.18858e+02    -3.69866e+00
    8.96249e-02     1.08713e+02     4.07235e-01     1.08366e+02     0.00000e+00    -2.93302e+01     1.15285e+02    -3.64003e+00
    9.19707e-02     1.03478e+02     4.01309e-01     1.03134e+02     0.00000e+00    -2.91049e+01     1.11811e+02    -3.58205e+00
    9.43779e-02     9.84699e+01     3.95460e-01     9.81293e+01     0.00000e+00    -2.88781e+01     1.08433e+02    -3.52471e+00
    9.68482e-02     9.36793e+01     3.89687e-01     9.33421e+01     0.00000e+00    -2.86499e+01     1.05148e+02    -3.46801e+00
    9.93830e-02     8.90976e+01     3.83989e-01     8.87637e+01     0.00000e+00    -2.84201e+01     1.01954e+02    -3.41193e+00
    1.01984e-01     8.47162e+01     3.78366e-01     8.43858e+01     0.00000e+00    -2.81890e+01     9.88483e+01    -3.35647e+00
    1.04654e-01     8.05272e+01     3.72816e-01     8.02002e+01     0.00000e+00    -2.79564e+01     9.58296e+01    -3.30162e+00
    1.07393e-01     7.65228e+01     3.67338e-01     7.61991e+01     0.00000e+00    -2.77225e+01     9.28952e+01    -3.24737e+00
    1.10204e-01     7.26954e+01     3.61933e-01     7.23752e+01     0.00000e+00    -2.74873e+01     9.00429e+01    -3.19371e+00
    1.13088e-01     6.90380e+01     3.56599e-01     6.87212e+01     0.00000e+00    -2.72507e+01     8.72707e+01    -3.14064e+00
    1.16048e-01     6.55436e+01     3.51336e-01     6.52303e+01     0.00000e+00    -2.70129e+01     8.45765e+01    -3.08814e+00
    1.19085e-01     6.22055e+01     3.46143e-01     6.18957e+01     0.00000e+00    -2.67738e+01     8.19583e+01    -3.03621e+00
    1.22202e-01     5.90175e+01     3.41019e-01     5.87111e+01     0.00000e+00    -2.65335e+01     7.94142e+01    -2.98484e+00
    1.25401e-01     5.59733e+01     3.35964e-01     5.56703e+01     0.00000e+00    -2.62920e+01     7.69423e+01    -2.93403e+00
    1.28683e-01     5.30670e+01     3.30976e-01     5.27675e+01     0.00000e+00    -2.60495e+01     7.45407e+01    -2.88376e+00
    1.32051e-01     5.02931e+01     3.26056e-01     4.99970e+01     0.00000e+00    -2.58058e+01     7.22077e+01    -2.83402e+00
    1.35507e-01     4.76460e+01     3.21202e-01     4.73533e+01     0.00000e+00    -2.55611e+01     6.99414e+01    -2.78482e+00
    1.39054e-01     4.51204e+01     3.16415e-01     4.48312e+01     0.00000e+00    -2.53154e+01     6.77402e+01    -2.73614e+00
    1.42694e-01     4.27115e+01     3.11693e-01     4.24256e+01     0.00000e+00    -2.50687e+01     6.56023e+01    -2.68797e+00
    1.46428e-01     4.04142e+01     3.07035e-01     4.01318e+01     0.00000e+00    -2.48211e+01     6.35262e+01    -2.64031e+00
    1.50261e-01     3.82241e+01     3.02442e-01     3.79450e+01     0.00000e+00    -2.45727e+01     6.15102e+01    -2.59315e+00
    1.54194e-01     3.61365e+01     2.97912e-01     3.58609e+01     0.00000e+00    -2.43234e+01     5.95527e+01    -2.54649e+00
    1.58230e-01     3.41473e+01     2.93445e-01     3.38750e+01     0.00000e+00    -2.40734e+01     5.76523e+01    -2.50030e+00
    1.62371e-01     3.22522e+01     2.89040e-01     3.19833e+01     0.00000e+00    -2.38228e+01     5.58075e+01    -2.45460e+00
    1.66621e-01     3.04474e+01     2.84697e-01     3.01818e+01     0.00000e+00    -2.35714e+01     5.40167e+01    -2.40936e+00
    1.70982e-01     2.87289e+01     2.80415e-01     2.84667e+01     0.00000e+00    -2.33195e+01     5.22786e+01    -2.36459e+00
    1.75457e-01     2.70933e+01     2.76194e-01     2.68343e+01     0.00000e+00    -2.30670e+01     5.05918e+01    -2.32027e+00
    1.80049e-01     2.55369e+01     2.72032e-01     2.52812e+01     0.00000e+00    -2.28141e+01     4.89549e+01    -2.27641e+00
    1.84762e-01     2.40563e+01     2.67930e-01     2.38039e+01     0.00000e+00    -2.25608e+01     4.73666e+01    -2.23298e+00
    1.89598e-01     2.26484e+01     2.63887e-01     2.23992e+01     0.00000e+00    -2.23072e+01     4.58257e+01    -2.18999e+00
    1.94560e-01     2.13101e+01     2.59901e-01     2.10641e+01     0.00000e+00    -2.20532e+01     4.43307e+01    -2.14742e+00
    1.99653e-01     2.00383e+01     2.55974e-01     1.97955e+01     0.00000e+00    -2.17991e+01     4.28806e+01    -2.10528e+00
    2.04878e-01     1.88302e+01     2.52103e-01     1.85905e+01     0.00000e+00    -2.15449e+01     4.14741e+01    -2.06355e+00
    2.10241e-01     1.76830e+01     2.48289e-01     1.74465e+01     0.00000e+00    -2.12906e+01     4.01100e+01    -2.02223e+00
    2.15744e-01     1.65942e+01     2.44531e-01     1.63607e+01     0.00000e+00    -2.10363e+01     3.87871e+01    -1.98131e+00
    2.21390e-01     1.55611e+01     2.40828e-01     1.53308e+01     0.00000e+00    -2.07821e+01     3.75044e+01    -1.94078e+00
    2.27185e-01     1.45814e+01     2.37180e-01     1.43542e+01     0.00000e+00    -2.05280e+01     3.62607e+01    -1.90064e+00
    2.33131e-01     1.36528e+01     2.33586e-01     1.34286e+01     0.00000e+00    -2.02743e+01     3.50550e+01    -1.86089e+00
    2.39233e-01     1.27731e+01     2.30046e-01     1.25518e+01     0.00000e+00    -2.00208e+01     3.38861e+01    -1.82151e+00
    2.45495e-01     1.19400e+01     2.26558e-01     1.17217e+01     0.00000e+00    -1.97678e+01     3.27532e+01    -1.78251e+00
    2.51920e-01     1.11517e+01     2.23123e-01     1.09363e+01     0.00000e+00    -1.95153e+01     3.16550e+01    -1.74388e+00
    2.58514e-01     1.04061e+01     2.19740e-01     1.01937e+01     0.00000e+00    -1.92633e+01     3.05908e+01    -1.70562e+00
    2.65280e-01     9.70136e+00     2.16407e-01     9.49183e+00     0.00000e+00    -1.90121e+01     2.95594e+01    -1.66772e+00
    2.72223e-01     9.03576e+00     2.13126e-01     8.82909e+00     0.00000e+00    -1.87615e+01     2.85600e+01    -1.63019e+00
    2.79349e-01     8.40758e+00     2.09894e-01     8.20374e+00     0.00000e+00    -1.85119e+01     2.75916e+01    -1.59302e+00
    2.86660e-01     7.81518e+00     2.06711e-01     7.61414e+00     0.00000e+00    -1.82632e+01     2.66534e+01    -1.55622e+00
    2.94163e-01     7.25702e+00     2.03577e-01     7.05874e+00     0.00000e+00    -1.80155e+01     2.57444e+01    -1.51978e+00
    3.01862e-01     6.73160e+00     2.00491e-01     6.53607e+00     0.00000e+00    -1.77689e+01     2.48638e+01    -1.48371e+00
    3.09763e-01     6.23751e+00     1.97452e-01     6.04468e+00     0.00000e+00    -1.75235e+01     2.40107e+01    -1.44803e+00
    3.17871e-01     5.77338e+00     1.94460e-01     5.58322e+00     0.00000e+00    -1.72795e+01     2.31843e+01    -1.41272e+00
    3.26191e-01     5.33789e+00     1.91514e-01     5.15038e+00     0.00000e+00    -1.70368e+01     2.23838e+01    -1.37782e+00
    3.34728e-01     4.92979e+00     1.88614e-01     4.74490e+00     0.00000e+00    -1.67957e+01     2.16085e+01    -1.34332e+00
    3.43489e-01     4.54787e+00     1.85758e-01     4.36557e+00     0.00000e+00    -1.65561e+01     2.08575e+01    -1.30925e+00
    3.52480e-01     4.19095e+00     1.82947e-01     4.01120e+00     0.00000e+00    -1.63182e+01     2.01300e+01    -1.27561e+00
    3.61705e-01     3.85789e+00     1.80179e-01     3.68068e+00     0.00000e+00    -1.60820e+01     1.94255e+01    -1.24244e+00
    3.71173e-01     3.54761e+00     1.77454e-01     3.37289e+00     0.00000e+00    -1.58477e+01     1.87431e+01    -1.20975e+00
    3.80887e-01     3.25901e+00     1.74772e-01     3.08677e+00     0.00000e+00    -1.56154e+01     1.80821e+01    -1.17756e+00
    3.90857e-01     2.99106e+00     1.72131e-01     2.82126e+00     0.00000e+00    -1.53850e+01     1.74419e+01    -1.14591e+00
    4.01087e-01     2.74272e+00     1.69531e-01     2.57533e+00     0.00000e+00    -1.51568e+01     1.68218e+01    -1.11481e+00
    4.11585e-01     2.51299e+00     1.66972e-01     2.34798e+00     0.00000e+00    -1.49307e+01     1.62212e+01    -1.08430e+00
    4.22357e-01     2.30087e+00     1.64453e-01     2.13822e+00     0.00000e+00    -1.47069e+01     1.56394e+01    -1.05441e+00
    4.33412e-01     2.10538e+00     1.61973e-01     1.94506e+00     0.00000e+00    -1.44853e+01     1.50759e+01    -1.02516e+00
    4.44756e-01     1.92557e+00     1.59532e-01     1.76754e+00     0.00000e+00    -1.42662e+01     1.45300e+01    -9.96588e-01
    4.56397e-01     1.76048e+00     1.57130e-01     1.60473e+00     0.00000e+00    -1.40495e+01     1.40011e+01    -9.68719e-01
    4.68342e-01     1.60919e+00     1.54765e-01     1.45568e+00     0.00000e+00    -1.38353e+01     1.34888e+01    -9.41579e-01
    4.80601e-01     1.47078e+00     1.52438e-01     1.31948e+00     0.00000e+00    -1.36236e+01     1.29925e+01    -9.15192e-01
    4.93180e-01     1.34436e+00     1.50148e-01     1.19525e+00     0.00000e+00    -1.34146e+01     1.25117e+01    -8.89577e-01
    5.06088e-01     1.22908e+00     1.47893e-01     1.08213e+00     0.00000e+00    -1.32081e+01     1.20458e+01    -8.64752e-01
    5.19334e-01     1.12410e+00     1.45675e-01     9.79282e-01     0.00000e+00    -1.30044e+01     1.15944e+01    -8.40729e-01
    5.32927e-01     1.02862e+00     1.43492e-01     8.85903e-01     0.00000e+00    -1.28033e+01     1.11570e+01    -8.17518e-01
    5.46876e-01     9.41869e-01     1.41343e-01     8.01229e-01     0.00000e+00    -1.26049e+01     1.07331e+01    -7.95124e-01
    5.61190e-01     8.63124e-01     1.39229e-01     7.24532e-01     0.00000e+00    -1.24093e+01     1.03225e+01    -7.73546e-01
    5.75878e-01     7.91697e-01     1.37148e-01     6.55126e-01     0.00000e+00    -1.22164e+01     9.92451e+00    -7.52782e-01
    5.90951e-01     7.26943e-01     1.35101e-01     5.92365e-01     0.00000e+00    -1.20262e+01     9.53887e+00    -7.32824e-01
    6.06418e-01     6.68277e-01     1.33087e-01     5.35665e-01     0.00000e+00    -1.18389e+01     9.16517e+00    -7.13782e-01
    6.22290e-01     6.15141e-01     1.31106e-01     4.84465e-01     0.00000e+00    -1.16542e+01     8.80302e+00    -6.95669e-01
    6.38578e-01     5.66994e-01     1.29156e-01     4.38228e-01     0.00000e+00    -1.14723e+01     8.45208e+00    -6.78319e-01
    6.55292e-01     5.23363e-01     1.27238e-01     3.96479e-01     0.00000e+00    -1.12932e+01     8.11201e+00    -6.61712e-01
    6.72443e-01     4.83812e-01     1.25351e-01     3.58783e-01     0.00000e+00    -1.11167e+01     7.78246e+00    -6.45828e-01
    6.90043e-01     4.47944e-01     1.23494e-01     3.24743e-01     0.00000e+00    -1.09429e+01     7.46312e+00    -6.30643e-01
    7.08104e-01     4.15399e-01     1.21667e-01     2.93998e-01     0.00000e+00    -1.07718e+01     7.15370e+00    -6.16134e-01
    7.26638e-01     3.85848e-01     1.19870e-01     2.66221e-01     0.00000e+00    -1.06034e+01     6.85388e+00    -6.02277e-01
    7.45657e-01     3.58996e-01     1.18101e-01     2.41117e-01     0.00000e+00    -1.04376e+01     6.56340e+00    -5.89047e-01
    7.65173e-01     3.34577e-01     1.16361e-01     2.18418e-01     0.00000e+00    -1.02743e+01     6.28197e+00    -5.76419e-01
    7.85201e-01     3.12349e-01     1.14649e-01     1.97885e-01     0.00000e+00    -1.01136e+01     6.00934e+00    -5.64369e-01
    8.05752e-01     2.92095e-01     1.12965e-01     1.79300e-01     0.00000e+00    -9.95541e+00     5.74525e+00    -5.52871e-01
    8.26842e-01     2.73623e-01     1.11308e-01     1.62470e-01     0.00000e+00    -9.79968e+00     5.48946e+00    -5.41902e-01
    8.48483e-01     2.56756e-01     1.09678e-01     1.47221e-01     0.00000e+00    -9.64638e+00     5.24175e+00    -5.31437e-01
    8.70691e-01     2.41340e-01     1.08075e-01     1.33395e-01     0.00000e+00    -9.49546e+00     5.00187e+00    -5.21456e-01
    8.93480e-01     2.27232e-01     1.06498e-01     1.20854e-01     0.00000e+00    -9.34688e+00     4.76963e+00    -5.11935e-01
    9.16866e-01     2.14308e-01     1.04947e-01     1.09472e-01     0.00000e+00    -9.20059e+00     4.54481e+00    -5.02853e-01
    9.40864e-01     2.02455e-01     1.03422e-01     9.91356e-02     0.00000e+00    -9.05655e+00     4.32721e+00    -4.94189e-01
    9.65489e-01     1.91572e-01     1.01922e-01     8.97444e-02     0.00000e+00    -8.91469e+00     4.11665e+00    -4.85925e-01
    9.90760e-01     1.81568e-01     1.00447e-01     8.12079e-02     0.00000e+00    -8.77499e+00     3.91292e+00    -4.78042e-01
    1.01669e+00     1.72363e-01     9.89978e-02     7.34452e-02     0.00000e+00    -8.63737e+00     3.71587e+00    -4.70522e-01
    1.04330e+00     1.63882e-01     9.75731e-02     6.63833e-02     0.00000e+00    -8.50179e+00     3.52532e+00    -4.63348e-01
    1.07061e+00     1.56061e-01     9.61729e-02     5.99571e-02     0.00000e+00    -8.36819e+00     3.34109e+00    -4.56504e-01
    1.09863e+00     1.48841e-01     9.47972e-02     5.41078e-02     0.00000e+00    -8.23653e+00     3.16305e+00    -4.49975e-01
    1.12739e+00     1.42169e-01     9.34458e-02     4.87825e-02     0.00000e+00    -8.10673e+00     2.99103e+00    -4.43747e-01
    1.15689e+00     1.35997e-01     9.21185e-02     4.39339e-02     0.00000e+00    -7.97876e+00     2.82489e+00    -4.37806e-01
    1.18717e+00     1.30283e-01     9.08153e-02     3.95192e-02     0.00000e+00    -7.85255e+00     2.66450e+00    -4.32138e-01
    1.21825e+00     1.24988e-01     8.95362e-02     3.54998e-02     0.00000e+00    -7.72803e+00     2.50971e+00    -4.26733e-01
    1.25013e+00     1.20077e-01     8.82811e-02     3.18408e-02     0.00000e+00    -7.60516e+00     2.36040e+00    -4.21578e-01
    1.28285e+00     1.15519e-01     8.70499e-02     2.85109e-02     0.00000e+00    -7.48388e+00     2.21645e+00    -4.16664e-01
    1.31643e+00     1.11285e-01     8.58428e-02     2.54816e-02     0.00000e+00    -7.36411e+00     2.07775e+00    -4.11978e-01
    1.35089e+00     1.07350e-01     8.46598e-02     2.27271e-02     0.00000e+00    -7.24581e+00     1.94417e+00    -4.07513e-01
    1.38624e+00     1.03691e-01     8.35010e-02     2.02243e-02     0.00000e+00    -7.12890e+00     1.81563e+00    -4.03259e-01
    1.42253e+00     1.00286e-01     8.23666e-02     1.79518e-02     0.00000e+00    -7.01333e+00     1.69201e+00    -3.99208e-01
    1.45976e+00     9.71167e-02     8.12566e-02     1.58904e-02     0.00000e+00    -6.89903e+00     1.57322e+00    -3.95351e-01
    1.49797e+00     9.41657e-02     8.01714e-02     1.40228e-02     0.00000e+00    -6.78593e+00     1.45917e+00    -3.91682e-01
    1.53717e+00     9.14173e-02     7.91112e-02     1.23328e-02     0.00000e+00    -6.67397e+00     1.34978e+00    -3.88193e-01
    1.57741e+00     8.88572e-02     7.80763e-02     1.08061e-02     0.00000e+00    -6.56308e+00     1.24496e+00    -3.84879e-01
    1.61869e+00     8.64728e-02     7.70671e-02     9.42931e-03     0.00000e+00    -6.45319e+00     1.14465e+00    -3.81732e-01
    1.66106e+00     8.42521e-02     7.60840e-02     8.19032e-03     0.00000e+00    -6.34423e+00     1.04877e+00    -3.78747e-01
    1.70454e+00     8.21846e-02     7.51275e-02     7.07800e-03     0.00000e+00    -6.23612e+00     9.57253e-01    -3.75920e-01
    1.74915e+00     8.02607e-02     7.41982e-02     6.08217e-03     0.00000e+00    -6.12880e+00     8.70049e-01    -3.73244e-01
    1.79493e+00     7.84717e-02     7.32967e-02     5.19343e-03     0.00000e+00    -6.02218e+00     7.87101e-01    -3.70717e-01
    1.84191e+00     7.68095e-02     7.24237e-02     4.40315e-03     0.00000e+00    -5.91619e+00     7.08360e-01    -3.68333e-01
    1.89012e+00     7.52671e-02     7.15801e-02     3.70336e-03     0.00000e+00    -5.81075e+00     6.33784e-01    -3.66089e-01
    1.93959e+00     7.38380e-02     7.07667e-02     3.08667e-03     0.00000e+00    -5.70577e+00     5.63334e-01    -3.63981e-01
    1.99036e+00     7.25163e-02     6.99845e-02     2.54625e-03     0.00000e+00    -5.60117e+00     4.96980e-01    -3.62007e-01
    2.04245e+00     7.12969e-02     6.92347e-02     2.07571e-03     0.00000e+00    -5.49686e+00     4.34696e-01    -3.60164e-01
    2.09591e+00     7.01750e-02     6.85186e-02     1.66913e-03     0.00000e+00    -5.39275e+00     3.76461e-01    -3.58449e-01
    2.15077e+00     6.91465e-02     6.78375e-02     1.32093e-03     0.00000e+00    -5.28875e+00     3.22263e-01    -3.56860e-01
    2.20706e+00     6.82077e-02     6.71929e-02     1.02586e-03     0.00000e+00    -5.18475e+00     2.72095e-01    -3.55395e-01
    2.26483e+00     6.73554e-02     6.65868e-02     7.78989e-04     0.00000e+00    -5.08065e+00     2.25956e-01    -3.54053e-01
    2.32411e+00     6.65869e-02     6.60209e-02     5.75603e-04     0.00000e+00    -4.97635e+00     1.83853e-01    -3.52833e-01
    2.38494e+00     6.58998e-02     6.54975e-02     4.11209e-04     0.00000e+00    -4.87174e+00     1.45802e-01    -3.51734e-01
    2.44736e+00     6.52922e-02     6.50190e-02     2.81484e-04     0.00000e+00    -4.76668e+00     1.11824e-01    -3.50756e-01
    2.51142e+00     6.47626e-02     6.45880e-02     1.82241e-04     0.00000e+00    -4.66107e+00     8.19498e-02    -3.49898e-01
    2.57715e+00     6.43100e-02     6.42076e-02     1.09388e-04     0.00000e+00    -4.55478e+00     5.62192e-02    -3.49161e-01
    2.64461e+00     6.39336e-02     6.38810e-02     5.88972e-05     0.00000e+00    -4.44765e+00     3.46810e-02    -3.48546e-01
    2.71382e+00     6.36332e-02     6.36121e-02     2.67616e-05     0.00000e+00    -4.33956e+00     1.73941e-02    -3.48053e-01
    2.78485e+00     6.34089e-02     6.34051e-02     8.95892e-06     0.00000e+00    -4.23035e+00     4.42833e-03    -3.47684e-01
    2.85774e+00     6.32615e-02     6.32645e-02     1.41129e-06     0.00000e+00    -4.11984e+00    -4.13511e-03    -3.47441e-01
    2.93254e+00     6.31919e-02     6.31957e-02    -5.13194e-24     0.00000e+00    -4.00788e+00    -8.20237e-03    -3.47326e-01
    3.00930e+00     6.32018e-02     6.32050e-02    -2.60479e-41     8.84194e-03    -3.89428e+00    -7.66609e-03    -3.47342e-01
    3.08806e+00     6.32112e-02     6.32136e-02     7.73843e-08     8.84194e-03    -3.78358e+00    -7.15763e-03    -3.47357e-01
    3.16889e+00     6.32201e-02     6.32219e-02     2.10287e-07     8.84194e-03    -3.67573e+00    -6.67600e-03    -3.47372e-01
    3.25183e+00     6.32285e-02     6.32296e-02     3.71132e-07     8.84194e-03    -3.57064e+00    -6.22022e-03    -3.47386e-01
    3.33694e+00     6.32365e-02     6.32369e-02     5.48886e-07     8.84194e-03    -3.46824e+00    -5.78931e-03    -3.47399e-01
    3.42428e+00     6.32440e-02     6.32438e-02     7.36825e-07     8.84194e-03    -3.36847e+00    -5.38232e-03    -3.47412e-01
    3.51391e+00     6.32512e-02     6.32502e-02     9.30312e-07     8.84194e-03    -3.27125e+00    -4.99834e-03    -3.47423e-01
    3.60588e+00     6.32579e-02     6.32563e-02     1.12596e-06     8.84194e-03    -3.17653e+00    -4.63645e-03    -3.47435e-01
    3.70026e+00     6.32642e-02     6.32620e-02     1.32119e-06     8.84194e-03    -3.08423e+00    -4.29576e-03    -3.47445e-01
    3.79711e+00     6.32702e-02     6.32673e-02     1.51406e-06     8.84194e-03    -2.99430e+00    -3.97538e-03    -3.47455e-01
    3.89649e+00     6.32758e-02     6.32724e-02     1.70302e-06     8.84194e-03    -2.90668e+00    -3.67447e-03    -3.47464e-01
    3.99848e+00     6.32810e-02     6.32771e-02     1.88692e-06     8.84194e-03    -2.82130e+00    -3.39218e-03    -3.47473e-01
    4.10313e+00     6.32859e-02     6.32815e-02     2.06483e-06     8.84194e-03    -2.73811e+00    -3.12769e-03    -3.47481e-01
    4.21053e+00     6.32906e-02     6.32856e-02     2.23609e-06     8.84194e-03    -2.65705e+00    -2.88019e-03    -3.47489e-01
    4.32073e+00     6.32949e-02     6.32894e-02     2.40021e-06     8.84194e-03    -2.57807e+00    -2.64890e-03    -3.47496e-01
    4.43382e+00     6.32989e-02     6.32930e-02     2.55684e-06     8.84194e-03    -2.50111e+00    -2.43304e-03    -3.47502e-01
    4.54987e+00     6.33026e-02     6.32963e-02     2.70576e-06     8.84194e-03    -2.42612e+00    -2.23187e-03    -3.47508e-01
    4.66895e+00     6.33061e-02     6.32994e-02     2.84685e-06     8.84194e-03    -2.35306e+00    -2.04464e-03    -3.47514e-01
    4.79116e+00     6.33094e-02     6.33023e-02     2.98010e-06     8.84194e-03    -2.28187e+00    -1.87064e-03    -3.47520e-01
    4.91656e+00     6.33124e-02     6.33050e-02     3.10556e-06     8.84194e-03    -2.21250e+00    -1.70918e-03    -3.47524e-01
    5.04524e+00     6.33151e-02     6.33075e-02     3.22333e-06     8.84194e-03    -2.14491e+00    -1.55957e-03    -3.47529e-01
    5.17730e+00     6.33177e-02     6.33098e-02     3.33358e-06     8.84194e-03    -2.07905e+00    -1.42115e-03    -3.47533e-01
    5.31281e+00     6.33200e-02     6.33119e-02     3.43651e-06     8.84194e-03    -2.01488e+00    -1.29328e-03    -3.47537e-01
    5.45186e+00     6.33222e-02     6.33138e-02     3.53236e-06     8.84194e-03    -1.95235e+00    -1.17534e-03    -3.47541e-01
    5.59456e+00     6.33242e-02     6.33156e-02     3.62140e-06     8.84194e-03    -1.89142e+00    -1.06673e-03    -3.47544e-01
    5.74099e+00     6.33260e-02     6.33173e-02     3.70391e-06     8.84194e-03    -1.83205e+00    -9.66849e-04    -3.47547e-01
    5.89125e+00     6.33277e-02     6.33188e-02     3.78020e-06     8.84194e-03    -1.77420e+00    -8.75147e-04    -3.47550e-01
    6.04544e+00     6.33292e-02     6.33202e-02     3.85057e-06     8.84194e-03    -1.71784e+00    -7.91078e-04    -3.47552e-01
    6.20368e+00     6.33305e-02     6.33214e-02     3.91536e-06     8.84194e-03    -1.66291e+00    -7.14117e-04    -3.47554e-01
    6.36605e+00     6.33318e-02     6.33226e-02     3.97488e-06     8.84194e-03    -1.60939e+00    -6.43761e-04    -3.47557e-01
    6.53267e+00     6.33329e-02     6.33237e-02     4.02947e-06     8.84194e-03    -1.55724e+00    -5.79528e-04    -3.47558e-01
    6.70365e+00     6.33339e-02     6.33246e-02     4.07943e-06     8.84194e-03    -1.50643e+00    -5.20955e-04    -3.47560e-01
    6.87911e+00     6.33348e-02     6.33255e-02     4.12510e-06     8.84194e-03    -1.45691e+00    -4.67603e-04    -3.47561e-01
    7.05917e+00     6.33356e-02     6.33263e-02     4.16679e-06     8.84194e-03    -1.40866e+00    -4.19050e-04    -3.47563e-01
    7.24393e+00     6.33363e-02     6.33270e-02     4.20479e-06     8.84194e-03    -1.36165e+00    -3.74899e-04    -3.47564e-01
    7.43353e+00     6.33369e-02     6.33276e-02     4.23940e-06     8.84194e-03    -1.31583e+00    -3.34770e-04    -3.47565e-01
    7.62809e+00     6.33374e-02     6.33282e-02     4.27090e-06     8.84194e-03    -1.27119e+00    -2.98309e-04    -3.47566e-01
    7.82775e+00     6.33379e-02     6.33288e-02     4.29956e-06     8.84194e-03    -1.22769e+00    -2.65177e-04    -3.47567e-01
    8.03263e+00     6.33383e-02     6.33293e-02     4.32565e-06     8.84194e-03    -1.18530e+00    -2.35060e-04    -3.47567e-01
    8.24287e+00     6.33387e-02     6.33297e-02     4.34939e-06     8.84194e-03    -1.14399e+00    -2.07664e-04    -3.47568e-01
    8.45862e+00     6.33390e-02     6.33301e-02     4.37102e-06     8.84194e-03    -1.10374e+00    -1.82713e-04    -3.47568e-01
    8.68001e+00     6.33392e-02     6.33305e-02     4.39075e-06     8.84194e-03    -1.06452e+00    -1.59953e-04    -3.47569e-01
    8.90720e+00     6.33394e-02     6.33308e-02     4.40878e-06     8.84194e-03    -1.02630e+00    -1.39149e-04    -3.47569e-01
    9.14033e+00     6.33396e-02     6.33311e-02     4.42529e-06     8.84194e-03    -9.89055e-01    -1.20086e-04    -3.47569e-01
    9.37957e+00     6.33397e-02     6.33314e-02     4.44046e-06     8.84194e-03    -9.52761e-01    -1.02566e-04    -3.47570e-01
    9.62506e+00     6.33398e-02     6.33317e-02     4.45443e-06     8.84194e-03    -9.17393e-01    -8.64113e-05    -3.47570e-01
    9.87699e+00     6.33399e-02     6.33319e-02     4.46735e-06     8.84194e-03    -8.82929e-01    -7.14599e-05    -3.47570e-01
    1.01355e+01     6.33400e-02     6.33321e-02     4.47934e-06     8.84194e-03    -8.49344e-01    -5.75676e-05    -3.47570e-01
    1.04008e+01     6.33400e-02     6.33324e-02     4.49052e-06     8.84194e-03    -8.16617e-01    -4.46066e-05    -3.47570e-01
    1.06730e+01     6.33400e-02     6.33326e-02     4.50097e-06     8.84194e-03    -7.84724e-01    -3.24643e-05    -3.47570e-01
    1.09524e+01     6.33400e-02     6.33327e-02     4.51080e-06     8.84194e-03    -7.53646e-01    -2.10427e-05    -3.47570e-01
    1.12390e+01     6.33400e-02     6.33329e-02     4.52006e-06     8.84194e-03    -7.23361e-01    -1.02577e-05    -3.47570e-01
    1.15332e+01     6.33400e-02     6.33331e-02     4.52884e-06     8.84194e-03    -6.93848e-01    -3.82538e-08    -3.47570e-01
    1.18351e+01     6.33400e-02     6.33332e-02     4.53717e-06     8.84194e-03    -6.65088e-01     9.67495e-06    -3.47570e-01
    1.21448e+01     6.33400e-02     6.33334e-02     4.54510e-06     8.84194e-03    -6.37062e-01     1.89301e-05    -3.47570e-01
    1.24627e+01     6.33399e-02     6.33335e-02     4.55267e-06     8.84194e-03    -6.09751e-01     2.77652e-05    -3.47570e-01
    1.27889e+01     6.33399e-02     6.33336e-02     4.55991e-06     8.84194e-03    -5.83137e-01     3.62096e-05    -3.47570e-01
    1.31236e+01     6.33398e-02     6.33338e-02     4.56682e-06     8.84194e-03    -5.57202e-01     4.42842e-05    -3.47570e-01
    1.34671e+01     6.33398e-02     6.33339e-02     4.57343e-06     8.84194e-03    -5.31929e-01     5.20031e-05    -3.47570e-01
    1.38196e+01     6.33398e-02     6.33340e-02     4.57974e-06     8.84194e-03    -5.07300e-01     5.93745e-05    -3.47570e-01
    1.41813e+01     6.33397e-02     6.33341e-02     4.58576e-06     8.84194e-03    -4.83300e-01     6.64013e-05    -3.47570e-01
    1.45525e+01     6.33397e-02     6.33342e-02     4.59149e-06     8.84194e-03    -4.59912e-01     7.30825e-05    -3.47570e-01
    1.49334e+01     6.33397e-02     6.33343e-02     4.59692e-06     8.84194e-03    -4.37120e-01     7.94140e-05    -3.47570e-01
    1.53242e+01     6.33396e-02     6.33344e-02     4.60204e-06     8.84194e-03    -4.14910e-01     8.53893e-05    -3.47569e-01
    1.57253e+01     6.33396e-02     6.33345e-02     4.60685e-06     8.84194e-03    -3.93267e-01     9.10002e-05    -3.47569e-01
    1.61369e+01     6.33396e-02     6.33346e-02     4.61135e-06     8.84194e-03    -3.72176e-01     9.62381e-05    -3.47569e-01
    1.65593e+01     6.33395e-02     6.33347e-02     4.61552e-06     8.84194e-03    -3.51624e-01     1.01094e-04    -3.47569e-01
    1.69927e+01     6.33395e-02     6.33347e-02     4.61936e-06     8.84194e-03    -3.31595e-01     1.05559e-04    -3.47569e-01
    1.74375e+01     6.33395e-02     6.33348e-02     4.62285e-06     8.84194e-03    -3.12078e-01     1.09626e-04    -3.47569e-01
    1.78939e+01     6.33395e-02     6.33349e-02     4.62600e-06     8.84194e-03    -2.93059e-01     1.13287e-04    -3.47569e-01
    1.83622e+01     6.33395e-02     6.33349e-02     4.62879e-06     8.84194e-03    -2.74526e-01     1.16536e-04    -3.47569e-01
    1.88428e+01     6.33394e-02     6.33350e-02     4.63123e-06     8.84194e-03    -2.56465e-01     1.19368e-04    -3.47569e-01
    1.93360e+01     6.33394e-02     6.33350e-02     4.63330e-06     8.84194e-03    -2.38866e-01     1.21778e-04    -3.47569e-01
    1.98421e+01     6.33394e-02     6.33350e-02     4.63500e-06     8.84194e-03    -2.21716e-01     1.23760e-04    -3.47569e-01
    2.03614e+01     6.33394e-02     6.33350e-02     4.63632e-06     8.84194e-03    -2.05003e-01     1.25305e-04    -3.47569e-01
    2.08944e+01     6.33394e-02     6.33351e-02     4.63725e-06     8.84194e-03    -1.88717e-01     1.26403e-04    -3.47569e-01
    2.14413e+01     6.33394e-02     6.33351e-02     4.63778e-06     8.84194e-03    -1.72848e-01     1.27035e-04    -3.47569e-01
    2.20024e+01     6.33394e-02     6.33351e-02     4.63787e-06     8.84194e-03    -1.57383e-01     1.27171e-04    -3.47569e-01
    2.25783e+01     6.33393e-02     6.33351e-02     4.63748e-06     8.84194e-03    -1.42313e-01     1.26765e-04    -3.47569e-01
    2.31693e+01     6.33393e-02     6.33351e-02     4.63656e-06     8.84194e-03    -1.27628e-01     1.25748e-04    -3.47569e-01
    2.37757e+01     6.33393e-02     6.33350e-02     4.63500e-06     8.84194e-03    -1.13319e-01     1.24014e-04    -3.47569e-01
    2.43980e+01     6.33392e-02     6.33350e-02     4.63267e-06     8.84194e-03    -9.93756e-02     1.21408e-04    -3.47569e-01
    2.50366e+01     6.33392e-02     6.33349e-02     4.62936e-06     8.84194e-03    -8.57889e-02     1.17697e-04    -3.47569e-01
    2.56919e+01     6.33391e-02     6.33348e-02     4.62476e-06     8.84194e-03    -7.25503e-02     1.12545e-04    -3.47569e-01
    2.63643e+01     6.33389e-02     6.33347e-02     4.61845e-06     8.84194e-03    -5.96514e-02     1.05459e-04    -3.47568e-01
    2.70544e+01     6.33388e-02     6.33346e-02     4.60977e-06     8.84194e-03    -4.70844e-02     9.57151e-05    -3.47568e-01
    2.77625e+01     6.33385e-02     6.33343e-02     4.59779e-06     8.84194e-03    -3.48418e-02     8.22584e-05    -3.47568e-01
    2.84892e+01     6.33382e-02     6.33340e-02     4.58114e-06     8.84194e-03    -2.29171e-02     6.35358e-05    -3.47567e-01
    2.92348e+01     6.33378e-02     6.33336e-02     4.55780e-06     8.84194e-03    -1.13047e-02     3.72533e-05    -3.47566e-01
    3.00000e+01     6.33371e-02     6.33330e-02     4.52478e-06     8.84194e-03     0.00000e+00     0.00000e+00    -3.47565e-01
