# All units in [AU] if not specified
{"name":"Al", "Z":13, "Zstar":3.76108437764924, "A":28,  "μ[AU]": 2.083e-01, "T[AU]": 1.838e-02, "rs[AU]": 3.000e+00 }
	 r[AU]  	 n[AU]  	 nf[AU]  	 nb[AU]     n_ion[AU]    (φ_e+φ_ions)[AU]   φtotal[AU]     δVxc/δρ[Au]  
   2.000000e-02    1.460786e+03    1.823978e+00    1.457497e+03   -1.272320e-19   -4.262213e+01    6.069445e+02   -8.520428e+00
   2.036996e-02    1.418794e+03    1.806322e+00    1.415564e+03   -1.337184e-19   -4.259195e+01    5.951695e+02   -8.439060e+00
   2.074676e-02    1.377970e+03    1.788820e+00    1.374797e+03   -1.399401e-19   -4.255985e+01    5.836107e+02   -8.358399e+00
   2.113053e-02    1.338282e+03    1.771471e+00    1.335164e+03   -1.458839e-19   -4.252585e+01    5.722644e+02   -8.278436e+00
   2.152140e-02    1.299698e+03    1.754272e+00    1.296635e+03   -1.515363e-19   -4.248997e+01    5.611266e+02   -8.199167e+00
   2.191950e-02    1.262189e+03    1.737223e+00    1.259180e+03   -1.568840e-19   -4.245223e+01    5.501937e+02   -8.120584e+00
   2.232496e-02    1.225725e+03    1.720322e+00    1.222768e+03   -1.619131e-19   -4.241263e+01    5.394618e+02   -8.042681e+00
   2.273793e-02    1.190278e+03    1.703567e+00    1.187372e+03   -1.666098e-19   -4.237119e+01    5.289274e+02   -7.965452e+00
   2.315853e-02    1.155820e+03    1.686958e+00    1.152964e+03   -1.709602e-19   -4.232793e+01    5.185869e+02   -7.888890e+00
   2.358692e-02    1.122323e+03    1.670493e+00    1.119516e+03   -1.749500e-19   -4.228287e+01    5.084368e+02   -7.812990e+00
   2.402322e-02    1.089762e+03    1.654170e+00    1.087003e+03   -1.785651e-19   -4.223601e+01    4.984737e+02   -7.737746e+00
   2.446760e-02    1.058111e+03    1.637989e+00    1.055399e+03   -1.817914e-19   -4.218737e+01    4.886941e+02   -7.663152e+00
   2.492020e-02    1.027345e+03    1.621948e+00    1.024679e+03   -1.846147e-19   -4.213696e+01    4.790948e+02   -7.589201e+00
   2.538117e-02    9.974398e+02    1.606046e+00    9.948188e+02   -1.870207e-19   -4.208480e+01    4.696726e+02   -7.515887e+00
   2.585067e-02    9.683716e+02    1.590281e+00    9.657948e+02   -1.889955e-19   -4.203090e+01    4.604241e+02   -7.443204e+00
   2.632885e-02    9.401176e+02    1.574653e+00    9.375841e+02   -1.905251e-19   -4.197527e+01    4.513463e+02   -7.371146e+00
   2.681588e-02    9.126554e+02    1.559159e+00    9.101646e+02   -1.915958e-19   -4.191792e+01    4.424361e+02   -7.299708e+00
   2.731192e-02    8.859638e+02    1.543799e+00    8.835145e+02   -1.921941e-19   -4.185887e+01    4.336905e+02   -7.228886e+00
   2.781713e-02    8.600217e+02    1.528572e+00    8.576127e+02   -1.923068e-19   -4.179813e+01    4.251065e+02   -7.158672e+00
   2.833169e-02    8.348081e+02    1.513476e+00    8.324387e+02   -1.919211e-19   -4.173570e+01    4.166812e+02   -7.089061e+00
   2.885576e-02    8.103030e+02    1.498510e+00    8.079726e+02   -1.910246e-19   -4.167161e+01    4.084116e+02   -7.020047e+00
   2.938953e-02    7.864870e+02    1.483673e+00    7.841950e+02   -1.896055e-19   -4.160586e+01    4.002952e+02   -6.951625e+00
   2.993318e-02    7.633413e+02    1.468963e+00    7.610870e+02   -1.876526e-19   -4.153845e+01    3.923289e+02   -6.883789e+00
   3.048688e-02    7.408481e+02    1.454381e+00    7.386302e+02   -1.851555e-19   -4.146942e+01    3.845102e+02   -6.816535e+00
   3.105082e-02    7.189888e+02    1.439923e+00    7.168067e+02   -1.821044e-19   -4.139875e+01    3.768364e+02   -6.749857e+00
   3.162519e-02    6.977460e+02    1.425590e+00    6.955992e+02   -1.784907e-19   -4.132647e+01    3.693049e+02   -6.683749e+00
   3.221019e-02    6.771027e+02    1.411380e+00    6.749907e+02   -1.743066e-19   -4.125258e+01    3.619130e+02   -6.618206e+00
   3.280601e-02    6.570431e+02    1.397291e+00    6.549648e+02   -1.695457e-19   -4.117710e+01    3.546584e+02   -6.553224e+00
   3.341286e-02    6.375507e+02    1.383324e+00    6.355054e+02   -1.642028e-19   -4.110002e+01    3.475384e+02   -6.488797e+00
   3.403092e-02    6.186097e+02    1.369476e+00    6.165971e+02   -1.582741e-19   -4.102137e+01    3.405508e+02   -6.424919e+00
   3.466042e-02    6.002050e+02    1.355747e+00    5.982246e+02   -1.517577e-19   -4.094116e+01    3.336931e+02   -6.361586e+00
   3.530157e-02    5.823226e+02    1.342136e+00    5.803732e+02   -1.446533e-19   -4.085938e+01    3.269629e+02   -6.298794e+00
   3.595457e-02    5.649474e+02    1.328641e+00    5.630286e+02   -1.369626e-19   -4.077605e+01    3.203580e+02   -6.236537e+00
   3.661965e-02    5.480652e+02    1.315261e+00    5.461768e+02   -1.286896e-19   -4.069118e+01    3.138761e+02   -6.174809e+00
   3.729704e-02    5.316633e+02    1.301996e+00    5.298043e+02   -1.198406e-19   -4.060477e+01    3.075150e+02   -6.113607e+00
   3.798696e-02    5.157280e+02    1.288844e+00    5.138979e+02   -1.104248e-19   -4.051684e+01    3.012726e+02   -6.052926e+00
   3.868963e-02    5.002460e+02    1.275805e+00    4.984446e+02   -1.004540e-19   -4.042740e+01    2.951466e+02   -5.992759e+00
   3.940531e-02    4.852058e+02    1.262877e+00    4.834321e+02   -8.994341e-20   -4.033644e+01    2.891350e+02   -5.933106e+00
   4.013422e-02    4.705945e+02    1.250059e+00    4.688481e+02   -7.891156e-20   -4.024399e+01    2.832357e+02   -5.873958e+00
   4.087662e-02    4.564003e+02    1.237350e+00    4.546809e+02   -6.738084e-20   -4.015004e+01    2.774468e+02   -5.815312e+00
   4.163275e-02    4.426122e+02    1.224750e+00    4.409190e+02   -5.537773e-20   -4.005461e+01    2.717662e+02   -5.757164e+00
   4.240287e-02    4.292182e+02    1.212257e+00    4.275511e+02   -4.293315e-20   -3.995771e+01    2.661920e+02   -5.699508e+00
   4.318723e-02    4.162082e+02    1.199870e+00    4.145664e+02   -3.008288e-20   -3.985933e+01    2.607222e+02   -5.642341e+00
   4.398611e-02    4.035711e+02    1.187589e+00    4.019543e+02   -1.686795e-20   -3.975950e+01    2.553550e+02   -5.585658e+00
   4.479976e-02    3.912968e+02    1.175412e+00    3.897045e+02   -3.335082e-21   -3.965821e+01    2.500886e+02   -5.529455e+00
   4.562846e-02    3.793753e+02    1.163339e+00    3.778069e+02    1.046287e-20   -3.955548e+01    2.449211e+02   -5.473727e+00
   4.647249e-02    3.677966e+02    1.151368e+00    3.662519e+02    2.446639e-20   -3.945131e+01    2.398508e+02   -5.418471e+00
   4.733213e-02    3.565515e+02    1.139499e+00    3.550300e+02    3.860880e-20   -3.934570e+01    2.348758e+02   -5.363681e+00
   4.820767e-02    3.456305e+02    1.127731e+00    3.441318e+02    5.281565e-20   -3.923868e+01    2.299946e+02   -5.309354e+00
   4.909941e-02    3.350249e+02    1.116063e+00    3.335485e+02    6.700417e-20   -3.913023e+01    2.252054e+02   -5.255486e+00
   5.000765e-02    3.247257e+02    1.104493e+00    3.232713e+02    8.108258e-20   -3.902038e+01    2.205065e+02   -5.202073e+00
   5.093268e-02    3.147246e+02    1.093022e+00    3.132918e+02    9.494939e-20   -3.890913e+01    2.158964e+02   -5.149110e+00
   5.187483e-02    3.050132e+02    1.081648e+00    3.036016e+02    1.084927e-19   -3.879648e+01    2.113734e+02   -5.096593e+00
   5.283440e-02    2.955834e+02    1.070371e+00    2.941928e+02    1.215895e-19   -3.868244e+01    2.069360e+02   -5.044519e+00
   5.381173e-02    2.864277e+02    1.059188e+00    2.850574e+02    1.341045e-19   -3.856703e+01    2.025827e+02   -4.992884e+00
   5.480713e-02    2.775381e+02    1.048101e+00    2.761880e+02    1.458897e-19   -3.845024e+01    1.983118e+02   -4.941683e+00
   5.582095e-02    2.689075e+02    1.037107e+00    2.675771e+02    1.567831e-19   -3.833208e+01    1.941221e+02   -4.890914e+00
   5.685351e-02    2.605285e+02    1.026207e+00    2.592176e+02    1.666078e-19   -3.821257e+01    1.900119e+02   -4.840572e+00
   5.790518e-02    2.523940e+02    1.015398e+00    2.511023e+02    1.751710e-19   -3.809170e+01    1.859799e+02   -4.790652e+00
   5.897631e-02    2.444976e+02    1.004681e+00    2.432246e+02    1.822626e-19   -3.796949e+01    1.820247e+02   -4.741154e+00
   6.006724e-02    2.368322e+02    9.940549e-01    2.355778e+02    1.876543e-19   -3.784594e+01    1.781448e+02   -4.692070e+00
   6.117836e-02    2.293916e+02    9.835183e-01    2.281554e+02    1.910981e-19   -3.772106e+01    1.743390e+02   -4.643399e+00
   6.231003e-02    2.221695e+02    9.730707e-01    2.209512e+02    1.923249e-19   -3.759485e+01    1.706060e+02   -4.595137e+00
   6.346263e-02    2.151599e+02    9.627114e-01    2.139590e+02    1.910430e-19   -3.746733e+01    1.669443e+02   -4.547281e+00
   6.463656e-02    2.083566e+02    9.524395e-01    2.071731e+02    1.869368e-19   -3.733850e+01    1.633527e+02   -4.499826e+00
   6.583220e-02    2.017539e+02    9.422544e-01    2.005875e+02    1.796648e-19   -3.720837e+01    1.598301e+02   -4.452769e+00
   6.704995e-02    1.953464e+02    9.321553e-01    1.941967e+02    1.688579e-19   -3.707695e+01    1.563750e+02   -4.406107e+00
   6.829023e-02    1.891285e+02    9.221414e-01    1.879952e+02    1.541177e-19   -3.694424e+01    1.529864e+02   -4.359838e+00
   6.955346e-02    1.830949e+02    9.122120e-01    1.819777e+02    1.350142e-19   -3.681025e+01    1.496630e+02   -4.313956e+00
   7.084005e-02    1.772403e+02    9.023665e-01    1.761391e+02    1.110839e-19   -3.667498e+01    1.464037e+02   -4.268458e+00
   7.215044e-02    1.715597e+02    8.926040e-01    1.704742e+02    8.182724e-20   -3.653846e+01    1.432073e+02   -4.223342e+00
   7.348507e-02    1.660484e+02    8.829239e-01    1.649783e+02    4.670662e-20   -3.640068e+01    1.400727e+02   -4.178604e+00
   7.484439e-02    1.607014e+02    8.733254e-01    1.596466e+02    5.143410e-21   -3.626165e+01    1.369987e+02   -4.134242e+00
   7.622885e-02    1.555143e+02    8.638080e-01    1.544744e+02   -4.327851e-20   -3.612138e+01    1.339844e+02   -4.090252e+00
   7.763892e-02    1.504825e+02    8.543708e-01    1.494573e+02   -9.780539e-20   -3.597987e+01    1.310286e+02   -4.046630e+00
   7.907508e-02    1.456016e+02    8.450133e-01    1.445909e+02   -1.571449e-19   -3.583714e+01    1.281302e+02   -4.003374e+00
   8.053780e-02    1.408673e+02    8.357348e-01    1.398709e+02   -2.198374e-19   -3.569320e+01    1.252884e+02   -3.960481e+00
   8.202758e-02    1.362755e+02    8.265346e-01    1.352931e+02   -2.842430e-19   -3.554805e+01    1.225019e+02   -3.917947e+00
   8.354491e-02    1.318222e+02    8.174120e-01    1.308536e+02   -3.485267e-19   -3.540170e+01    1.197699e+02   -3.875770e+00
   8.509032e-02    1.275034e+02    8.083665e-01    1.265485e+02   -4.106435e-19   -3.525416e+01    1.170913e+02   -3.833947e+00
   8.666431e-02    1.233154e+02    7.993973e-01    1.223739e+02   -4.683213e-19   -3.510543e+01    1.144653e+02   -3.792474e+00
   8.826741e-02    1.192544e+02    7.905039e-01    1.183261e+02   -5.190437e-19   -3.495554e+01    1.118908e+02   -3.751349e+00
   8.990017e-02    1.153168e+02    7.816856e-01    1.144015e+02   -5.600311e-19   -3.480448e+01    1.093670e+02   -3.710569e+00
   9.156314e-02    1.114991e+02    7.729418e-01    1.105967e+02   -5.882205e-19   -3.465226e+01    1.068929e+02   -3.670132e+00
   9.325686e-02    1.077979e+02    7.642719e-01    1.069081e+02   -6.002442e-19   -3.449890e+01    1.044677e+02   -3.630034e+00
   9.498191e-02    1.042099e+02    7.556754e-01    1.033326e+02   -5.924068e-19   -3.434440e+01    1.020904e+02   -3.590273e+00
   9.673888e-02    1.007319e+02    7.471516e-01    9.986678e+01   -5.606613e-19   -3.418878e+01    9.976026e+01   -3.550845e+00
   9.852834e-02    9.736058e+01    7.386999e-01    9.650761e+01   -5.005824e-19   -3.403204e+01    9.747636e+01   -3.511749e+00
   1.003509e-01    9.409306e+01    7.303198e-01    9.325201e+01   -4.073396e-19   -3.387419e+01    9.523789e+01   -3.472981e+00
   1.022072e-01    9.092634e+01    7.220107e-01    9.009701e+01   -2.756672e-19   -3.371525e+01    9.304404e+01   -3.434540e+00
   1.040978e-01    8.785749e+01    7.137720e-01    8.703973e+01   -9.983311e-20   -3.355522e+01    9.089401e+01   -3.396422e+00
   1.060234e-01    8.488367e+01    7.056032e-01    8.407736e+01    1.259186e-19   -3.339412e+01    8.878700e+01   -3.358625e+00
   1.079846e-01    8.200226e+01    6.975037e-01    8.120716e+01    3.979752e-19   -3.323195e+01    8.672226e+01   -3.321146e+00
   1.099821e-01    7.921051e+01    6.894730e-01    7.842649e+01    7.027499e-19   -3.306872e+01    8.469902e+01   -3.283983e+00
   1.120165e-01    7.650581e+01    6.815106e-01    7.573276e+01    1.024596e-18   -3.290445e+01    8.271653e+01   -3.247134e+00
   1.140886e-01    7.388576e+01    6.736159e-01    7.312346e+01    1.345993e-18   -3.273915e+01    8.077406e+01   -3.210596e+00
   1.161990e-01    7.134779e+01    6.657883e-01    7.059614e+01    1.647399e-18   -3.257283e+01    7.887089e+01   -3.174366e+00
   1.183484e-01    6.888961e+01    6.580275e-01    6.814842e+01    1.907090e-18   -3.240550e+01    7.700632e+01   -3.138443e+00
   1.205376e-01    6.650885e+01    6.503328e-01    6.577801e+01    2.100990e-18   -3.223718e+01    7.517964e+01   -3.102823e+00
   1.227673e-01    6.420329e+01    6.427038e-01    6.348264e+01    2.202491e-18   -3.206787e+01    7.339019e+01   -3.067505e+00
   1.250382e-01    6.197072e+01    6.351400e-01    6.126013e+01    2.182257e-18   -3.189758e+01    7.163728e+01   -3.032486e+00
   1.273512e-01    5.980905e+01    6.276409e-01    5.910837e+01    2.008021e-18   -3.172634e+01    6.992026e+01   -2.997765e+00
   1.297069e-01    5.771615e+01    6.202060e-01    5.702527e+01    1.644361e-18   -3.155415e+01    6.823848e+01   -2.963338e+00
   1.321062e-01    5.569009e+01    6.128348e-01    5.500883e+01    1.052467e-18   -3.138102e+01    6.659131e+01   -2.929205e+00
   1.345499e-01    5.372883e+01    6.055268e-01    5.305710e+01    1.898902e-19   -3.120698e+01    6.497812e+01   -2.895362e+00
   1.370388e-01    5.183050e+01    5.982816e-01    5.116818e+01   -9.756038e-19   -3.103203e+01    6.339830e+01   -2.861806e+00
   1.395737e-01    4.999328e+01    5.910988e-01    4.934021e+01   -2.377497e-18   -3.085618e+01    6.185124e+01   -2.828538e+00
   1.421555e-01    4.821533e+01    5.839778e-01    4.757140e+01   -3.896252e-18   -3.067945e+01    6.033635e+01   -2.795554e+00
   1.447851e-01    4.649489e+01    5.769183e-01    4.586000e+01   -5.397869e-18   -3.050186e+01    5.885305e+01   -2.762852e+00
   1.474633e-01    4.483029e+01    5.699197e-01    4.420431e+01   -6.732894e-18   -3.032342e+01    5.740077e+01   -2.730430e+00
   1.501911e-01    4.321989e+01    5.629818e-01    4.260268e+01   -7.735207e-18   -3.014414e+01    5.597894e+01   -2.698286e+00
   1.529693e-01    4.166204e+01    5.561039e-01    4.105350e+01   -8.220722e-18   -2.996404e+01    5.458701e+01   -2.666419e+00
   1.557989e-01    4.015520e+01    5.492857e-01    3.955522e+01   -7.985999e-18   -2.978313e+01    5.322444e+01   -2.634826e+00
   1.586808e-01    3.869783e+01    5.425268e-01    3.810630e+01   -6.806767e-18   -2.960143e+01    5.189069e+01   -2.603505e+00
   1.616161e-01    3.728847e+01    5.358268e-01    3.670528e+01   -4.436346e-18   -2.941895e+01    5.058524e+01   -2.572455e+00
   1.646057e-01    3.592567e+01    5.291852e-01    3.535071e+01   -6.039628e-19   -2.923572e+01    4.930757e+01   -2.541673e+00
   1.676505e-01    3.460804e+01    5.226016e-01    3.404121e+01    4.911619e-18   -2.905174e+01    4.805718e+01   -2.511158e+00
   1.707517e-01    3.333422e+01    5.160758e-01    3.277541e+01    1.189038e-17   -2.886704e+01    4.683357e+01   -2.480908e+00
   1.739102e-01    3.210289e+01    5.096072e-01    3.155200e+01    1.990712e-17   -2.868162e+01    4.563625e+01   -2.450921e+00
   1.771272e-01    3.091276e+01    5.031954e-01    3.036969e+01    2.848318e-17   -2.849551e+01    4.446473e+01   -2.421196e+00
   1.804037e-01    2.976258e+01    4.968402e-01    2.922724e+01    3.708239e-17   -2.830873e+01    4.331855e+01   -2.391730e+00
   1.837408e-01    2.865115e+01    4.905410e-01    2.812343e+01    4.510651e-17   -2.812128e+01    4.219723e+01   -2.362522e+00
   1.871396e-01    2.757728e+01    4.842976e-01    2.705708e+01    5.189030e-17   -2.793320e+01    4.110033e+01   -2.333570e+00
   1.906013e-01    2.653983e+01    4.781096e-01    2.602706e+01    5.669636e-17   -2.774449e+01    4.002739e+01   -2.304874e+00
   1.941270e-01    2.553767e+01    4.719766e-01    2.503224e+01    5.870947e-17   -2.755518e+01    3.897796e+01   -2.276430e+00
   1.977179e-01    2.456973e+01    4.658983e-01    2.407155e+01    7.136951e-17   -2.736528e+01    3.795162e+01   -2.248237e+00
   2.013753e-01    2.363497e+01    4.598743e-01    2.314393e+01    2.357248e-16   -2.717481e+01    3.694794e+01   -2.220294e+00
   2.051003e-01    2.273233e+01    4.539042e-01    2.224837e+01    7.744151e-16   -2.698379e+01    3.596650e+01   -2.192599e+00
   2.088942e-01    2.186085e+01    4.479877e-01    2.138386e+01    1.935044e-15   -2.679224e+01    3.500688e+01   -2.165151e+00
   2.127583e-01    2.101954e+01    4.421245e-01    2.054945e+01    3.991602e-15   -2.660018e+01    3.406868e+01   -2.137947e+00
   2.166939e-01    2.020747e+01    4.363142e-01    1.974419e+01    7.246496e-15   -2.640763e+01    3.315150e+01   -2.110988e+00
   2.207023e-01    1.942374e+01    4.305565e-01    1.896718e+01    1.203271e-14   -2.621461e+01    3.225494e+01   -2.084270e+00
   2.247848e-01    1.866744e+01    4.248511e-01    1.821752e+01    1.871611e-14   -2.602113e+01    3.137862e+01   -2.057793e+00
   2.289428e-01    1.793772e+01    4.191977e-01    1.749437e+01    3.071985e-14   -2.582723e+01    3.052217e+01   -2.031554e+00
   2.331778e-01    1.723375e+01    4.135959e-01    1.679687e+01    6.638015e-14   -2.563291e+01    2.968520e+01   -2.005554e+00
   2.374911e-01    1.655470e+01    4.080454e-01    1.612423e+01    1.504396e-13   -2.543821e+01    2.886735e+01   -1.979789e+00
   2.418842e-01    1.589980e+01    4.025459e-01    1.547564e+01    3.103311e-13   -2.524313e+01    2.806826e+01   -1.954259e+00
   2.463585e-01    1.526826e+01    3.970971e-01    1.485035e+01    5.763850e-13   -2.504771e+01    2.728758e+01   -1.928963e+00
   2.509156e-01    1.465935e+01    3.916987e-01    1.424761e+01    9.820512e-13   -2.485196e+01    2.652495e+01   -1.903899e+00
   2.555570e-01    1.407235e+01    3.863503e-01    1.366670e+01    1.564342e-12   -2.465591e+01    2.578003e+01   -1.879066e+00
   2.602843e-01    1.350654e+01    3.810518e-01    1.310691e+01    2.538732e-12   -2.445957e+01    2.505248e+01   -1.854461e+00
   2.650990e-01    1.296124e+01    3.758028e-01    1.256756e+01    4.649373e-12   -2.426298e+01    2.434197e+01   -1.830085e+00
   2.700028e-01    1.243579e+01    3.706030e-01    1.204799e+01    8.813098e-12   -2.406614e+01    2.364818e+01   -1.805936e+00
   2.749973e-01    1.192956e+01    3.654521e-01    1.154756e+01    1.604542e-11   -2.386909e+01    2.297078e+01   -1.782012e+00
   2.800841e-01    1.144190e+01    3.603499e-01    1.106563e+01    2.746815e-11   -2.367184e+01    2.230945e+01   -1.758312e+00
   2.852651e-01    1.097222e+01    3.552960e-01    1.060162e+01    4.431773e-11   -2.347442e+01    2.166389e+01   -1.734835e+00
   2.905419e-01    1.051992e+01    3.502902e-01    1.015491e+01    7.007073e-11   -2.327686e+01    2.103379e+01   -1.711580e+00
   2.959163e-01    1.008443e+01    3.453322e-01    9.724954e+00    1.160529e-10   -2.307916e+01    2.041885e+01   -1.688545e+00
   3.013901e-01    9.665197e+00    3.404217e-01    9.311184e+00    1.964790e-10   -2.288137e+01    1.981876e+01   -1.665729e+00
   3.069652e-01    9.261682e+00    3.355585e-01    8.913063e+00    3.270843e-10   -2.268349e+01    1.923325e+01   -1.643132e+00
   3.126434e-01    8.873355e+00    3.307423e-01    8.530070e+00    5.252413e-10   -2.248556e+01    1.866202e+01   -1.620751e+00
   3.184266e-01    8.499716e+00    3.259728e-01    8.161696e+00    8.128510e-10   -2.228760e+01    1.810480e+01   -1.598586e+00
   3.243169e-01    8.140267e+00    3.212498e-01    7.807450e+00    1.258247e-09   -2.208963e+01    1.756130e+01   -1.576636e+00
   3.303160e-01    7.794528e+00    3.165731e-01    7.466853e+00    1.973004e-09   -2.189167e+01    1.703125e+01   -1.554899e+00
   3.364262e-01    7.462039e+00    3.119422e-01    7.139442e+00    3.081641e-09   -2.169375e+01    1.651438e+01   -1.533374e+00
   3.426493e-01    7.142346e+00    3.073571e-01    6.824767e+00    4.721651e-09   -2.149590e+01    1.601043e+01   -1.512061e+00
   3.489876e-01    6.835013e+00    3.028174e-01    6.522392e+00    7.059644e-09   -2.129813e+01    1.551914e+01   -1.490957e+00
   3.554432e-01    6.539618e+00    2.983229e-01    6.231893e+00    1.048887e-08   -2.110047e+01    1.504026e+01   -1.470063e+00
   3.620181e-01    6.255747e+00    2.938734e-01    5.952860e+00    1.559881e-08   -2.090294e+01    1.457353e+01   -1.449376e+00
   3.687147e-01    5.983002e+00    2.894686e-01    5.684896e+00    2.304457e-08   -2.070558e+01    1.411870e+01   -1.428896e+00
   3.755351e-01    5.720999e+00    2.851082e-01    5.427614e+00    3.354859e-08   -2.050840e+01    1.367554e+01   -1.408622e+00
   3.824817e-01    5.469361e+00    2.807921e-01    5.180639e+00    4.815080e-08   -2.031142e+01    1.324380e+01   -1.388552e+00
   3.895568e-01    5.227724e+00    2.765199e-01    4.943610e+00    6.879548e-08   -2.011468e+01    1.282325e+01   -1.368686e+00
   3.967628e-01    4.995737e+00    2.722915e-01    4.716175e+00    9.779246e-08   -1.991819e+01    1.241365e+01   -1.349023e+00
   4.041021e-01    4.773057e+00    2.681065e-01    4.497993e+00    1.376885e-07   -1.972198e+01    1.201478e+01   -1.329561e+00
   4.115771e-01    4.559355e+00    2.639648e-01    4.288733e+00    1.915956e-07   -1.952608e+01    1.162641e+01   -1.310300e+00
   4.191904e-01    4.354310e+00    2.598662e-01    4.088075e+00    2.647773e-07   -1.933050e+01    1.124833e+01   -1.291239e+00
   4.269445e-01    4.157610e+00    2.558103e-01    3.895711e+00    3.637135e-07   -1.913528e+01    1.088031e+01   -1.272376e+00
   4.348421e-01    3.968956e+00    2.517970e-01    3.711338e+00    4.955415e-07   -1.894043e+01    1.052215e+01   -1.253710e+00
   4.428857e-01    3.788057e+00    2.478260e-01    3.534667e+00    6.688995e-07   -1.874598e+01    1.017363e+01   -1.235241e+00
   4.510782e-01    3.614628e+00    2.438971e-01    3.365415e+00    8.967444e-07   -1.855196e+01    9.834541e+00   -1.216968e+00
   4.594222e-01    3.448397e+00    2.400101e-01    3.203311e+00    1.194281e-06   -1.835839e+01    9.504691e+00   -1.198889e+00
   4.679205e-01    3.289100e+00    2.361647e-01    3.048089e+00    1.578270e-06   -1.816529e+01    9.183876e+00   -1.181004e+00
   4.765761e-01    3.136480e+00    2.323607e-01    2.899494e+00    2.069957e-06   -1.797268e+01    8.871898e+00   -1.163312e+00
   4.853917e-01    2.990290e+00    2.285979e-01    2.757278e+00    2.697119e-06   -1.778059e+01    8.568565e+00   -1.145812e+00
   4.943704e-01    2.850288e+00    2.248760e-01    2.621203e+00    3.490636e-06   -1.758905e+01    8.273688e+00   -1.128502e+00
   5.035152e-01    2.716245e+00    2.211949e-01    2.491036e+00    4.485585e-06   -1.739807e+01    7.987079e+00   -1.111382e+00
   5.128292e-01    2.587933e+00    2.175543e-01    2.366553e+00    5.726579e-06   -1.720768e+01    7.708554e+00   -1.094451e+00
   5.223154e-01    2.465137e+00    2.139540e-01    2.247538e+00    7.264464e-06   -1.701791e+01    7.437935e+00   -1.077708e+00
   5.319772e-01    2.347646e+00    2.103937e-01    2.133781e+00    9.155437e-06   -1.682876e+01    7.175042e+00   -1.061153e+00
   5.418176e-01    2.235257e+00    2.068733e-01    2.025079e+00    1.146626e-05   -1.664028e+01    6.919702e+00   -1.044783e+00
   5.518401e-01    2.127773e+00    2.033924e-01    1.921235e+00    1.427296e-05   -1.645247e+01    6.671743e+00   -1.028599e+00
   5.620480e-01    2.025005e+00    1.999510e-01    1.822061e+00    1.765892e-05   -1.626537e+01    6.430997e+00   -1.012600e+00
   5.724447e-01    1.926769e+00    1.965487e-01    1.727374e+00    2.171837e-05   -1.607899e+01    6.197298e+00   -9.967837e-01
   5.830337e-01    1.832887e+00    1.931854e-01    1.636996e+00    2.655611e-05   -1.589335e+01    5.970483e+00   -9.811503e-01
   5.938186e-01    1.743188e+00    1.898608e-01    1.550757e+00    3.228622e-05   -1.570848e+01    5.750393e+00   -9.656987e-01
   6.048029e-01    1.657508e+00    1.865747e-01    1.468492e+00    3.903247e-05   -1.552440e+01    5.536870e+00   -9.504281e-01
   6.159905e-01    1.575685e+00    1.833269e-01    1.390040e+00    4.692917e-05   -1.534113e+01    5.329759e+00   -9.353374e-01
   6.273850e-01    1.497566e+00    1.801172e-01    1.315249e+00    5.612012e-05   -1.515868e+01    5.128910e+00   -9.204261e-01
   6.389903e-01    1.423001e+00    1.769453e-01    1.243970e+00    6.675520e-05   -1.497709e+01    4.934173e+00   -9.056931e-01
   6.508103e-01    1.351847e+00    1.738110e-01    1.176058e+00    7.899491e-05   -1.479636e+01    4.745401e+00   -8.911377e-01
   6.628489e-01    1.283966e+00    1.707142e-01    1.111377e+00    9.300391e-05   -1.461653e+01    4.562452e+00   -8.767590e-01
   6.751102e-01    1.219223e+00    1.676545e-01    1.049792e+00    1.089504e-04   -1.443760e+01    4.385183e+00   -8.625561e-01
   6.875983e-01    1.157489e+00    1.646319e-01    9.911755e-01    1.270102e-04   -1.425960e+01    4.213456e+00   -8.485283e-01
   7.003174e-01    1.098639e+00    1.616460e-01    9.354022e-01    1.473531e-04   -1.408254e+01    4.047135e+00   -8.346748e-01
   7.132718e-01    1.042555e+00    1.586966e-01    8.823529e-01    1.701546e-04   -1.390645e+01    3.886087e+00   -8.209948e-01
   7.264658e-01    9.891189e-01    1.557836e-01    8.319122e-01    1.955818e-04   -1.373134e+01    3.730179e+00   -8.074874e-01
   7.399039e-01    9.382204e-01    1.529067e-01    7.839690e-01    2.237978e-04   -1.355723e+01    3.579284e+00   -7.941519e-01
   7.535905e-01    8.897520e-01    1.500657e-01    7.384163e-01    2.549588e-04   -1.338414e+01    3.433275e+00   -7.809876e-01
   7.675304e-01    8.436101e-01    1.472604e-01    6.951508e-01    2.892057e-04   -1.321208e+01    3.292028e+00   -7.679937e-01
   7.817280e-01    7.996950e-01    1.444905e-01    6.540733e-01    3.266723e-04   -1.304107e+01    3.155421e+00   -7.551694e-01
   7.961883e-01    7.579107e-01    1.417560e-01    6.150882e-01    3.674694e-04   -1.287113e+01    3.023335e+00   -7.425140e-01
   8.109161e-01    7.181649e-01    1.390564e-01    5.781034e-01    4.116969e-04   -1.270226e+01    2.895653e+00   -7.300268e-01
   8.259164e-01    6.803865e-01    1.363930e-01    5.430471e-01    4.594277e-04   -1.253450e+01    2.772260e+00   -7.177725e-01
   8.411941e-01    6.445039e-01    1.337667e-01    5.098464e-01    5.107187e-04   -1.236784e+01    2.653044e+00   -7.058034e-01
   8.567544e-01    6.104020e-01    1.311750e-01    4.783891e-01    5.655974e-04   -1.220232e+01    2.537893e+00   -6.940031e-01
   8.726025e-01    5.780019e-01    1.286177e-01    4.485965e-01    6.240713e-04   -1.203793e+01    2.426700e+00   -6.823710e-01
   8.887438e-01    5.472275e-01    1.260946e-01    4.203928e-01    6.861177e-04   -1.187469e+01    2.319359e+00   -6.709065e-01
   9.051837e-01    5.180060e-01    1.236056e-01    3.937054e-01    7.516903e-04   -1.171263e+01    2.215766e+00   -6.596092e-01
   9.219277e-01    4.902668e-01    1.211505e-01    3.684643e-01    8.207138e-04   -1.155174e+01    2.115819e+00   -6.484785e-01
   9.389814e-01    4.639428e-01    1.187289e-01    3.446025e-01    8.930873e-04   -1.139204e+01    2.019418e+00   -6.375140e-01
   9.563505e-01    4.389692e-01    1.163409e-01    3.220554e-01    9.686831e-04   -1.123354e+01    1.926465e+00   -6.267152e-01
   9.740410e-01    4.152837e-01    1.139862e-01    3.007612e-01    1.047349e-03   -1.107626e+01    1.836865e+00   -6.160817e-01
   9.920587e-01    3.928267e-01    1.116645e-01    2.806605e-01    1.128907e-03   -1.092021e+01    1.750523e+00   -6.056130e-01
   1.010410e+00    3.715412e-01    1.093758e-01    2.616963e-01    1.213158e-03   -1.076539e+01    1.667349e+00   -5.953089e-01
   1.029100e+00    3.513718e-01    1.071199e-01    2.438139e-01    1.299882e-03   -1.061181e+01    1.587250e+00   -5.851688e-01
   1.048136e+00    3.322663e-01    1.048965e-01    2.269609e-01    1.388841e-03   -1.045949e+01    1.510140e+00   -5.751926e-01
   1.067525e+00    3.141739e-01    1.027055e-01    2.110871e-01    1.479781e-03   -1.030844e+01    1.435933e+00   -5.653798e-01
   1.087271e+00    2.970463e-01    1.005467e-01    1.961443e-01    1.572431e-03   -1.015866e+01    1.364543e+00   -5.557303e-01
   1.107384e+00    2.808371e-01    9.842007e-02    1.820864e-01    1.666515e-03   -1.001016e+01    1.295888e+00   -5.462436e-01
   1.127868e+00    2.655019e-01    9.632530e-02    1.688692e-01    1.761745e-03   -9.862951e+00    1.229887e+00   -5.369197e-01
   1.148731e+00    2.509982e-01    9.426229e-02    1.564503e-01    1.857828e-03   -9.717040e+00    1.166461e+00   -5.277583e-01
   1.169980e+00    2.372853e-01    9.223087e-02    1.447894e-01    1.954469e-03   -9.572432e+00    1.105533e+00   -5.187592e-01
   1.191622e+00    2.243242e-01    9.023089e-02    1.338477e-01    2.051374e-03   -9.429136e+00    1.047027e+00   -5.099223e-01
   1.213665e+00    2.120777e-01    8.826222e-02    1.235880e-01    2.148251e-03   -9.287157e+00    9.908693e-01   -5.012476e-01
   1.236115e+00    2.005102e-01    8.632471e-02    1.139751e-01    2.244812e-03   -9.146500e+00    9.369869e-01   -4.927349e-01
   1.258981e+00    1.895875e-01    8.441822e-02    1.049750e-01    2.340781e-03   -9.007172e+00    8.853096e-01   -4.843841e-01
   1.282269e+00    1.792773e-01    8.254263e-02    9.655545e-02    2.435887e-03   -8.869176e+00    8.357683e-01   -4.761954e-01
   1.305988e+00    1.695484e-01    8.069782e-02    8.868547e-02    2.529874e-03   -8.732518e+00    7.882956e-01   -4.681687e-01
   1.330146e+00    1.603711e-01    7.888367e-02    8.133558e-02    2.622498e-03   -8.597202e+00    7.428258e-01   -4.603040e-01
   1.354751e+00    1.517172e-01    7.710008e-02    7.447766e-02    2.713530e-03   -8.463230e+00    6.992945e-01   -4.526016e-01
   1.379811e+00    1.435596e-01    7.534694e-02    6.808482e-02    2.802760e-03   -8.330606e+00    6.576391e-01   -4.450615e-01
   1.405335e+00    1.358726e-01    7.362417e-02    6.213146e-02    2.889992e-03   -8.199333e+00    6.177985e-01   -4.376840e-01
   1.431331e+00    1.286316e-01    7.193168e-02    5.659317e-02    2.975050e-03   -8.069412e+00    5.797130e-01   -4.304692e-01
   1.457807e+00    1.218134e-01    7.026942e-02    5.144667e-02    3.057777e-03   -7.940846e+00    5.433245e-01   -4.234174e-01
   1.484773e+00    1.153956e-01    6.863731e-02    4.666980e-02    3.138033e-03   -7.813635e+00    5.085764e-01   -4.165290e-01
   1.512239e+00    1.093570e-01    6.703533e-02    4.224146e-02    3.215699e-03   -7.687780e+00    4.754136e-01   -4.098043e-01
   1.540212e+00    1.036776e-01    6.546343e-02    3.814156e-02    3.290673e-03   -7.563282e+00    4.437824e-01   -4.032437e-01
   1.568702e+00    9.833802e-02    6.392160e-02    3.435099e-02    3.362875e-03   -7.440140e+00    4.136305e-01   -3.968475e-01
   1.597720e+00    9.332023e-02    6.240984e-02    3.085158e-02    3.432240e-03   -7.318354e+00    3.849072e-01   -3.906164e-01
   1.627275e+00    8.860685e-02    6.092817e-02    2.762604e-02    3.498722e-03   -7.197921e+00    3.575631e-01   -3.845508e-01
   1.657376e+00    8.418152e-02    5.947662e-02    2.465796e-02    3.562291e-03   -7.078842e+00    3.315503e-01   -3.786513e-01
   1.688034e+00    8.002863e-02    5.805526e-02    2.193173e-02    3.622935e-03   -6.961113e+00    3.068221e-01   -3.729185e-01
   1.719259e+00    7.613345e-02    5.666416e-02    1.943255e-02    3.680654e-03   -6.844732e+00    2.833335e-01   -3.673530e-01
   1.751061e+00    7.248199e-02    5.530343e-02    1.714636e-02    3.735465e-03   -6.729695e+00    2.610405e-01   -3.619555e-01
   1.783452e+00    6.906100e-02    5.397318e-02    1.505981e-02    3.787397e-03   -6.616000e+00    2.399008e-01   -3.567267e-01
   1.816442e+00    6.585797e-02    5.267357e-02    1.316026e-02    3.836490e-03   -6.503641e+00    2.198733e-01   -3.516673e-01
   1.850043e+00    6.286106e-02    5.140479e-02    1.143571e-02    3.882799e-03   -6.392614e+00    2.009183e-01   -3.467782e-01
   1.884264e+00    6.005911e-02    5.016704e-02    9.874786e-03    3.926384e-03   -6.282913e+00    1.829974e-01   -3.420600e-01
   1.919119e+00    5.744157e-02    4.896058e-02    8.466728e-03    3.967320e-03   -6.174533e+00    1.660736e-01   -3.375137e-01
   1.954619e+00    5.499849e-02    4.778566e-02    7.201332e-03    4.005690e-03   -6.067468e+00    1.501112e-01   -3.331400e-01
   1.990775e+00    5.272052e-02    4.664261e-02    6.068950e-03    4.041588e-03   -5.961710e+00    1.350759e-01   -3.289399e-01
   2.027600e+00    5.059886e-02    4.553178e-02    5.060451e-03    4.075121e-03   -5.857252e+00    1.209346e-01   -3.249141e-01
   2.065107e+00    4.862522e-02    4.445352e-02    4.167206e-03    4.106410e-03   -5.754085e+00    1.076558e-01   -3.210634e-01
   2.103307e+00    4.679191e-02    4.340828e-02    3.381073e-03    4.135601e-03   -5.652201e+00    9.520901e-02   -3.173889e-01
   2.142214e+00    4.509163e-02    4.239648e-02    2.694364e-03    4.162873e-03   -5.551591e+00    8.356536e-02   -3.138913e-01
   2.181840e+00    4.351762e-02    4.141859e-02    2.099855e-03    4.188434e-03   -5.452243e+00    7.269725e-02   -3.105715e-01
   2.222199e+00    4.206357e-02    4.047508e-02    1.590767e-03    4.212562e-03   -5.354149e+00    6.257843e-02   -3.074303e-01
   2.263305e+00    4.072360e-02    3.956641e-02    1.160788e-03    4.235634e-03   -5.257295e+00    5.318403e-02   -3.044686e-01
   2.305172e+00    3.949226e-02    3.869295e-02    8.040990e-04    4.258062e-03   -5.161669e+00    4.449057e-02   -3.016871e-01
   2.347812e+00    3.836451e-02    3.785489e-02    5.154715e-04    4.280505e-03   -5.067260e+00    3.647591e-02   -2.990866e-01
   2.391242e+00    3.733568e-02    3.705201e-02    2.904826e-04    4.303707e-03   -4.974053e+00    2.911927e-02   -2.966677e-01
   2.435475e+00    3.640150e-02    3.628305e-02    1.261173e-04    4.328633e-03   -4.882034e+00    2.240118e-02   -2.944312e-01
   2.480526e+00    3.555804e-02    3.554335e-02    2.311638e-05    4.356596e-03   -4.791187e+00    1.630344e-02   -2.923776e-01
   2.526410e+00    3.480169e-02    3.481089e-02   -1.201612e-21    4.388980e-03   -4.701498e+00    1.080902e-02   -2.905072e-01
   2.573144e+00    3.412914e-02    3.413883e-02   -5.915714e-21    4.427691e-03   -4.612950e+00    5.901956e-03   -2.888203e-01
   2.620741e+00    3.353735e-02    3.354754e-02   -1.174262e-20    4.474976e-03   -4.525528e+00    1.567166e-03   -2.873169e-01
   2.669220e+00    3.302350e-02    3.303415e-02   -1.781469e-20    4.532682e-03   -4.439214e+00   -2.209771e-03   -2.859966e-01
   2.718594e+00    3.258498e-02    3.259600e-02   -2.365380e-20    4.604640e-03   -4.353992e+00   -5.442835e-03   -2.848585e-01
   2.768883e+00    3.221926e-02    3.223059e-02   -2.895090e-20    4.692714e-03   -4.269847e+00   -8.146039e-03   -2.839012e-01
   2.820101e+00    3.192392e-02    3.193551e-02   -3.349761e-20    4.800314e-03   -4.186764e+00   -1.033373e-02   -2.831226e-01
   2.872267e+00    3.169650e-02    3.170828e-02   -3.715638e-20    4.932178e-03   -4.104729e+00   -1.202109e-02   -2.825197e-01
   2.925398e+00    3.153444e-02    3.154638e-02   -3.984511e-20    5.092546e-03   -4.023732e+00   -1.322494e-02   -2.820883e-01
   2.979512e+00    3.143495e-02    3.144706e-02   -4.152866e-20    5.287392e-03   -3.943763e+00   -1.396452e-02   -2.818226e-01
   3.034626e+00    3.139485e-02    3.140695e-02   -4.221402e-20    5.524873e-03   -3.864818e+00   -1.426259e-02   -2.817154e-01
   3.090760e+00    3.141033e-02    3.142244e-02   -4.194831e-20    5.793891e-03   -3.786899e+00   -1.414712e-02   -2.817568e-01
   3.147933e+00    3.147710e-02    3.148918e-02   -4.081077e-20    6.090779e-03   -3.710011e+00   -1.365017e-02   -2.819352e-01
   3.206163e+00    3.159037e-02    3.160243e-02   -3.890711e-20    6.410533e-03   -3.634166e+00   -1.280782e-02   -2.822374e-01
   3.265470e+00    3.174489e-02    3.175691e-02   -3.636348e-20    6.747130e-03   -3.559377e+00   -1.165992e-02   -2.826483e-01
   3.325874e+00    3.193497e-02    3.194688e-02   -3.331988e-20    7.093760e-03   -3.485663e+00   -1.024961e-02   -2.831519e-01
   3.387396e+00    3.215456e-02    3.216618e-02   -2.992322e-20    7.443315e-03   -3.413045e+00   -8.622565e-03   -2.837311e-01
   3.450056e+00    3.239738e-02    3.240879e-02   -2.632044e-20    7.788917e-03   -3.341548e+00   -6.826218e-03   -2.843684e-01
   3.513874e+00    3.265701e-02    3.266819e-02   -2.265222e-20    8.124155e-03   -3.271196e+00   -4.908822e-03   -2.850461e-01
   3.578874e+00    3.292699e-02    3.293791e-02   -1.904729e-20    8.443103e-03   -3.202013e+00   -2.918527e-03   -2.857470e-01
   3.645075e+00    3.320099e-02    3.321163e-02   -1.561775e-20    8.740215e-03   -3.134025e+00   -9.024156e-04   -2.864542e-01
   3.712501e+00    3.347288e-02    3.348319e-02   -1.245529e-20    9.004923e-03   -3.067254e+00    1.094506e-03   -2.871520e-01
   3.781175e+00    3.373712e-02    3.374707e-02   -9.627027e-21    9.241041e-03   -3.001720e+00    3.031540e-03   -2.878265e-01
   3.851118e+00    3.398858e-02    3.399815e-02   -7.177223e-21    9.448117e-03   -2.937438e+00    4.871614e-03   -2.884649e-01
   3.922356e+00    3.422266e-02    3.423186e-02   -5.128033e-21    9.618323e-03   -2.874420e+00    6.581497e-03   -2.890563e-01
   3.994911e+00    3.443554e-02    3.444431e-02   -3.478922e-21    9.755673e-03   -2.812673e+00    8.133840e-03   -2.895917e-01
   4.068809e+00    3.462410e-02    3.463246e-02   -2.210630e-21    9.862229e-03   -2.752199e+00    9.506542e-03   -2.900640e-01
   4.144073e+00    3.478591e-02    3.479384e-02   -1.288447e-21    9.935585e-03   -2.692995e+00    1.068255e-02   -2.904679e-01
   4.220729e+00    3.491938e-02    3.492686e-02   -6.650017e-22    9.982202e-03   -2.635052e+00    1.165088e-02   -2.908001e-01
   4.298804e+00    3.502358e-02    3.503062e-02   -2.849075e-22    1.000169e-02   -2.578358e+00    1.240525e-02   -2.910588e-01
   4.378323e+00    3.509830e-02    3.510484e-02   -8.793018e-23    9.997523e-03   -2.522896e+00    1.294465e-02   -2.912440e-01
   4.459312e+00    3.514401e-02    3.515018e-02   -1.271704e-23    9.974743e-03   -2.468642e+00    1.327277e-02   -2.913572e-01
   4.541800e+00    3.516167e-02    3.516734e-02   -8.726838e-42    9.933923e-03   -2.415571e+00    1.339689e-02   -2.914009e-01
   4.625814e+00    3.515282e-02    3.515804e-02   -5.047864e-24    9.878052e-03   -2.363655e+00    1.332815e-02   -2.913790e-01
   4.711382e+00    3.511944e-02    3.512420e-02   -5.042571e-23    9.811442e-03   -2.312861e+00    1.308098e-02   -2.912963e-01
   4.798532e+00    3.506382e-02    3.506817e-02   -1.759079e-22    9.736397e-03   -2.263156e+00    1.267213e-02   -2.911586e-01
   4.887295e+00    3.498857e-02    3.499249e-02   -4.120314e-22    9.655151e-03   -2.214505e+00    1.212020e-02   -2.909719e-01
   4.977699e+00    3.489643e-02    3.489994e-02   -7.797274e-22    9.569975e-03   -2.166870e+00    1.144524e-02   -2.907430e-01
   5.069776e+00    3.479034e-02    3.479350e-02   -1.290205e-21    9.483499e-03   -2.120214e+00    1.066821e-02   -2.904789e-01
   5.163556e+00    3.467321e-02    3.467600e-02   -1.945694e-21    9.395499e-03   -2.074501e+00    9.810291e-03   -2.901867e-01
   5.259071e+00    3.454804e-02    3.455048e-02   -2.739484e-21    9.309932e-03   -2.029693e+00    8.893306e-03   -2.898737e-01
   5.356353e+00    3.441774e-02    3.441986e-02   -3.657652e-21    9.227158e-03   -1.985753e+00    7.938333e-03   -2.895470e-01
   5.455434e+00    3.428512e-02    3.428693e-02   -4.680024e-21    9.147765e-03   -1.942646e+00    6.965786e-03   -2.892136e-01
   5.556348e+00    3.415286e-02    3.415443e-02   -5.781192e-21    9.073776e-03   -1.900338e+00    5.995382e-03   -2.888802e-01
   5.659129e+00    3.402348e-02    3.402475e-02   -6.932417e-21    9.005640e-03   -1.858795e+00    5.045401e-03   -2.885532e-01
   5.763810e+00    3.389924e-02    3.390029e-02   -8.102947e-21    8.943694e-03   -1.817986e+00    4.132608e-03   -2.882384e-01
   5.870429e+00    3.378222e-02    3.378304e-02   -9.261186e-21    8.889238e-03   -1.777883e+00    3.272219e-03   -2.879412e-01
   5.979019e+00    3.367418e-02    3.367479e-02   -1.037665e-20    8.842172e-03   -1.738459e+00    2.477308e-03   -2.876661e-01
   6.089618e+00    3.357659e-02    3.357707e-02   -1.142093e-20    8.802807e-03   -1.699689e+00    1.758893e-03   -2.874172e-01
   6.202263e+00    3.349062e-02    3.349092e-02   -1.236888e-20    8.771540e-03   -1.661550e+00    1.125759e-03   -2.871974e-01
   6.316992e+00    3.341715e-02    3.341731e-02   -1.319969e-20    8.748245e-03   -1.624024e+00    5.841720e-04   -2.870093e-01
   6.433843e+00    3.335661e-02    3.335666e-02   -1.389800e-20    8.732679e-03   -1.587094e+00    1.378439e-04   -2.868541e-01
   6.552856e+00    3.330918e-02    3.330913e-02   -1.445385e-20    8.724586e-03   -1.550747e+00   -2.120872e-04   -2.867324e-01
   6.674069e+00    3.327464e-02    3.327451e-02   -1.486353e-20    8.723469e-03   -1.514971e+00   -4.671042e-04   -2.866436e-01
   6.797526e+00    3.325242e-02    3.325223e-02   -1.512924e-20    8.728470e-03   -1.479759e+00   -6.312561e-04   -2.865865e-01
   6.923265e+00    3.324166e-02    3.324141e-02   -1.525863e-20    8.739108e-03   -1.445104e+00   -7.108846e-04   -2.865589e-01
   7.051331e+00    3.324120e-02    3.324102e-02   -1.526461e-20    8.754081e-03   -1.411005e+00   -7.146398e-04   -2.865577e-01
   7.181766e+00    3.324961e-02    3.324932e-02   -1.516402e-20    8.772389e-03   -1.377459e+00   -6.529125e-04   -2.865793e-01
   7.314613e+00    3.326531e-02    3.326501e-02   -1.497661e-20    8.792887e-03   -1.344468e+00   -5.374731e-04   -2.866197e-01
   7.449918e+00    3.328658e-02    3.328627e-02   -1.472388e-20    8.814458e-03   -1.312033e+00   -3.809746e-04   -2.866743e-01
   7.587726e+00    3.331164e-02    3.331135e-02   -1.442779e-20    8.836007e-03   -1.280156e+00   -1.964339e-04   -2.867387e-01
   7.728082e+00    3.333877e-02    3.333849e-02   -1.410961e-20    8.856590e-03   -1.248840e+00    3.325681e-06   -2.868083e-01
   7.871036e+00    3.336632e-02    3.336606e-02   -1.378898e-20    8.875271e-03   -1.218086e+00    2.061742e-04   -2.868790e-01
   8.016633e+00    3.339281e-02    3.339257e-02   -1.348299e-20    8.891449e-03   -1.187894e+00    4.012522e-04   -2.869469e-01
   8.164924e+00    3.341699e-02    3.341678e-02   -1.320572e-20    8.904670e-03   -1.158264e+00    5.793313e-04   -2.870089e-01
   8.315958e+00    3.343786e-02    3.343771e-02   -1.296789e-20    8.914687e-03   -1.129193e+00    7.331113e-04   -2.870624e-01
   8.469785e+00    3.345472e-02    3.345459e-02   -1.277677e-20    8.921319e-03   -1.100677e+00    8.574045e-04   -2.871055e-01
   8.626458e+00    3.346719e-02    3.346707e-02   -1.263605e-20    8.924974e-03   -1.072709e+00    9.493429e-04   -2.871375e-01
   8.786029e+00    3.347512e-02    3.347503e-02   -1.254657e-20    8.925675e-03   -1.045280e+00    1.008010e-03   -2.871578e-01
   8.948552e+00    3.347869e-02    3.347865e-02   -1.250622e-20    8.923925e-03   -1.018381e+00    1.034560e-03   -2.871669e-01
   9.114081e+00    3.347828e-02    3.347827e-02   -1.251048e-20    8.920206e-03   -9.919991e-01    1.031838e-03   -2.871658e-01
   9.282673e+00    3.347446e-02    3.347446e-02   -1.255298e-20    8.915046e-03   -9.661214e-01    1.004038e-03   -2.871561e-01
   9.454382e+00    3.346794e-02    3.346797e-02   -1.262596e-20    8.908979e-03   -9.407341e-01    9.563167e-04   -2.871394e-01
   9.629268e+00    3.345948e-02    3.345953e-02   -1.272085e-20    8.902537e-03   -9.158229e-01    8.943854e-04   -2.871177e-01
   9.807389e+00    3.344989e-02    3.344996e-02   -1.282885e-20    8.896187e-03   -8.913737e-01    8.240755e-04   -2.870932e-01
   9.988805e+00    3.343992e-02    3.344000e-02   -1.294147e-20    8.890322e-03   -8.673727e-01    7.509534e-04   -2.870676e-01
   1.017358e+01    3.343024e-02    3.343034e-02   -1.305110e-20    8.885242e-03   -8.438067e-01    6.799814e-04   -2.870429e-01
   1.036177e+01    3.342142e-02    3.342155e-02   -1.315135e-20    8.881155e-03   -8.206637e-01    6.152529e-04   -2.870203e-01
   1.055344e+01    3.341386e-02    3.341400e-02   -1.323746e-20    8.878158e-03   -7.979330e-01    5.597971e-04   -2.870009e-01
   1.074865e+01    3.340782e-02    3.340797e-02   -1.330638e-20    8.876259e-03   -7.756050e-01    5.154934e-04   -2.869854e-01
   1.094748e+01    3.340340e-02    3.340358e-02   -1.335691e-20    8.875377e-03   -7.536714e-01    4.830658e-04   -2.869741e-01
   1.114999e+01    3.340055e-02    3.340072e-02   -1.338950e-20    8.875362e-03   -7.321253e-01    4.621732e-04   -2.869668e-01
   1.135624e+01    3.339910e-02    3.339926e-02   -1.340605e-20    8.876016e-03   -7.109605e-01    4.515753e-04   -2.869631e-01
   1.156630e+01    3.339879e-02    3.339897e-02   -1.340952e-20    8.877115e-03   -6.901719e-01    4.493615e-04   -2.869623e-01
   1.178026e+01    3.339932e-02    3.339949e-02   -1.340351e-20    8.878435e-03   -6.697549e-01    4.532147e-04   -2.869636e-01
   1.199817e+01    3.340033e-02    3.340051e-02   -1.339186e-20    8.879771e-03   -6.497050e-01    4.606836e-04   -2.869662e-01
   1.222011e+01    3.340153e-02    3.340170e-02   -1.337821e-20    8.880957e-03   -6.300178e-01    4.694377e-04   -2.869693e-01
   1.244615e+01    3.340262e-02    3.340280e-02   -1.336566e-20    8.881871e-03   -6.106888e-01    4.774800e-04   -2.869721e-01
   1.267638e+01    3.340342e-02    3.340361e-02   -1.335657e-20    8.882447e-03   -5.917128e-01    4.832993e-04   -2.869741e-01
   1.291087e+01    3.340379e-02    3.340398e-02   -1.335242e-20    8.882669e-03   -5.730846e-01    4.859498e-04   -2.869751e-01
   1.314969e+01    3.340367e-02    3.340386e-02   -1.335378e-20    8.882565e-03   -5.547982e-01    4.850615e-04   -2.869748e-01
   1.339293e+01    3.340310e-02    3.340327e-02   -1.336043e-20    8.882197e-03   -5.368473e-01    4.807817e-04   -2.869733e-01
   1.364067e+01    3.340214e-02    3.340255e-02   -1.337149e-20    8.881647e-03   -5.192253e-01    4.736651e-04   -2.869709e-01
   1.389299e+01    3.340091e-02    3.340104e-02   -1.338570e-20    8.881002e-03   -5.019255e-01    4.645320e-04   -2.869677e-01
   1.414999e+01    3.339953e-02    3.339966e-02   -1.340161e-20    8.880345e-03   -4.849412e-01    4.543146e-04   -2.869642e-01
   1.441173e+01    3.339812e-02    3.339825e-02   -1.341781e-20    8.879742e-03   -4.682657e-01    4.439110e-04   -2.869606e-01
   1.467832e+01    3.339679e-02    3.339692e-02   -1.343314e-20    8.879240e-03   -4.518928e-01    4.340707e-04   -2.869571e-01
   1.494983e+01    3.339561e-02    3.339573e-02   -1.344679e-20    8.878856e-03   -4.358162e-01    4.253127e-04   -2.869541e-01
   1.522637e+01    3.339461e-02    3.339474e-02   -1.345834e-20    8.878592e-03   -4.200305e-01    4.179077e-04   -2.869516e-01
   1.550803e+01    3.339380e-02    3.339389e-02   -1.346773e-20    8.878430e-03   -4.045302e-01    4.118804e-04   -2.869495e-01
   1.579490e+01    3.339315e-02    3.339325e-02   -1.347525e-20    8.878342e-03   -3.893103e-01    4.070576e-04   -2.869478e-01
   1.608707e+01    3.339262e-02    3.339272e-02   -1.348135e-20    8.878294e-03   -3.743661e-01    4.031376e-04   -2.869465e-01
   1.638464e+01    3.339217e-02    3.339225e-02   -1.348661e-20    8.878257e-03   -3.596927e-01    3.997681e-04   -2.869453e-01
   1.668773e+01    3.339175e-02    3.339184e-02   -1.349152e-20    8.878206e-03   -3.452857e-01    3.966177e-04   -2.869442e-01
   1.699641e+01    3.339132e-02    3.339140e-02   -1.349649e-20    8.878127e-03   -3.311405e-01    3.934291e-04   -2.869431e-01
   1.731081e+01    3.339086e-02    3.339094e-02   -1.350177e-20    8.878017e-03   -3.172524e-01    3.900477e-04   -2.869419e-01
   1.763102e+01    3.339037e-02    3.339045e-02   -1.350742e-20    8.877879e-03   -3.036169e-01    3.864255e-04   -2.869407e-01
   1.795716e+01    3.338986e-02    3.338993e-02   -1.351339e-20    8.877722e-03   -2.902293e-01    3.826030e-04   -2.869394e-01
   1.828933e+01    3.338932e-02    3.338940e-02   -1.351953e-20    8.877559e-03   -2.770850e-01    3.786779e-04   -2.869380e-01
   1.862764e+01    3.338880e-02    3.338885e-02   -1.352564e-20    8.877400e-03   -2.641794e-01    3.747686e-04   -2.869366e-01
   1.897222e+01    3.338828e-02    3.338835e-02   -1.353156e-20    8.877252e-03   -2.515082e-01    3.709822e-04   -2.869353e-01
   1.932316e+01    3.338779e-02    3.338786e-02   -1.353717e-20    8.877119e-03   -2.390670e-01    3.673926e-04   -2.869341e-01
   1.968060e+01    3.338734e-02    3.338746e-02   -1.354243e-20    8.877001e-03   -2.268517e-01    3.640309e-04   -2.869329e-01
   2.004465e+01    3.338691e-02    3.338698e-02   -1.354735e-20    8.876895e-03   -2.148580e-01    3.608886e-04   -2.869318e-01
   2.041543e+01    3.338651e-02    3.338658e-02   -1.355198e-20    8.876797e-03   -2.030820e-01    3.579293e-04   -2.869308e-01
   2.079307e+01    3.338613e-02    3.338619e-02   -1.355640e-20    8.876703e-03   -1.915198e-01    3.551042e-04   -2.869298e-01
   2.117770e+01    3.338576e-02    3.338582e-02   -1.356069e-20    8.876610e-03   -1.801675e-01    3.523661e-04   -2.869288e-01
   2.156944e+01    3.338539e-02    3.338545e-02   -1.356489e-20    8.876517e-03   -1.690215e-01    3.496809e-04   -2.869279e-01
   2.196843e+01    3.338503e-02    3.338509e-02   -1.356904e-20    8.876422e-03   -1.580778e-01    3.470316e-04   -2.869270e-01
   2.237480e+01    3.338468e-02    3.338474e-02   -1.357313e-20    8.876327e-03   -1.473330e-01    3.444187e-04   -2.869261e-01
   2.278869e+01    3.338433e-02    3.338439e-02   -1.357714e-20    8.876233e-03   -1.367833e-01    3.418543e-04   -2.869252e-01
   2.321023e+01    3.338399e-02    3.338405e-02   -1.358106e-20    8.876143e-03   -1.264252e-01    3.393539e-04   -2.869243e-01
   2.363957e+01    3.338366e-02    3.338372e-02   -1.358486e-20    8.876054e-03   -1.162551e-01    3.369251e-04   -2.869235e-01
   2.407685e+01    3.338334e-02    3.338340e-02   -1.358854e-20    8.875975e-03   -1.062698e-01    3.345808e-04   -2.869227e-01
   2.452222e+01    3.338303e-02    3.338309e-02   -1.359214e-20    8.875901e-03   -9.646576e-02    3.322807e-04   -2.869219e-01
   2.497583e+01    3.338271e-02    3.338277e-02   -1.359580e-20    8.875832e-03   -8.683990e-02    3.299412e-04   -2.869210e-01
   2.543783e+01    3.338237e-02    3.338243e-02   -1.359976e-20    8.875763e-03   -7.738909e-02    3.274181e-04   -2.869202e-01
   2.590838e+01    3.338197e-02    3.338203e-02   -1.360436e-20    8.875690e-03   -6.811037e-02    3.244850e-04   -2.869191e-01
   2.638763e+01    3.338147e-02    3.338154e-02   -1.361014e-20    8.875608e-03   -5.900099e-02    3.207946e-04   -2.869179e-01
   2.687574e+01    3.338079e-02    3.338085e-02   -1.361802e-20    8.875522e-03   -5.005845e-02    3.157715e-04   -2.869161e-01
   2.737289e+01    3.337977e-02    3.337983e-02   -1.362974e-20    8.875444e-03   -4.128086e-02    3.083031e-04   -2.869135e-01
   2.787923e+01    3.337811e-02    3.337817e-02   -1.364891e-20    8.875376e-03   -3.266757e-02    2.960832e-04   -2.869092e-01
   2.839493e+01    3.337516e-02    3.337522e-02   -1.368288e-20    8.875317e-03   -2.422036e-02    2.744515e-04   -2.869017e-01
   2.892018e+01    3.336967e-02    3.336973e-02   -1.374641e-20    8.875279e-03   -1.594573e-02    2.340430e-04   -2.868876e-01
   2.945514e+01    3.335902e-02    3.335909e-02   -1.386978e-20    8.875292e-03   -7.859999e-03    1.557478e-04   -2.868603e-01
   3.000000e+01    3.333786e-02    3.333792e-02   -1.411627e-20    8.841941e-03    0.000000e+00    0.000000e+00   -2.868060e-01
