# All units in [AU] if not specified
{"name":"Al", "Z":13, "Zstar":5.264251708984375, "A":28,  "μ[AU]": -3.743e+00, "T[AU]": 1.838e+00, "rs[AU]": 3.000e+00 }
	 r[AU]  	 n[AU]  	 nf[AU]  	 nb[AU]     n_ion[AU]    (φ_e+φ_ions)[AU]   φtotal[AU]     δVxc/δρ[Au]  
    1.00000e-03     1.41513e+05     4.31177e+00     1.41334e+05     0.00000e+00    -5.03031e+01     1.29493e+04    -3.86736e+01
    1.02617e-03     1.36119e+05     4.25630e+00     1.35947e+05     0.00000e+00    -5.02928e+01     1.26177e+04    -3.81779e+01
    1.05303e-03     1.30930e+05     4.20154e+00     1.30764e+05     0.00000e+00    -5.02815e+01     1.22946e+04    -3.76885e+01
    1.08059e-03     1.25939e+05     4.14748e+00     1.25779e+05     0.00000e+00    -5.02693e+01     1.19797e+04    -3.72054e+01
    1.10888e-03     1.21137e+05     4.09411e+00     1.20984e+05     0.00000e+00    -5.02562e+01     1.16729e+04    -3.67284e+01
    1.13790e-03     1.16519e+05     4.04143e+00     1.16371e+05     0.00000e+00    -5.02423e+01     1.13739e+04    -3.62575e+01
    1.16768e-03     1.12075e+05     3.98941e+00     1.11933e+05     0.00000e+00    -5.02274e+01     1.10825e+04    -3.57926e+01
    1.19825e-03     1.07801e+05     3.93807e+00     1.07664e+05     0.00000e+00    -5.02116e+01     1.07985e+04    -3.53337e+01
    1.22961e-03     1.03690e+05     3.88737e+00     1.03558e+05     0.00000e+00    -5.01950e+01     1.05218e+04    -3.48806e+01
    1.26179e-03     9.97345e+04     3.83733e+00     9.96076e+04     0.00000e+00    -5.01774e+01     1.02522e+04    -3.44333e+01
    1.29482e-03     9.59298e+04     3.78793e+00     9.58077e+04     0.00000e+00    -5.01590e+01     9.98943e+03    -3.39917e+01
    1.32871e-03     9.22699e+04     3.73915e+00     9.21523e+04     0.00000e+00    -5.01398e+01     9.73337e+03    -3.35558e+01
    1.36348e-03     8.87492e+04     3.69101e+00     8.86360e+04     0.00000e+00    -5.01197e+01     9.48384e+03    -3.31254e+01
    1.39917e-03     8.53624e+04     3.64347e+00     8.52534e+04     0.00000e+00    -5.00987e+01     9.24068e+03    -3.27005e+01
    1.43579e-03     8.21045e+04     3.59654e+00     8.19996e+04     0.00000e+00    -5.00769e+01     9.00372e+03    -3.22810e+01
    1.47337e-03     7.89706e+04     3.55022e+00     7.88696e+04     0.00000e+00    -5.00542e+01     8.77280e+03    -3.18669e+01
    1.51194e-03     7.59559e+04     3.50448e+00     7.58587e+04     0.00000e+00    -5.00307e+01     8.54778e+03    -3.14580e+01
    1.55151e-03     7.30559e+04     3.45933e+00     7.29623e+04     0.00000e+00    -5.00064e+01     8.32850e+03    -3.10544e+01
    1.59212e-03     7.02663e+04     3.41475e+00     7.01762e+04     0.00000e+00    -4.99812e+01     8.11481e+03    -3.06559e+01
    1.63379e-03     6.75828e+04     3.37075e+00     6.74961e+04     0.00000e+00    -4.99552e+01     7.90657e+03    -3.02625e+01
    1.67655e-03     6.50015e+04     3.32730e+00     6.49179e+04     0.00000e+00    -4.99283e+01     7.70365e+03    -2.98741e+01
    1.72043e-03     6.25184e+04     3.28441e+00     6.24380e+04     0.00000e+00    -4.99007e+01     7.50590e+03    -2.94907e+01
    1.76546e-03     6.01298e+04     3.24207e+00     6.00524e+04     0.00000e+00    -4.98722e+01     7.31320e+03    -2.91121e+01
    1.81167e-03     5.78321e+04     3.20027e+00     5.77576e+04     0.00000e+00    -4.98429e+01     7.12541e+03    -2.87384e+01
    1.85909e-03     5.56219e+04     3.15900e+00     5.55501e+04     0.00000e+00    -4.98127e+01     6.94242e+03    -2.83694e+01
    1.90775e-03     5.34958e+04     3.11826e+00     5.34267e+04     0.00000e+00    -4.97817e+01     6.76410e+03    -2.80051e+01
    1.95768e-03     5.14507e+04     3.07804e+00     5.13841e+04     0.00000e+00    -4.97499e+01     6.59032e+03    -2.76455e+01
    2.00892e-03     4.94834e+04     3.03833e+00     4.94193e+04     0.00000e+00    -4.97173e+01     6.42098e+03    -2.72904e+01
    2.06150e-03     4.75910e+04     2.99912e+00     4.75293e+04     0.00000e+00    -4.96839e+01     6.25596e+03    -2.69399e+01
    2.11546e-03     4.57706e+04     2.96042e+00     4.57112e+04     0.00000e+00    -4.96496e+01     6.09515e+03    -2.65938e+01
    2.17083e-03     4.40196e+04     2.92221e+00     4.39624e+04     0.00000e+00    -4.96146e+01     5.93845e+03    -2.62521e+01
    2.22765e-03     4.23353e+04     2.88449e+00     4.22802e+04     0.00000e+00    -4.95786e+01     5.78574e+03    -2.59147e+01
    2.28595e-03     4.07151e+04     2.84724e+00     4.06620e+04     0.00000e+00    -4.95419e+01     5.63693e+03    -2.55817e+01
    2.34579e-03     3.91566e+04     2.81048e+00     3.91055e+04     0.00000e+00    -4.95044e+01     5.49192e+03    -2.52529e+01
    2.40718e-03     3.76574e+04     2.77418e+00     3.76082e+04     0.00000e+00    -4.94660e+01     5.35060e+03    -2.49283e+01
    2.47019e-03     3.62154e+04     2.73834e+00     3.61680e+04     0.00000e+00    -4.94268e+01     5.21290e+03    -2.46077e+01
    2.53484e-03     3.48283e+04     2.70296e+00     3.47827e+04     0.00000e+00    -4.93867e+01     5.07871e+03    -2.42913e+01
    2.60119e-03     3.34940e+04     2.66803e+00     3.34501e+04     0.00000e+00    -4.93459e+01     4.94794e+03    -2.39789e+01
    2.66927e-03     3.22106e+04     2.63354e+00     3.21683e+04     0.00000e+00    -4.93042e+01     4.82051e+03    -2.36704e+01
    2.73913e-03     3.09761e+04     2.59950e+00     3.09353e+04     0.00000e+00    -4.92616e+01     4.69633e+03    -2.33659e+01
    2.81083e-03     2.97886e+04     2.56588e+00     2.97493e+04     0.00000e+00    -4.92182e+01     4.57532e+03    -2.30653e+01
    2.88440e-03     2.86464e+04     2.53270e+00     2.86085e+04     0.00000e+00    -4.91740e+01     4.45740e+03    -2.27684e+01
    2.95989e-03     2.75476e+04     2.49993e+00     2.75112e+04     0.00000e+00    -4.91289e+01     4.34249e+03    -2.24753e+01
    3.03736e-03     2.64908e+04     2.46759e+00     2.64557e+04     0.00000e+00    -4.90830e+01     4.23051e+03    -2.21860e+01
    3.11686e-03     2.54743e+04     2.43565e+00     2.54404e+04     0.00000e+00    -4.90363e+01     4.12139e+03    -2.19003e+01
    3.19844e-03     2.44965e+04     2.40412e+00     2.44639e+04     0.00000e+00    -4.89886e+01     4.01506e+03    -2.16182e+01
    3.28216e-03     2.35560e+04     2.37299e+00     2.35246e+04     0.00000e+00    -4.89401e+01     3.91144e+03    -2.13397e+01
    3.36806e-03     2.26513e+04     2.34226e+00     2.26210e+04     0.00000e+00    -4.88908e+01     3.81046e+03    -2.10647e+01
    3.45622e-03     2.17811e+04     2.31192e+00     2.17520e+04     0.00000e+00    -4.88406e+01     3.71206e+03    -2.07932e+01
    3.54668e-03     2.09442e+04     2.28196e+00     2.09161e+04     0.00000e+00    -4.87895e+01     3.61618e+03    -2.05252e+01
    3.63951e-03     2.01391e+04     2.25238e+00     2.01120e+04     0.00000e+00    -4.87375e+01     3.52274e+03    -2.02605e+01
    3.73477e-03     1.93648e+04     2.22318e+00     1.93387e+04     0.00000e+00    -4.86846e+01     3.43169e+03    -1.99992e+01
    3.83252e-03     1.86200e+04     2.19435e+00     1.85948e+04     0.00000e+00    -4.86309e+01     3.34296e+03    -1.97412e+01
    3.93283e-03     1.79036e+04     2.16589e+00     1.78794e+04     0.00000e+00    -4.85763e+01     3.25650e+03    -1.94865e+01
    4.03577e-03     1.72145e+04     2.13778e+00     1.71912e+04     0.00000e+00    -4.85207e+01     3.17224e+03    -1.92350e+01
    4.14140e-03     1.65518e+04     2.11003e+00     1.65293e+04     0.00000e+00    -4.84643e+01     3.09014e+03    -1.89866e+01
    4.24979e-03     1.59143e+04     2.08264e+00     1.58926e+04     0.00000e+00    -4.84069e+01     3.01013e+03    -1.87414e+01
    4.36103e-03     1.53012e+04     2.05559e+00     1.52803e+04     0.00000e+00    -4.83486e+01     2.93217e+03    -1.84993e+01
    4.47517e-03     1.47115e+04     2.02888e+00     1.46913e+04     0.00000e+00    -4.82894e+01     2.85619e+03    -1.82603e+01
    4.59230e-03     1.41443e+04     2.00252e+00     1.41249e+04     0.00000e+00    -4.82293e+01     2.78216e+03    -1.80243e+01
    4.71250e-03     1.35987e+04     1.97648e+00     1.35800e+04     0.00000e+00    -4.81683e+01     2.71002e+03    -1.77912e+01
    4.83584e-03     1.30740e+04     1.95078e+00     1.30560e+04     0.00000e+00    -4.81062e+01     2.63972e+03    -1.75611e+01
    4.96241e-03     1.25694e+04     1.92540e+00     1.25520e+04     0.00000e+00    -4.80433e+01     2.57122e+03    -1.73339e+01
    5.09230e-03     1.20840e+04     1.90034e+00     1.20672e+04     0.00000e+00    -4.79794e+01     2.50446e+03    -1.71096e+01
    5.22558e-03     1.16172e+04     1.87560e+00     1.16010e+04     0.00000e+00    -4.79145e+01     2.43941e+03    -1.68881e+01
    5.36236e-03     1.11682e+04     1.85117e+00     1.11526e+04     0.00000e+00    -4.78487e+01     2.37603e+03    -1.66693e+01
    5.50271e-03     1.07364e+04     1.82706e+00     1.07213e+04     0.00000e+00    -4.77818e+01     2.31426e+03    -1.64534e+01
    5.64673e-03     1.03211e+04     1.80324e+00     1.03066e+04     0.00000e+00    -4.77140e+01     2.25407e+03    -1.62401e+01
    5.79453e-03     9.92162e+03     1.77973e+00     9.90763e+03     0.00000e+00    -4.76452e+01     2.19542e+03    -1.60295e+01
    5.94619e-03     9.53746e+03     1.75651e+00     9.52398e+03     0.00000e+00    -4.75754e+01     2.13826e+03    -1.58216e+01
    6.10183e-03     9.16800e+03     1.73359e+00     9.15500e+03     0.00000e+00    -4.75046e+01     2.08257e+03    -1.56163e+01
    6.26153e-03     8.81268e+03     1.71095e+00     8.80013e+03     0.00000e+00    -4.74327e+01     2.02830e+03    -1.54136e+01
    6.42542e-03     8.47095e+03     1.68861e+00     8.45885e+03     0.00000e+00    -4.73598e+01     1.97542e+03    -1.52134e+01
    6.59360e-03     8.14231e+03     1.66654e+00     8.13063e+03     0.00000e+00    -4.72859e+01     1.92389e+03    -1.50157e+01
    6.76618e-03     7.82625e+03     1.64475e+00     7.81498e+03     0.00000e+00    -4.72110e+01     1.87368e+03    -1.48205e+01
    6.94327e-03     7.52229e+03     1.62324e+00     7.51142e+03     0.00000e+00    -4.71349e+01     1.82475e+03    -1.46278e+01
    7.12500e-03     7.22997e+03     1.60200e+00     7.21948e+03     0.00000e+00    -4.70579e+01     1.77707e+03    -1.44375e+01
    7.31149e-03     6.94885e+03     1.58102e+00     6.93873e+03     0.00000e+00    -4.69797e+01     1.73061e+03    -1.42495e+01
    7.50286e-03     6.67851e+03     1.56031e+00     6.66874e+03     0.00000e+00    -4.69005e+01     1.68534e+03    -1.40639e+01
    7.69923e-03     6.41852e+03     1.53986e+00     6.40910e+03     0.00000e+00    -4.68202e+01     1.64123e+03    -1.38806e+01
    7.90075e-03     6.16851e+03     1.51967e+00     6.15941e+03     0.00000e+00    -4.67387e+01     1.59824e+03    -1.36997e+01
    8.10754e-03     5.92808e+03     1.49973e+00     5.91930e+03     0.00000e+00    -4.66562e+01     1.55636e+03    -1.35210e+01
    8.31975e-03     5.69688e+03     1.48004e+00     5.68840e+03     0.00000e+00    -4.65725e+01     1.51554e+03    -1.33445e+01
    8.53751e-03     5.47454e+03     1.46060e+00     5.46636e+03     0.00000e+00    -4.64877e+01     1.47577e+03    -1.31702e+01
    8.76096e-03     5.26074e+03     1.44140e+00     5.25284e+03     0.00000e+00    -4.64018e+01     1.43702e+03    -1.29981e+01
    8.99027e-03     5.05515e+03     1.42244e+00     5.04753e+03     0.00000e+00    -4.63147e+01     1.39926e+03    -1.28281e+01
    9.22558e-03     4.85746e+03     1.40372e+00     4.85009e+03     0.00000e+00    -4.62265e+01     1.36247e+03    -1.26603e+01
    9.46704e-03     4.66736e+03     1.38524e+00     4.66025e+03     0.00000e+00    -4.61371e+01     1.32661e+03    -1.24946e+01
    9.71483e-03     4.48456e+03     1.36699e+00     4.47769e+03     0.00000e+00    -4.60465e+01     1.29168e+03    -1.23309e+01
    9.96910e-03     4.30879e+03     1.34896e+00     4.30216e+03     0.00000e+00    -4.59547e+01     1.25764e+03    -1.21692e+01
    1.02300e-02     4.13979e+03     1.33117e+00     4.13338e+03     0.00000e+00    -4.58617e+01     1.22447e+03    -1.20096e+01
    1.04978e-02     3.97728e+03     1.31359e+00     3.97109e+03     0.00000e+00    -4.57674e+01     1.19216e+03    -1.18520e+01
    1.07726e-02     3.82102e+03     1.29624e+00     3.81504e+03     0.00000e+00    -4.56720e+01     1.16067e+03    -1.16963e+01
    1.10545e-02     3.67078e+03     1.27910e+00     3.66500e+03     0.00000e+00    -4.55753e+01     1.12998e+03    -1.15425e+01
    1.13438e-02     3.52633e+03     1.26218e+00     3.52075e+03     0.00000e+00    -4.54774e+01     1.10008e+03    -1.13907e+01
    1.16408e-02     3.38744e+03     1.24546e+00     3.38204e+03     0.00000e+00    -4.53782e+01     1.07095e+03    -1.12407e+01
    1.19454e-02     3.25390e+03     1.22896e+00     3.24869e+03     0.00000e+00    -4.52778e+01     1.04257e+03    -1.10926e+01
    1.22581e-02     3.12552e+03     1.21266e+00     3.12048e+03     0.00000e+00    -4.51760e+01     1.01491e+03    -1.09463e+01
    1.25789e-02     3.00208e+03     1.19657e+00     2.99721e+03     0.00000e+00    -4.50730e+01     9.87968e+02    -1.08018e+01
    1.29082e-02     2.88341e+03     1.18068e+00     2.87870e+03     0.00000e+00    -4.49686e+01     9.61712e+02    -1.06591e+01
    1.32460e-02     2.76932e+03     1.16498e+00     2.76476e+03     0.00000e+00    -4.48630e+01     9.36130e+02    -1.05182e+01
    1.35927e-02     2.65963e+03     1.14948e+00     2.65523e+03     0.00000e+00    -4.47560e+01     9.11205e+02    -1.03790e+01
    1.39485e-02     2.55418e+03     1.13417e+00     2.54993e+03     0.00000e+00    -4.46477e+01     8.86919e+02    -1.02416e+01
    1.43136e-02     2.45281e+03     1.11906e+00     2.44870e+03     0.00000e+00    -4.45380e+01     8.63257e+02    -1.01058e+01
    1.46882e-02     2.35537e+03     1.10413e+00     2.35138e+03     0.00000e+00    -4.44270e+01     8.40203e+02    -9.97172e+00
    1.50727e-02     2.26169e+03     1.08939e+00     2.25783e+03     0.00000e+00    -4.43146e+01     8.17741e+02    -9.83928e+00
    1.54672e-02     2.17164e+03     1.07483e+00     2.16791e+03     0.00000e+00    -4.42008e+01     7.95856e+02    -9.70846e+00
    1.58720e-02     2.08507e+03     1.06045e+00     2.08147e+03     0.00000e+00    -4.40856e+01     7.74534e+02    -9.57925e+00
    1.62874e-02     2.00186e+03     1.04625e+00     1.99837e+03     0.00000e+00    -4.39689e+01     7.53760e+02    -9.45163e+00
    1.67137e-02     1.92188e+03     1.03222e+00     1.91851e+03     0.00000e+00    -4.38509e+01     7.33520e+02    -9.32557e+00
    1.71512e-02     1.84501e+03     1.01837e+00     1.84174e+03     0.00000e+00    -4.37314e+01     7.13800e+02    -9.20106e+00
    1.76001e-02     1.77111e+03     1.00469e+00     1.76795e+03     0.00000e+00    -4.36105e+01     6.94589e+02    -9.07808e+00
    1.80608e-02     1.70009e+03     9.91183e-01     1.69703e+03     0.00000e+00    -4.34881e+01     6.75871e+02    -8.95660e+00
    1.85335e-02     1.63183e+03     9.77841e-01     1.62886e+03     0.00000e+00    -4.33643e+01     6.57636e+02    -8.83660e+00
    1.90186e-02     1.56623e+03     9.64664e-01     1.56335e+03     0.00000e+00    -4.32390e+01     6.39871e+02    -8.71807e+00
    1.95163e-02     1.50317e+03     9.51650e-01     1.50039e+03     0.00000e+00    -4.31122e+01     6.22563e+02    -8.60099e+00
    2.00272e-02     1.44258e+03     9.38796e-01     1.43988e+03     0.00000e+00    -4.29838e+01     6.05702e+02    -8.48534e+00
    2.05513e-02     1.38434e+03     9.26102e-01     1.38173e+03     0.00000e+00    -4.28540e+01     5.89275e+02    -8.37110e+00
    2.10892e-02     1.32838e+03     9.13564e-01     1.32585e+03     0.00000e+00    -4.27226e+01     5.73272e+02    -8.25824e+00
    2.16412e-02     1.27460e+03     9.01180e-01     1.27215e+03     0.00000e+00    -4.25897e+01     5.57682e+02    -8.14676e+00
    2.22077e-02     1.22293e+03     8.88950e-01     1.22055e+03     0.00000e+00    -4.24552e+01     5.42495e+02    -8.03664e+00
    2.27889e-02     1.17327e+03     8.76870e-01     1.17097e+03     0.00000e+00    -4.23192e+01     5.27700e+02    -7.92785e+00
    2.33854e-02     1.12556e+03     8.64939e-01     1.12332e+03     0.00000e+00    -4.21816e+01     5.13288e+02    -7.82038e+00
    2.39975e-02     1.07971e+03     8.53154e-01     1.07755e+03     0.00000e+00    -4.20424e+01     4.99248e+02    -7.71422e+00
    2.46256e-02     1.03566e+03     8.41515e-01     1.03356e+03     0.00000e+00    -4.19016e+01     4.85572e+02    -7.60934e+00
    2.52701e-02     9.93342e+02     8.30019e-01     9.91307e+02     0.00000e+00    -4.17592e+01     4.72250e+02    -7.50573e+00
    2.59315e-02     9.52683e+02     8.18664e-01     9.50709e+02     0.00000e+00    -4.16152e+01     4.59272e+02    -7.40337e+00
    2.66102e-02     9.13621e+02     8.07449e-01     9.11707e+02     0.00000e+00    -4.14695e+01     4.46631e+02    -7.30224e+00
    2.73067e-02     8.76096e+02     7.96371e-01     8.74239e+02     0.00000e+00    -4.13222e+01     4.34318e+02    -7.20234e+00
    2.80214e-02     8.40048e+02     7.85429e-01     8.38246e+02     0.00000e+00    -4.11733e+01     4.22324e+02    -7.10364e+00
    2.87549e-02     8.05421e+02     7.74622e-01     8.03673e+02     0.00000e+00    -4.10227e+01     4.10642e+02    -7.00613e+00
    2.95075e-02     7.72160e+02     7.63947e-01     7.70463e+02     0.00000e+00    -4.08704e+01     3.99263e+02    -6.90980e+00
    3.02798e-02     7.40213e+02     7.53403e-01     7.38565e+02     0.00000e+00    -4.07164e+01     3.88179e+02    -6.81462e+00
    3.10723e-02     7.09528e+02     7.42988e-01     7.07929e+02     0.00000e+00    -4.05608e+01     3.77385e+02    -6.72058e+00
    3.18856e-02     6.80058e+02     7.32700e-01     6.78505e+02     0.00000e+00    -4.04034e+01     3.66871e+02    -6.62767e+00
    3.27202e-02     6.51755e+02     7.22539e-01     6.50247e+02     0.00000e+00    -4.02444e+01     3.56631e+02    -6.53587e+00
    3.35766e-02     6.24575e+02     7.12502e-01     6.23110e+02     0.00000e+00    -4.00836e+01     3.46658e+02    -6.44518e+00
    3.44554e-02     5.98475e+02     7.02587e-01     5.97051e+02     0.00000e+00    -3.99210e+01     3.36945e+02    -6.35556e+00
    3.53572e-02     5.73412e+02     6.92794e-01     5.72029e+02     0.00000e+00    -3.97568e+01     3.27486e+02    -6.26702e+00
    3.62826e-02     5.49346e+02     6.83120e-01     5.48003e+02     0.00000e+00    -3.95908e+01     3.18274e+02    -6.17954e+00
    3.72323e-02     5.26241e+02     6.73565e-01     5.24935e+02     0.00000e+00    -3.94230e+01     3.09303e+02    -6.09310e+00
    3.82068e-02     5.04057e+02     6.64126e-01     5.02787e+02     0.00000e+00    -3.92535e+01     3.00567e+02    -6.00768e+00
    3.92068e-02     4.82760e+02     6.54803e-01     4.81526e+02     0.00000e+00    -3.90822e+01     2.92060e+02    -5.92329e+00
    4.02330e-02     4.62315e+02     6.45593e-01     4.61115e+02     0.00000e+00    -3.89092e+01     2.83775e+02    -5.83989e+00
    4.12860e-02     4.42689e+02     6.36496e-01     4.41522e+02     0.00000e+00    -3.87343e+01     2.75709e+02    -5.75749e+00
    4.23666e-02     4.23851e+02     6.27510e-01     4.22717e+02     0.00000e+00    -3.85577e+01     2.67854e+02    -5.67607e+00
    4.34755e-02     4.05770e+02     6.18633e-01     4.04667e+02     0.00000e+00    -3.83793e+01     2.60206e+02    -5.59561e+00
    4.46134e-02     3.88418e+02     6.09865e-01     3.87344e+02     0.00000e+00    -3.81991e+01     2.52760e+02    -5.51610e+00
    4.57811e-02     3.71764e+02     6.01203e-01     3.70719e+02     0.00000e+00    -3.80170e+01     2.45509e+02    -5.43753e+00
    4.69794e-02     3.55783e+02     5.92647e-01     3.54767e+02     0.00000e+00    -3.78332e+01     2.38451e+02    -5.35990e+00
    4.82090e-02     3.40449e+02     5.84196e-01     3.39459e+02     0.00000e+00    -3.76475e+01     2.31578e+02    -5.28318e+00
    4.94708e-02     3.25736e+02     5.75848e-01     3.24772e+02     0.00000e+00    -3.74601e+01     2.24888e+02    -5.20736e+00
    5.07657e-02     3.11620e+02     5.67601e-01     3.10682e+02     0.00000e+00    -3.72708e+01     2.18375e+02    -5.13244e+00
    5.20944e-02     2.98078e+02     5.59455e-01     2.97164e+02     0.00000e+00    -3.70797e+01     2.12034e+02    -5.05840e+00
    5.34579e-02     2.85087e+02     5.51409e-01     2.84198e+02     0.00000e+00    -3.68868e+01     2.05862e+02    -4.98523e+00
    5.48571e-02     2.72626e+02     5.43460e-01     2.71760e+02     0.00000e+00    -3.66920e+01     1.99854e+02    -4.91292e+00
    5.62929e-02     2.60675e+02     5.35609e-01     2.59831e+02     0.00000e+00    -3.64954e+01     1.94006e+02    -4.84146e+00
    5.77663e-02     2.49214e+02     5.27853e-01     2.48391e+02     0.00000e+00    -3.62970e+01     1.88314e+02    -4.77084e+00
    5.92782e-02     2.38222e+02     5.20192e-01     2.37421e+02     0.00000e+00    -3.60968e+01     1.82775e+02    -4.70105e+00
    6.08297e-02     2.27683e+02     5.12625e-01     2.26902e+02     0.00000e+00    -3.58948e+01     1.77383e+02    -4.63208e+00
    6.24219e-02     2.17578e+02     5.05150e-01     2.16817e+02     0.00000e+00    -3.56909e+01     1.72136e+02    -4.56391e+00
    6.40557e-02     2.07891e+02     4.97767e-01     2.07149e+02     0.00000e+00    -3.54852e+01     1.67030e+02    -4.49654e+00
    6.57323e-02     1.98604e+02     4.90474e-01     1.97880e+02     0.00000e+00    -3.52777e+01     1.62061e+02    -4.42996e+00
    6.74527e-02     1.89702e+02     4.83270e-01     1.88997e+02     0.00000e+00    -3.50684e+01     1.57226e+02    -4.36415e+00
    6.92182e-02     1.81171e+02     4.76154e-01     1.80483e+02     0.00000e+00    -3.48572e+01     1.52521e+02    -4.29911e+00
    7.10299e-02     1.72995e+02     4.69126e-01     1.72324e+02     0.00000e+00    -3.46443e+01     1.47944e+02    -4.23483e+00
    7.28890e-02     1.65161e+02     4.62184e-01     1.64506e+02     0.00000e+00    -3.44296e+01     1.43490e+02    -4.17131e+00
    7.47968e-02     1.57654e+02     4.55327e-01     1.57015e+02     0.00000e+00    -3.42131e+01     1.39158e+02    -4.10852e+00
    7.67545e-02     1.50463e+02     4.48555e-01     1.49840e+02     0.00000e+00    -3.39948e+01     1.34943e+02    -4.04646e+00
    7.87634e-02     1.43574e+02     4.41866e-01     1.42966e+02     0.00000e+00    -3.37747e+01     1.30843e+02    -3.98512e+00
    8.08249e-02     1.36976e+02     4.35259e-01     1.36382e+02     0.00000e+00    -3.35529e+01     1.26855e+02    -3.92450e+00
    8.29404e-02     1.30657e+02     4.28734e-01     1.30078e+02     0.00000e+00    -3.33293e+01     1.22976e+02    -3.86458e+00
    8.51113e-02     1.24607e+02     4.22289e-01     1.24041e+02     0.00000e+00    -3.31040e+01     1.19204e+02    -3.80536e+00
    8.73389e-02     1.18813e+02     4.15925e-01     1.18260e+02     0.00000e+00    -3.28770e+01     1.15535e+02    -3.74682e+00
    8.96249e-02     1.13267e+02     4.09639e-01     1.12727e+02     0.00000e+00    -3.26482e+01     1.11967e+02    -3.68897e+00
    9.19707e-02     1.07958e+02     4.03431e-01     1.07431e+02     0.00000e+00    -3.24178e+01     1.08498e+02    -3.63178e+00
    9.43779e-02     1.02877e+02     3.97300e-01     1.02362e+02     0.00000e+00    -3.21857e+01     1.05125e+02    -3.57526e+00
    9.68482e-02     9.80140e+01     3.91246e-01     9.75111e+01     0.00000e+00    -3.19519e+01     1.01846e+02    -3.51940e+00
    9.93830e-02     9.33615e+01     3.85267e-01     9.28700e+01     0.00000e+00    -3.17164e+01     9.86573e+01    -3.46418e+00
    1.01984e-01     8.89104e+01     3.79363e-01     8.84302e+01     0.00000e+00    -3.14793e+01     9.55580e+01    -3.40960e+00
    1.04654e-01     8.46527e+01     3.73533e-01     8.41835e+01     0.00000e+00    -3.12407e+01     9.25454e+01    -3.35565e+00
    1.07393e-01     8.05807e+01     3.67776e-01     8.01220e+01     0.00000e+00    -3.10004e+01     8.96173e+01    -3.30233e+00
    1.10204e-01     7.66868e+01     3.62092e-01     7.62384e+01     0.00000e+00    -3.07586e+01     8.67716e+01    -3.24963e+00
    1.13088e-01     7.29637e+01     3.56479e-01     7.25254e+01     0.00000e+00    -3.05152e+01     8.40062e+01    -3.19753e+00
    1.16048e-01     6.94047e+01     3.50938e-01     6.89762e+01     0.00000e+00    -3.02703e+01     8.13191e+01    -3.14604e+00
    1.19085e-01     6.60030e+01     3.45467e-01     6.55839e+01     0.00000e+00    -3.00239e+01     7.87082e+01    -3.09514e+00
    1.22202e-01     6.27522e+01     3.40065e-01     6.23424e+01     0.00000e+00    -2.97760e+01     7.61717e+01    -3.04484e+00
    1.25401e-01     5.96461e+01     3.34733e-01     5.92454e+01     0.00000e+00    -2.95268e+01     7.37076e+01    -2.99511e+00
    1.28683e-01     5.66789e+01     3.29469e-01     5.62869e+01     0.00000e+00    -2.92761e+01     7.13141e+01    -2.94597e+00
    1.32051e-01     5.38449e+01     3.24272e-01     5.34614e+01     0.00000e+00    -2.90240e+01     6.89895e+01    -2.89739e+00
    1.35507e-01     5.11385e+01     3.19143e-01     5.07633e+01     0.00000e+00    -2.87706e+01     6.67319e+01    -2.84937e+00
    1.39054e-01     4.85545e+01     3.14079e-01     4.81874e+01     0.00000e+00    -2.85159e+01     6.45397e+01    -2.80191e+00
    1.42694e-01     4.60879e+01     3.09082e-01     4.57287e+01     0.00000e+00    -2.82599e+01     6.24112e+01    -2.75500e+00
    1.46428e-01     4.37338e+01     3.04150e-01     4.33823e+01     0.00000e+00    -2.80026e+01     6.03447e+01    -2.70863e+00
    1.50261e-01     4.14874e+01     2.99282e-01     4.11434e+01     0.00000e+00    -2.77442e+01     5.83387e+01    -2.66280e+00
    1.54194e-01     3.93445e+01     2.94478e-01     3.90077e+01     0.00000e+00    -2.74846e+01     5.63916e+01    -2.61750e+00
    1.58230e-01     3.73005e+01     2.89738e-01     3.69709e+01     0.00000e+00    -2.72239e+01     5.45019e+01    -2.57272e+00
    1.62371e-01     3.53514e+01     2.85061e-01     3.50287e+01     0.00000e+00    -2.69621e+01     5.26682e+01    -2.52847e+00
    1.66621e-01     3.34931e+01     2.80446e-01     3.31772e+01     0.00000e+00    -2.66992e+01     5.08889e+01    -2.48472e+00
    1.70982e-01     3.17219e+01     2.75892e-01     3.14126e+01     0.00000e+00    -2.64354e+01     4.91627e+01    -2.44149e+00
    1.75457e-01     3.00341e+01     2.71400e-01     2.97312e+01     0.00000e+00    -2.61706e+01     4.74882e+01    -2.39875e+00
    1.80049e-01     2.84260e+01     2.66969e-01     2.81295e+01     0.00000e+00    -2.59049e+01     4.58641e+01    -2.35651e+00
    1.84762e-01     2.68944e+01     2.62597e-01     2.66040e+01     0.00000e+00    -2.56384e+01     4.42890e+01    -2.31477e+00
    1.89598e-01     2.54360e+01     2.58286e-01     2.51515e+01     0.00000e+00    -2.53711e+01     4.27617e+01    -2.27350e+00
    1.94560e-01     2.40475e+01     2.54033e-01     2.37689e+01     0.00000e+00    -2.51030e+01     4.12810e+01    -2.23272e+00
    1.99653e-01     2.27261e+01     2.49840e-01     2.24531e+01     0.00000e+00    -2.48342e+01     3.98455e+01    -2.19240e+00
    2.04878e-01     2.14687e+01     2.45704e-01     2.12014e+01     0.00000e+00    -2.45648e+01     3.84542e+01    -2.15256e+00
    2.10241e-01     2.02727e+01     2.41626e-01     2.00108e+01     0.00000e+00    -2.42948e+01     3.71058e+01    -2.11318e+00
    2.15744e-01     1.91353e+01     2.37606e-01     1.88787e+01     0.00000e+00    -2.40242e+01     3.57992e+01    -2.07426e+00
    2.21390e-01     1.80540e+01     2.33642e-01     1.78026e+01     0.00000e+00    -2.37532e+01     3.45333e+01    -2.03578e+00
    2.27185e-01     1.70264e+01     2.29735e-01     1.67799e+01     0.00000e+00    -2.34818e+01     3.33070e+01    -1.99776e+00
    2.33131e-01     1.60499e+01     2.25883e-01     1.58085e+01     0.00000e+00    -2.32100e+01     3.21192e+01    -1.96017e+00
    2.39233e-01     1.51225e+01     2.22087e-01     1.48858e+01     0.00000e+00    -2.29379e+01     3.09690e+01    -1.92303e+00
    2.45495e-01     1.42419e+01     2.18346e-01     1.40099e+01     0.00000e+00    -2.26657e+01     2.98553e+01    -1.88631e+00
    2.51920e-01     1.34060e+01     2.14659e-01     1.31786e+01     0.00000e+00    -2.23932e+01     2.87771e+01    -1.85002e+00
    2.58514e-01     1.26128e+01     2.11027e-01     1.23899e+01     0.00000e+00    -2.21207e+01     2.77334e+01    -1.81414e+00
    2.65280e-01     1.18603e+01     2.07448e-01     1.16419e+01     0.00000e+00    -2.18481e+01     2.67234e+01    -1.77869e+00
    2.72223e-01     1.11468e+01     2.03922e-01     1.09327e+01     0.00000e+00    -2.15756e+01     2.57460e+01    -1.74364e+00
    2.79349e-01     1.04705e+01     2.00449e-01     1.02606e+01     0.00000e+00    -2.13032e+01     2.48003e+01    -1.70900e+00
    2.86660e-01     9.82965e+00     1.97029e-01     9.62382e+00     0.00000e+00    -2.10310e+01     2.38856e+01    -1.67476e+00
    2.94163e-01     9.22263e+00     1.93660e-01     9.02081e+00     0.00000e+00    -2.07590e+01     2.30008e+01    -1.64091e+00
    3.01862e-01     8.64788e+00     1.90342e-01     8.44998e+00     0.00000e+00    -2.04874e+01     2.21453e+01    -1.60745e+00
    3.09763e-01     8.10391e+00     1.87076e-01     7.90985e+00     0.00000e+00    -2.02161e+01     2.13181e+01    -1.57438e+00
    3.17871e-01     7.58929e+00     1.83860e-01     7.39898e+00     0.00000e+00    -1.99454e+01     2.05184e+01    -1.54169e+00
    3.26191e-01     7.10264e+00     1.80694e-01     6.91601e+00     0.00000e+00    -1.96752e+01     1.97454e+01    -1.50937e+00
    3.34728e-01     6.64265e+00     1.77577e-01     6.45961e+00     0.00000e+00    -1.94057e+01     1.89985e+01    -1.47742e+00
    3.43489e-01     6.20807e+00     1.74510e-01     6.02854e+00     0.00000e+00    -1.91368e+01     1.82767e+01    -1.44584e+00
    3.52480e-01     5.79769e+00     1.71491e-01     5.62159e+00     0.00000e+00    -1.88688e+01     1.75794e+01    -1.41462e+00
    3.61705e-01     5.41036e+00     1.68520e-01     5.23762e+00     0.00000e+00    -1.86017e+01     1.69059e+01    -1.38376e+00
    3.71173e-01     5.04498e+00     1.65597e-01     4.87553e+00     0.00000e+00    -1.83355e+01     1.62553e+01    -1.35325e+00
    3.80887e-01     4.70050e+00     1.62721e-01     4.53426e+00     0.00000e+00    -1.80703e+01     1.56272e+01    -1.32309e+00
    3.90857e-01     4.37592e+00     1.59892e-01     4.21283e+00     0.00000e+00    -1.78063e+01     1.50207e+01    -1.29328e+00
    4.01087e-01     4.07028e+00     1.57109e-01     3.91027e+00     0.00000e+00    -1.75434e+01     1.44352e+01    -1.26381e+00
    4.11585e-01     3.78267e+00     1.54371e-01     3.62567e+00     0.00000e+00    -1.72819e+01     1.38700e+01    -1.23468e+00
    4.22357e-01     3.51221e+00     1.51678e-01     3.35816e+00     0.00000e+00    -1.70217e+01     1.33246e+01    -1.20590e+00
    4.33412e-01     3.25808e+00     1.49030e-01     3.10691e+00     0.00000e+00    -1.67630e+01     1.27983e+01    -1.17745e+00
    4.44756e-01     3.01948e+00     1.46425e-01     2.87113e+00     0.00000e+00    -1.65058e+01     1.22904e+01    -1.14935e+00
    4.56397e-01     2.79565e+00     1.43864e-01     2.65007e+00     0.00000e+00    -1.62502e+01     1.18004e+01    -1.12159e+00
    4.68342e-01     2.58588e+00     1.41346e-01     2.44300e+00     0.00000e+00    -1.59963e+01     1.13278e+01    -1.09418e+00
    4.80601e-01     2.38948e+00     1.38870e-01     2.24925e+00     0.00000e+00    -1.57442e+01     1.08719e+01    -1.06711e+00
    4.93180e-01     2.20580e+00     1.36435e-01     2.06815e+00     0.00000e+00    -1.54940e+01     1.04322e+01    -1.04040e+00
    5.06088e-01     2.03420e+00     1.34041e-01     1.89909e+00     0.00000e+00    -1.52457e+01     1.00082e+01    -1.01405e+00
    5.19334e-01     1.87409e+00     1.31688e-01     1.74146e+00     0.00000e+00    -1.49995e+01     9.59924e+00    -9.88076e-01
    5.32927e-01     1.72489e+00     1.29374e-01     1.59469e+00     0.00000e+00    -1.47553e+01     9.20493e+00    -9.62480e-01
    5.46876e-01     1.58605e+00     1.27100e-01     1.45824e+00     0.00000e+00    -1.45133e+01     8.82472e+00    -9.37278e-01
    5.61190e-01     1.45705e+00     1.24864e-01     1.33157e+00     0.00000e+00    -1.42736e+01     8.45814e+00    -9.12484e-01
    5.75878e-01     1.33737e+00     1.22666e-01     1.21417e+00     0.00000e+00    -1.40362e+01     8.10470e+00    -8.88112e-01
    5.90951e-01     1.22651e+00     1.20506e-01     1.10555e+00     0.00000e+00    -1.38012e+01     7.76394e+00    -8.64180e-01
    6.06418e-01     1.12401e+00     1.18383e-01     1.00524e+00     0.00000e+00    -1.35686e+01     7.43542e+00    -8.40707e-01
    6.22290e-01     1.02939e+00     1.16295e-01     9.12769e-01     0.00000e+00    -1.33385e+01     7.11870e+00    -8.17712e-01
    6.38578e-01     9.42210e-01     1.14244e-01     8.27690e-01     0.00000e+00    -1.31111e+01     6.81335e+00    -7.95215e-01
    6.55292e-01     8.62022e-01     1.12228e-01     7.49563e-01     0.00000e+00    -1.28862e+01     6.51896e+00    -7.73235e-01
    6.72443e-01     7.88401e-01     1.10247e-01     6.77963e-01     0.00000e+00    -1.26640e+01     6.23514e+00    -7.51794e-01
    6.90043e-01     7.20929e-01     1.08299e-01     6.12472e-01     0.00000e+00    -1.24446e+01     5.96151e+00    -7.30910e-01
    7.08104e-01     6.59236e-01     1.06387e-01     5.52719e-01     0.00000e+00    -1.22278e+01     5.69769e+00    -7.10771e-01
    7.26638e-01     6.02914e-01     1.04509e-01     4.98300e-01     0.00000e+00    -1.20139e+01     5.44334e+00    -6.91353e-01
    7.45657e-01     5.51553e-01     1.02663e-01     4.48804e-01     0.00000e+00    -1.18029e+01     5.19810e+00    -6.72544e-01
    7.65173e-01     5.04784e-01     1.00850e-01     4.03864e-01     0.00000e+00    -1.15946e+01     4.96166e+00    -6.54355e-01
    7.85201e-01     4.62253e-01     9.90695e-02     3.63129e-01     0.00000e+00    -1.13893e+01     4.73368e+00    -6.36796e-01
    8.05752e-01     4.23623e-01     9.73199e-02     3.26259e-01     0.00000e+00    -1.11868e+01     4.51388e+00    -6.19871e-01
    8.26842e-01     3.88570e-01     9.56013e-02     2.92934e-01     0.00000e+00    -1.09872e+01     4.30196e+00    -6.03583e-01
    8.48483e-01     3.56790e-01     9.39133e-02     2.62849e-01     0.00000e+00    -1.07905e+01     4.09763e+00    -5.87931e-01
    8.70691e-01     3.27998e-01     9.22555e-02     2.35720e-01     0.00000e+00    -1.05967e+01     3.90064e+00    -5.72911e-01
    8.93480e-01     3.01924e-01     9.06273e-02     2.11279e-01     0.00000e+00    -1.04058e+01     3.71073e+00    -5.58516e-01
    9.16866e-01     2.78318e-01     8.90284e-02     1.89276e-01     0.00000e+00    -1.02178e+01     3.52765e+00    -5.44736e-01
    9.40864e-01     2.56951e-01     8.74584e-02     1.69481e-01     0.00000e+00    -1.00326e+01     3.35118e+00    -5.31561e-01
    9.65489e-01     2.37609e-01     8.59168e-02     1.51683e-01     0.00000e+00    -9.85026e+00     3.18108e+00    -5.18976e-01
    9.90760e-01     2.20096e-01     8.44033e-02     1.35685e-01     0.00000e+00    -9.67076e+00     3.01715e+00    -5.06965e-01
    1.01669e+00     2.04235e-01     8.29174e-02     1.21311e-01     0.00000e+00    -9.49405e+00     2.85919e+00    -4.95512e-01
    1.04330e+00     1.89862e-01     8.14588e-02     1.08397e-01     0.00000e+00    -9.32010e+00     2.70700e+00    -4.84598e-01
    1.07061e+00     1.76832e-01     8.00273e-02     9.67986e-02     0.00000e+00    -9.14889e+00     2.56040e+00    -4.74206e-01
    1.09863e+00     1.65009e-01     7.86223e-02     8.63813e-02     0.00000e+00    -8.98036e+00     2.41921e+00    -4.64316e-01
    1.12739e+00     1.54275e-01     7.72438e-02     7.70256e-02     0.00000e+00    -8.81449e+00     2.28327e+00    -4.54908e-01
    1.15689e+00     1.44520e-01     7.58913e-02     6.86237e-02     0.00000e+00    -8.65124e+00     2.15242e+00    -4.45964e-01
    1.18717e+00     1.35648e-01     7.45646e-02     6.10786e-02     0.00000e+00    -8.49054e+00     2.02650e+00    -4.37465e-01
    1.21825e+00     1.27572e-01     7.32635e-02     5.43031e-02     0.00000e+00    -8.33237e+00     1.90537e+00    -4.29390e-01
    1.25013e+00     1.20213e-01     7.19878e-02     4.82194e-02     0.00000e+00    -8.17667e+00     1.78889e+00    -4.21723e-01
    1.28285e+00     1.13500e-01     7.07374e-02     4.27574e-02     0.00000e+00    -8.02339e+00     1.67694e+00    -4.14445e-01
    1.31643e+00     1.07372e-01     6.95122e-02     3.78546e-02     0.00000e+00    -7.87247e+00     1.56939e+00    -4.07539e-01
    1.35089e+00     1.01773e-01     6.83120e-02     3.34550e-02     0.00000e+00    -7.72387e+00     1.46611e+00    -4.00988e-01
    1.38624e+00     9.66512e-02     6.71369e-02     2.95084e-02     0.00000e+00    -7.57752e+00     1.36701e+00    -3.94778e-01
    1.42253e+00     9.19627e-02     6.59868e-02     2.59700e-02     0.00000e+00    -7.43338e+00     1.27196e+00    -3.88891e-01
    1.45976e+00     8.76674e-02     6.48617e-02     2.27995e-02     0.00000e+00    -7.29137e+00     1.18088e+00    -3.83316e-01
    1.49797e+00     8.37291e-02     6.37619e-02     1.99611e-02     0.00000e+00    -7.15144e+00     1.09366e+00    -3.78036e-01
    1.53717e+00     8.01159e-02     6.26874e-02     1.74223e-02     0.00000e+00    -7.01352e+00     1.01022e+00    -3.73041e-01
    1.57741e+00     7.67990e-02     6.16384e-02     1.51544e-02     0.00000e+00    -6.87756e+00     9.30476e-01    -3.68317e-01
    1.61869e+00     7.37526e-02     6.06152e-02     1.31312e-02     0.00000e+00    -6.74349e+00     8.54342e-01    -3.63854e-01
    1.66106e+00     7.09538e-02     5.96181e-02     1.13295e-02     0.00000e+00    -6.61124e+00     7.81748e-01    -3.59641e-01
    1.70454e+00     6.83819e-02     5.86475e-02     9.72817e-03     0.00000e+00    -6.48075e+00     7.12622e-01    -3.55668e-01
    1.74915e+00     6.60186e-02     5.77040e-02     8.30836e-03     0.00000e+00    -6.35194e+00     6.46902e-01    -3.51925e-01
    1.79493e+00     6.38471e-02     5.67880e-02     7.05293e-03     0.00000e+00    -6.22475e+00     5.84528e-01    -3.48404e-01
    1.84191e+00     6.18528e-02     5.59003e-02     5.94646e-03     0.00000e+00    -6.09910e+00     5.25445e-01    -3.45097e-01
    1.89012e+00     6.00224e-02     5.50415e-02     4.97494e-03     0.00000e+00    -5.97493e+00     4.69604e-01    -3.41997e-01
    1.93959e+00     5.83441e-02     5.42125e-02     4.12567e-03     0.00000e+00    -5.85214e+00     4.16960e-01    -3.39097e-01
    1.99036e+00     5.68073e-02     5.34144e-02     3.38712e-03     0.00000e+00    -5.73068e+00     3.67474e-01    -3.36391e-01
    2.04245e+00     5.54026e-02     5.26482e-02     2.74873e-03     0.00000e+00    -5.61045e+00     3.21111e-01    -3.33873e-01
    2.09591e+00     5.41215e-02     5.19152e-02     2.20088e-03     0.00000e+00    -5.49137e+00     2.77841e-01    -3.31538e-01
    2.15077e+00     5.29568e-02     5.12168e-02     1.73472e-03     0.00000e+00    -5.37337e+00     2.37642e-01    -3.29381e-01
    2.20706e+00     5.19019e-02     5.05546e-02     1.34210e-03     0.00000e+00    -5.25635e+00     2.00494e-01    -3.27400e-01
    2.26483e+00     5.09510e-02     4.99305e-02     1.01546e-03     0.00000e+00    -5.14023e+00     1.66385e-01    -3.25590e-01
    2.32411e+00     5.00991e-02     4.93466e-02     7.47775e-04     0.00000e+00    -5.02490e+00     1.35308e-01    -3.23949e-01
    2.38494e+00     4.93421e-02     4.88051e-02     5.32473e-04     0.00000e+00    -4.91028e+00     1.07262e-01    -3.22474e-01
    2.44736e+00     4.86762e-02     4.83086e-02     3.63349e-04     0.00000e+00    -4.79625e+00     8.22534e-02    -3.21164e-01
    2.51142e+00     4.80987e-02     4.78602e-02     2.34510e-04     0.00000e+00    -4.68273e+00     6.02952e-02    -3.20018e-01
    2.57715e+00     4.76071e-02     4.74632e-02     1.40306e-04     0.00000e+00    -4.56959e+00     4.14073e-02    -3.19035e-01
    2.64461e+00     4.71998e-02     4.71212e-02     7.52640e-05     0.00000e+00    -4.45672e+00     2.56178e-02    -3.18215e-01
    2.71382e+00     4.68756e-02     4.68387e-02     3.40282e-05     0.00000e+00    -4.34399e+00     1.29629e-02    -3.17559e-01
    2.78485e+00     4.66342e-02     4.66205e-02     1.12901e-05     0.00000e+00    -4.23129e+00     3.48808e-03    -3.17068e-01
    2.85774e+00     4.64757e-02     4.64719e-02     1.72620e-06     0.00000e+00    -4.11846e+00    -2.75163e-03    -3.16745e-01
    2.93254e+00     4.64008e-02     4.63994e-02    -7.73925e-24     0.00000e+00    -4.00537e+00    -5.69052e-03    -3.16592e-01
    3.00930e+00     4.64113e-02     4.64104e-02     0.00000e+00     8.84194e-03    -3.89186e+00    -5.25130e-03    -3.16614e-01
    3.08806e+00     4.64212e-02     4.64208e-02     1.15727e-07     8.84194e-03    -3.78126e+00    -4.83723e-03    -3.16634e-01
    3.16889e+00     4.64306e-02     4.64304e-02     3.13148e-07     8.84194e-03    -3.67350e+00    -4.44731e-03    -3.16653e-01
    3.25183e+00     4.64394e-02     4.64394e-02     5.50306e-07     8.84194e-03    -3.56850e+00    -4.08058e-03    -3.16671e-01
    3.33694e+00     4.64477e-02     4.64478e-02     8.10364e-07     8.84194e-03    -3.46619e+00    -3.73610e-03    -3.16688e-01
    3.42428e+00     4.64555e-02     4.64557e-02     1.08311e-06     8.84194e-03    -3.36650e+00    -3.41294e-03    -3.16704e-01
    3.51391e+00     4.64628e-02     4.64631e-02     1.36155e-06     8.84194e-03    -3.26936e+00    -3.11020e-03    -3.16719e-01
    3.60588e+00     4.64696e-02     4.64699e-02     1.64063e-06     8.84194e-03    -3.17472e+00    -2.82698e-03    -3.16733e-01
    3.70026e+00     4.64760e-02     4.64763e-02     1.91659e-06     8.84194e-03    -3.08250e+00    -2.56243e-03    -3.16746e-01
    3.79711e+00     4.64820e-02     4.64823e-02     2.18660e-06     8.84194e-03    -2.99264e+00    -2.31569e-03    -3.16758e-01
    3.89649e+00     4.64876e-02     4.64878e-02     2.44852e-06     8.84194e-03    -2.90509e+00    -2.08594e-03    -3.16770e-01
    3.99848e+00     4.64929e-02     4.64930e-02     2.70076e-06     8.84194e-03    -2.81978e+00    -1.87236e-03    -3.16780e-01
    4.10313e+00     4.64977e-02     4.64977e-02     2.94213e-06     8.84194e-03    -2.73665e+00    -1.67417e-03    -3.16790e-01
    4.21053e+00     4.65023e-02     4.65021e-02     3.17181e-06     8.84194e-03    -2.65566e+00    -1.49059e-03    -3.16799e-01
    4.32073e+00     4.65065e-02     4.65062e-02     3.38925e-06     8.84194e-03    -2.57674e+00    -1.32089e-03    -3.16808e-01
    4.43382e+00     4.65103e-02     4.65100e-02     3.59412e-06     8.84194e-03    -2.49984e+00    -1.16432e-03    -3.16816e-01
    4.54987e+00     4.65139e-02     4.65134e-02     3.78629e-06     8.84194e-03    -2.42491e+00    -1.02018e-03    -3.16823e-01
    4.66895e+00     4.65172e-02     4.65166e-02     3.96577e-06     8.84194e-03    -2.35190e+00    -8.87781e-04    -3.16830e-01
    4.79116e+00     4.65203e-02     4.65195e-02     4.13271e-06     8.84194e-03    -2.28076e+00    -7.66450e-04    -3.16836e-01
    4.91656e+00     4.65231e-02     4.65221e-02     4.28735e-06     8.84194e-03    -2.21145e+00    -6.55542e-04    -3.16842e-01
    5.04524e+00     4.65257e-02     4.65246e-02     4.43002e-06     8.84194e-03    -2.14390e+00    -5.54427e-04    -3.16847e-01
    5.17730e+00     4.65280e-02     4.65268e-02     4.56112e-06     8.84194e-03    -2.07809e+00    -4.62499e-04    -3.16852e-01
    5.31281e+00     4.65302e-02     4.65288e-02     4.68109e-06     8.84194e-03    -2.01396e+00    -3.79171e-04    -3.16856e-01
    5.45186e+00     4.65321e-02     4.65305e-02     4.79043e-06     8.84194e-03    -1.95148e+00    -3.03879e-04    -3.16860e-01
    5.59456e+00     4.65339e-02     4.65322e-02     4.88965e-06     8.84194e-03    -1.89059e+00    -2.36080e-04    -3.16864e-01
    5.74099e+00     4.65355e-02     4.65336e-02     4.97929e-06     8.84194e-03    -1.83126e+00    -1.75249e-04    -3.16867e-01
    5.89125e+00     4.65370e-02     4.65349e-02     5.05991e-06     8.84194e-03    -1.77345e+00    -1.20887e-04    -3.16870e-01
    6.04544e+00     4.65383e-02     4.65361e-02     5.13205e-06     8.84194e-03    -1.71712e+00    -7.25135e-05    -3.16873e-01
    6.20368e+00     4.65395e-02     4.65371e-02     5.19627e-06     8.84194e-03    -1.66223e+00    -2.96694e-05    -3.16875e-01
    6.36605e+00     4.65405e-02     4.65380e-02     5.25312e-06     8.84194e-03    -1.60874e+00     8.08246e-06    -3.16877e-01
    6.53267e+00     4.65415e-02     4.65388e-02     5.30315e-06     8.84194e-03    -1.55662e+00     4.11584e-05    -3.16879e-01
    6.70365e+00     4.65423e-02     4.65395e-02     5.34687e-06     8.84194e-03    -1.50584e+00     6.99537e-05    -3.16881e-01
    6.87911e+00     4.65430e-02     4.65401e-02     5.38481e-06     8.84194e-03    -1.45635e+00     9.48427e-05    -3.16883e-01
    7.05917e+00     4.65437e-02     4.65406e-02     5.41745e-06     8.84194e-03    -1.40813e+00     1.16179e-04    -3.16884e-01
    7.24393e+00     4.65442e-02     4.65410e-02     5.44527e-06     8.84194e-03    -1.36114e+00     1.34297e-04    -3.16885e-01
    7.43353e+00     4.65447e-02     4.65414e-02     5.46871e-06     8.84194e-03    -1.31535e+00     1.49509e-04    -3.16886e-01
    7.62809e+00     4.65452e-02     4.65417e-02     5.48820e-06     8.84194e-03    -1.27073e+00     1.62108e-04    -3.16887e-01
    7.82775e+00     4.65455e-02     4.65420e-02     5.50415e-06     8.84194e-03    -1.22725e+00     1.72371e-04    -3.16888e-01
    8.03263e+00     4.65458e-02     4.65422e-02     5.51693e-06     8.84194e-03    -1.18489e+00     1.80551e-04    -3.16888e-01
    8.24287e+00     4.65461e-02     4.65423e-02     5.52690e-06     8.84194e-03    -1.14360e+00     1.86887e-04    -3.16889e-01
    8.45862e+00     4.65463e-02     4.65424e-02     5.53438e-06     8.84194e-03    -1.10337e+00     1.91597e-04    -3.16889e-01
    8.68001e+00     4.65465e-02     4.65425e-02     5.53969e-06     8.84194e-03    -1.06417e+00     1.94884e-04    -3.16890e-01
    8.90720e+00     4.65466e-02     4.65426e-02     5.54309e-06     8.84194e-03    -1.02596e+00     1.96933e-04    -3.16890e-01
    9.14033e+00     4.65467e-02     4.65426e-02     5.54486e-06     8.84194e-03    -9.88737e-01     1.97915e-04    -3.16890e-01
    9.37957e+00     4.65468e-02     4.65426e-02     5.54522e-06     8.84194e-03    -9.52460e-01     1.97983e-04    -3.16890e-01
    9.62506e+00     4.65469e-02     4.65426e-02     5.54439e-06     8.84194e-03    -9.17110e-01     1.97278e-04    -3.16890e-01
    9.87699e+00     4.65469e-02     4.65426e-02     5.54257e-06     8.84194e-03    -8.82662e-01     1.95925e-04    -3.16890e-01
    1.01355e+01     4.65470e-02     4.65425e-02     5.53991e-06     8.84194e-03    -8.49093e-01     1.94038e-04    -3.16891e-01
    1.04008e+01     4.65470e-02     4.65425e-02     5.53659e-06     8.84194e-03    -8.16380e-01     1.91718e-04    -3.16891e-01
    1.06730e+01     4.65470e-02     4.65424e-02     5.53273e-06     8.84194e-03    -7.84503e-01     1.89054e-04    -3.16891e-01
    1.09524e+01     4.65470e-02     4.65423e-02     5.52846e-06     8.84194e-03    -7.53439e-01     1.86124e-04    -3.16891e-01
    1.12390e+01     4.65470e-02     4.65423e-02     5.52389e-06     8.84194e-03    -7.23167e-01     1.82999e-04    -3.16891e-01
    1.15332e+01     4.65470e-02     4.65422e-02     5.51909e-06     8.84194e-03    -6.93668e-01     1.79737e-04    -3.16891e-01
    1.18351e+01     4.65469e-02     4.65421e-02     5.51417e-06     8.84194e-03    -6.64922e-01     1.76390e-04    -3.16890e-01
    1.21448e+01     4.65469e-02     4.65420e-02     5.50917e-06     8.84194e-03    -6.36908e-01     1.73003e-04    -3.16890e-01
    1.24627e+01     4.65469e-02     4.65420e-02     5.50416e-06     8.84194e-03    -6.09610e-01     1.69612e-04    -3.16890e-01
    1.27889e+01     4.65468e-02     4.65419e-02     5.49919e-06     8.84194e-03    -5.83007e-01     1.66248e-04    -3.16890e-01
    1.31236e+01     4.65468e-02     4.65418e-02     5.49429e-06     8.84194e-03    -5.57084e-01     1.62938e-04    -3.16890e-01
    1.34671e+01     4.65468e-02     4.65417e-02     5.48951e-06     8.84194e-03    -5.31821e-01     1.59702e-04    -3.16890e-01
    1.38196e+01     4.65467e-02     4.65417e-02     5.48485e-06     8.84194e-03    -5.07203e-01     1.56555e-04    -3.16890e-01
    1.41813e+01     4.65467e-02     4.65416e-02     5.48035e-06     8.84194e-03    -4.83212e-01     1.53512e-04    -3.16890e-01
    1.45525e+01     4.65467e-02     4.65415e-02     5.47601e-06     8.84194e-03    -4.59834e-01     1.50582e-04    -3.16890e-01
    1.49334e+01     4.65466e-02     4.65415e-02     5.47185e-06     8.84194e-03    -4.37052e-01     1.47771e-04    -3.16890e-01
    1.53242e+01     4.65466e-02     4.65414e-02     5.46787e-06     8.84194e-03    -4.14851e-01     1.45083e-04    -3.16890e-01
    1.57253e+01     4.65466e-02     4.65413e-02     5.46408e-06     8.84194e-03    -3.93216e-01     1.42522e-04    -3.16890e-01
    1.61369e+01     4.65466e-02     4.65413e-02     5.46048e-06     8.84194e-03    -3.72132e-01     1.40087e-04    -3.16890e-01
    1.65593e+01     4.65465e-02     4.65412e-02     5.45706e-06     8.84194e-03    -3.51587e-01     1.37779e-04    -3.16890e-01
    1.69927e+01     4.65465e-02     4.65412e-02     5.45383e-06     8.84194e-03    -3.31565e-01     1.35593e-04    -3.16890e-01
    1.74375e+01     4.65465e-02     4.65411e-02     5.45077e-06     8.84194e-03    -3.12054e-01     1.33527e-04    -3.16890e-01
    1.78939e+01     4.65465e-02     4.65411e-02     5.44789e-06     8.84194e-03    -2.93041e-01     1.31576e-04    -3.16890e-01
    1.83622e+01     4.65464e-02     4.65410e-02     5.44516e-06     8.84194e-03    -2.74513e-01     1.29733e-04    -3.16889e-01
    1.88428e+01     4.65464e-02     4.65410e-02     5.44259e-06     8.84194e-03    -2.56457e-01     1.27990e-04    -3.16889e-01
    1.93360e+01     4.65464e-02     4.65410e-02     5.44014e-06     8.84194e-03    -2.38861e-01     1.26338e-04    -3.16889e-01
    1.98421e+01     4.65464e-02     4.65409e-02     5.43781e-06     8.84194e-03    -2.21715e-01     1.24764e-04    -3.16889e-01
    2.03614e+01     4.65464e-02     4.65409e-02     5.43557e-06     8.84194e-03    -2.05005e-01     1.23252e-04    -3.16889e-01
    2.08944e+01     4.65463e-02     4.65409e-02     5.43339e-06     8.84194e-03    -1.88722e-01     1.21781e-04    -3.16889e-01
    2.14413e+01     4.65463e-02     4.65408e-02     5.43122e-06     8.84194e-03    -1.72854e-01     1.20323e-04    -3.16889e-01
    2.20024e+01     4.65463e-02     4.65408e-02     5.42901e-06     8.84194e-03    -1.57391e-01     1.18841e-04    -3.16889e-01
    2.25783e+01     4.65463e-02     4.65407e-02     5.42668e-06     8.84194e-03    -1.42323e-01     1.17280e-04    -3.16889e-01
    2.31693e+01     4.65462e-02     4.65407e-02     5.42412e-06     8.84194e-03    -1.27639e-01     1.15568e-04    -3.16889e-01
    2.37757e+01     4.65462e-02     4.65407e-02     5.42116e-06     8.84194e-03    -1.13330e-01     1.13596e-04    -3.16889e-01
    2.43980e+01     4.65462e-02     4.65406e-02     5.41756e-06     8.84194e-03    -9.93858e-02     1.11210e-04    -3.16889e-01
    2.50366e+01     4.65461e-02     4.65405e-02     5.41299e-06     8.84194e-03    -8.57984e-02     1.08180e-04    -3.16889e-01
    2.56919e+01     4.65460e-02     4.65404e-02     5.40693e-06     8.84194e-03    -7.25587e-02     1.04167e-04    -3.16889e-01
    2.63643e+01     4.65459e-02     4.65403e-02     5.39859e-06     8.84194e-03    -5.96582e-02     9.86548e-05    -3.16888e-01
    2.70544e+01     4.65457e-02     4.65401e-02     5.38680e-06     8.84194e-03    -4.70892e-02     9.08609e-05    -3.16888e-01
    2.77625e+01     4.65454e-02     4.65399e-02     5.36973e-06     8.84194e-03    -3.48445e-02     7.95788e-05    -3.16887e-01
    2.84892e+01     4.65450e-02     4.65395e-02     5.34458e-06     8.84194e-03    -2.29178e-02     6.29316e-05    -3.16886e-01
    2.92348e+01     4.65443e-02     4.65389e-02     5.30693e-06     8.84194e-03    -1.13039e-02     3.79684e-05    -3.16885e-01
    3.00000e+01     4.65434e-02     4.65380e-02     5.24984e-06     8.84194e-03     0.00000e+00     0.00000e+00    -3.16883e-01
