# All units in [AU] if not specified
{"name":"Al", "Z":13, "Zstar":6.997147410022791, "A":28,  "μ[AU]": -1.007e+01, "T[AU]": 3.675e+00, "rs[AU]": 3.000e+00 }
	 r[AU]  	 n[AU]  	 nf[AU]  	 nb[AU]     n_ion[AU]    (φ_e+φ_ions)[AU]   φtotal[AU]     δVxc/δρ[Au]  
    1.00000e-03     1.41098e+05     4.81496e+00     1.41287e+05     0.00000e+00    -4.62775e+01     1.29533e+04    -3.86360e+01
    1.02617e-03     1.35719e+05     4.75305e+00     1.35901e+05     0.00000e+00    -4.62672e+01     1.26217e+04    -3.81407e+01
    1.05303e-03     1.30545e+05     4.69192e+00     1.30719e+05     0.00000e+00    -4.62560e+01     1.22986e+04    -3.76517e+01
    1.08059e-03     1.25567e+05     4.63158e+00     1.25735e+05     0.00000e+00    -4.62438e+01     1.19837e+04    -3.71689e+01
    1.10888e-03     1.20779e+05     4.57200e+00     1.20940e+05     0.00000e+00    -4.62308e+01     1.16769e+04    -3.66923e+01
    1.13790e-03     1.16173e+05     4.51319e+00     1.16328e+05     0.00000e+00    -4.62168e+01     1.13779e+04    -3.62218e+01
    1.16768e-03     1.11742e+05     4.45514e+00     1.11891e+05     0.00000e+00    -4.62020e+01     1.10865e+04    -3.57573e+01
    1.19825e-03     1.07480e+05     4.39782e+00     1.07623e+05     0.00000e+00    -4.61863e+01     1.08026e+04    -3.52987e+01
    1.22961e-03     1.03380e+05     4.34124e+00     1.03517e+05     0.00000e+00    -4.61697e+01     1.05259e+04    -3.48460e+01
    1.26179e-03     9.94354e+04     4.28538e+00     9.95677e+04     0.00000e+00    -4.61522e+01     1.02562e+04    -3.43990e+01
    1.29482e-03     9.56413e+04     4.23024e+00     9.57684e+04     0.00000e+00    -4.61338e+01     9.99346e+03    -3.39578e+01
    1.32871e-03     9.19915e+04     4.17580e+00     9.21137e+04     0.00000e+00    -4.61146e+01     9.73740e+03    -3.35222e+01
    1.36348e-03     8.84806e+04     4.12205e+00     8.85980e+04     0.00000e+00    -4.60946e+01     9.48787e+03    -3.30921e+01
    1.39917e-03     8.51033e+04     4.06900e+00     8.52161e+04     0.00000e+00    -4.60737e+01     9.24470e+03    -3.26675e+01
    1.43579e-03     8.18545e+04     4.01662e+00     8.19629e+04     0.00000e+00    -4.60519e+01     9.00774e+03    -3.22484e+01
    1.47337e-03     7.87293e+04     3.96491e+00     7.88334e+04     0.00000e+00    -4.60293e+01     8.77683e+03    -3.18346e+01
    1.51194e-03     7.57230e+04     3.91386e+00     7.58231e+04     0.00000e+00    -4.60059e+01     8.55180e+03    -3.14260e+01
    1.55151e-03     7.28311e+04     3.86347e+00     7.29273e+04     0.00000e+00    -4.59816e+01     8.33252e+03    -3.10227e+01
    1.59212e-03     7.00493e+04     3.81372e+00     7.01417e+04     0.00000e+00    -4.59565e+01     8.11883e+03    -3.06245e+01
    1.63379e-03     6.73734e+04     3.76460e+00     6.74622e+04     0.00000e+00    -4.59306e+01     7.91059e+03    -3.02314e+01
    1.67655e-03     6.47993e+04     3.71611e+00     6.48846e+04     0.00000e+00    -4.59038e+01     7.70767e+03    -2.98433e+01
    1.72043e-03     6.23232e+04     3.66824e+00     6.24051e+04     0.00000e+00    -4.58762e+01     7.50992e+03    -2.94601e+01
    1.76546e-03     5.99414e+04     3.62098e+00     6.00200e+04     0.00000e+00    -4.58478e+01     7.31722e+03    -2.90818e+01
    1.81167e-03     5.76502e+04     3.57433e+00     5.77257e+04     0.00000e+00    -4.58186e+01     7.12944e+03    -2.87084e+01
    1.85909e-03     5.54462e+04     3.52827e+00     5.55188e+04     0.00000e+00    -4.57885e+01     6.94644e+03    -2.83396e+01
    1.90775e-03     5.33261e+04     3.48280e+00     5.33958e+04     0.00000e+00    -4.57577e+01     6.76812e+03    -2.79756e+01
    1.95768e-03     5.12868e+04     3.43791e+00     5.13537e+04     0.00000e+00    -4.57260e+01     6.59435e+03    -2.76162e+01
    2.00892e-03     4.93251e+04     3.39359e+00     4.93894e+04     0.00000e+00    -4.56934e+01     6.42501e+03    -2.72614e+01
    2.06150e-03     4.74381e+04     3.34984e+00     4.74998e+04     0.00000e+00    -4.56601e+01     6.25999e+03    -2.69111e+01
    2.11546e-03     4.56229e+04     3.30665e+00     4.56822e+04     0.00000e+00    -4.56260e+01     6.09918e+03    -2.65653e+01
    2.17083e-03     4.38769e+04     3.26401e+00     4.39339e+04     0.00000e+00    -4.55910e+01     5.94247e+03    -2.62238e+01
    2.22765e-03     4.21974e+04     3.22191e+00     4.22521e+04     0.00000e+00    -4.55552e+01     5.78976e+03    -2.58867e+01
    2.28595e-03     4.05818e+04     3.18035e+00     4.06343e+04     0.00000e+00    -4.55186e+01     5.64095e+03    -2.55539e+01
    2.34579e-03     3.90278e+04     3.13932e+00     3.90782e+04     0.00000e+00    -4.54811e+01     5.49594e+03    -2.52253e+01
    2.40718e-03     3.75330e+04     3.09881e+00     3.75814e+04     0.00000e+00    -4.54429e+01     5.35463e+03    -2.49009e+01
    2.47019e-03     3.60951e+04     3.05882e+00     3.61415e+04     0.00000e+00    -4.54038e+01     5.21692e+03    -2.45806e+01
    2.53484e-03     3.47120e+04     3.01933e+00     3.47566e+04     0.00000e+00    -4.53639e+01     5.08273e+03    -2.42644e+01
    2.60119e-03     3.33816e+04     2.98036e+00     3.34244e+04     0.00000e+00    -4.53231e+01     4.95196e+03    -2.39522e+01
    2.66927e-03     3.21019e+04     2.94187e+00     3.21429e+04     0.00000e+00    -4.52815e+01     4.82453e+03    -2.36439e+01
    2.73913e-03     3.08709e+04     2.90388e+00     3.09103e+04     0.00000e+00    -4.52391e+01     4.70035e+03    -2.33396e+01
    2.81083e-03     2.96869e+04     2.86637e+00     2.97247e+04     0.00000e+00    -4.51959e+01     4.57934e+03    -2.30391e+01
    2.88440e-03     2.85480e+04     2.82934e+00     2.85843e+04     0.00000e+00    -4.51518e+01     4.46142e+03    -2.27425e+01
    2.95989e-03     2.74525e+04     2.79279e+00     2.74873e+04     0.00000e+00    -4.51069e+01     4.34651e+03    -2.24496e+01
    3.03736e-03     2.63988e+04     2.75669e+00     2.64322e+04     0.00000e+00    -4.50611e+01     4.23453e+03    -2.21604e+01
    3.11686e-03     2.53852e+04     2.72106e+00     2.54173e+04     0.00000e+00    -4.50145e+01     4.12541e+03    -2.18749e+01
    3.19844e-03     2.44103e+04     2.68588e+00     2.44410e+04     0.00000e+00    -4.49670e+01     4.01908e+03    -2.15930e+01
    3.28216e-03     2.34725e+04     2.65115e+00     2.35020e+04     0.00000e+00    -4.49187e+01     3.91546e+03    -2.13146e+01
    3.36806e-03     2.25706e+04     2.61686e+00     2.25989e+04     0.00000e+00    -4.48695e+01     3.81448e+03    -2.10398e+01
    3.45622e-03     2.17030e+04     2.58300e+00     2.17301e+04     0.00000e+00    -4.48194e+01     3.71608e+03    -2.07685e+01
    3.54668e-03     2.08685e+04     2.54958e+00     2.08945e+04     0.00000e+00    -4.47685e+01     3.62020e+03    -2.05006e+01
    3.63951e-03     2.00658e+04     2.51658e+00     2.00908e+04     0.00000e+00    -4.47167e+01     3.52676e+03    -2.02361e+01
    3.73477e-03     1.92938e+04     2.48400e+00     1.93178e+04     0.00000e+00    -4.46640e+01     3.43571e+03    -1.99749e+01
    3.83252e-03     1.85512e+04     2.45184e+00     1.85742e+04     0.00000e+00    -4.46104e+01     3.34698e+03    -1.97171e+01
    3.93283e-03     1.78370e+04     2.42008e+00     1.78590e+04     0.00000e+00    -4.45560e+01     3.26052e+03    -1.94625e+01
    4.03577e-03     1.71500e+04     2.38873e+00     1.71711e+04     0.00000e+00    -4.45006e+01     3.17626e+03    -1.92111e+01
    4.14140e-03     1.64893e+04     2.35778e+00     1.65095e+04     0.00000e+00    -4.44444e+01     3.09416e+03    -1.89629e+01
    4.24979e-03     1.58538e+04     2.32722e+00     1.58731e+04     0.00000e+00    -4.43872e+01     3.01415e+03    -1.87178e+01
    4.36103e-03     1.52425e+04     2.29704e+00     1.52611e+04     0.00000e+00    -4.43291e+01     2.93619e+03    -1.84758e+01
    4.47517e-03     1.46546e+04     2.26725e+00     1.46724e+04     0.00000e+00    -4.42701e+01     2.86021e+03    -1.82369e+01
    4.59230e-03     1.40892e+04     2.23784e+00     1.41062e+04     0.00000e+00    -4.42102e+01     2.78618e+03    -1.80010e+01
    4.71250e-03     1.35453e+04     2.20880e+00     1.35616e+04     0.00000e+00    -4.41494e+01     2.71404e+03    -1.77681e+01
    4.83584e-03     1.30222e+04     2.18013e+00     1.30378e+04     0.00000e+00    -4.40876e+01     2.64374e+03    -1.75381e+01
    4.96241e-03     1.25191e+04     2.15183e+00     1.25341e+04     0.00000e+00    -4.40248e+01     2.57523e+03    -1.73110e+01
    5.09230e-03     1.20353e+04     2.12388e+00     1.20496e+04     0.00000e+00    -4.39611e+01     2.50848e+03    -1.70867e+01
    5.22558e-03     1.15699e+04     2.09628e+00     1.15836e+04     0.00000e+00    -4.38965e+01     2.44343e+03    -1.68653e+01
    5.36236e-03     1.11223e+04     2.06904e+00     1.11354e+04     0.00000e+00    -4.38309e+01     2.38004e+03    -1.66467e+01
    5.50271e-03     1.06918e+04     2.04214e+00     1.07044e+04     0.00000e+00    -4.37643e+01     2.31828e+03    -1.64308e+01
    5.64673e-03     1.02778e+04     2.01558e+00     1.02899e+04     0.00000e+00    -4.36967e+01     2.25809e+03    -1.62176e+01
    5.79453e-03     9.87968e+03     1.98936e+00     9.89119e+03     0.00000e+00    -4.36281e+01     2.19943e+03    -1.60071e+01
    5.94619e-03     9.49675e+03     1.96347e+00     9.50776e+03     0.00000e+00    -4.35586e+01     2.14228e+03    -1.57993e+01
    6.10183e-03     9.12848e+03     1.93791e+00     9.13900e+03     0.00000e+00    -4.34880e+01     2.08659e+03    -1.55940e+01
    6.26153e-03     8.77430e+03     1.91267e+00     8.78436e+03     0.00000e+00    -4.34164e+01     2.03232e+03    -1.53914e+01
    6.42542e-03     8.43367e+03     1.88775e+00     8.44330e+03     0.00000e+00    -4.33438e+01     1.97944e+03    -1.51912e+01
    6.59360e-03     8.10610e+03     1.86315e+00     8.11529e+03     0.00000e+00    -4.32702e+01     1.92791e+03    -1.49936e+01
    6.76618e-03     7.79106e+03     1.83885e+00     7.79985e+03     0.00000e+00    -4.31955e+01     1.87769e+03    -1.47985e+01
    6.94327e-03     7.48810e+03     1.81487e+00     7.49650e+03     0.00000e+00    -4.31198e+01     1.82876e+03    -1.46058e+01
    7.12500e-03     7.19675e+03     1.79118e+00     7.20477e+03     0.00000e+00    -4.30430e+01     1.78108e+03    -1.44155e+01
    7.31149e-03     6.91656e+03     1.76780e+00     6.92422e+03     0.00000e+00    -4.29651e+01     1.73463e+03    -1.42276e+01
    7.50286e-03     6.64712e+03     1.74471e+00     6.65443e+03     0.00000e+00    -4.28862e+01     1.68935e+03    -1.40420e+01
    7.69923e-03     6.38800e+03     1.72191e+00     6.39499e+03     0.00000e+00    -4.28062e+01     1.64524e+03    -1.38588e+01
    7.90075e-03     6.13883e+03     1.69940e+00     6.14549e+03     0.00000e+00    -4.27251e+01     1.60225e+03    -1.36779e+01
    8.10754e-03     5.89922e+03     1.67718e+00     5.90557e+03     0.00000e+00    -4.26429e+01     1.56037e+03    -1.34992e+01
    8.31975e-03     5.66880e+03     1.65523e+00     5.67486e+03     0.00000e+00    -4.25596e+01     1.51955e+03    -1.33227e+01
    8.53751e-03     5.44723e+03     1.63356e+00     5.45301e+03     0.00000e+00    -4.24751e+01     1.47978e+03    -1.31485e+01
    8.76096e-03     5.23416e+03     1.61217e+00     5.23967e+03     0.00000e+00    -4.23895e+01     1.44103e+03    -1.29764e+01
    8.99027e-03     5.02928e+03     1.59104e+00     5.03454e+03     0.00000e+00    -4.23028e+01     1.40327e+03    -1.28064e+01
    9.22558e-03     4.83228e+03     1.57018e+00     4.83728e+03     0.00000e+00    -4.22149e+01     1.36648e+03    -1.26386e+01
    9.46704e-03     4.64285e+03     1.54958e+00     4.64761e+03     0.00000e+00    -4.21259e+01     1.33063e+03    -1.24729e+01
    9.71483e-03     4.46070e+03     1.52925e+00     4.46523e+03     0.00000e+00    -4.20357e+01     1.29569e+03    -1.23092e+01
    9.96910e-03     4.28555e+03     1.50916e+00     4.28987e+03     0.00000e+00    -4.19442e+01     1.26165e+03    -1.21475e+01
    1.02300e-02     4.11715e+03     1.48933e+00     4.12125e+03     0.00000e+00    -4.18516e+01     1.22848e+03    -1.19879e+01
    1.04978e-02     3.95522e+03     1.46975e+00     3.95913e+03     0.00000e+00    -4.17578e+01     1.19616e+03    -1.18302e+01
    1.07726e-02     3.79954e+03     1.45042e+00     3.80324e+03     0.00000e+00    -4.16628e+01     1.16467e+03    -1.16745e+01
    1.10545e-02     3.64985e+03     1.43133e+00     3.65337e+03     0.00000e+00    -4.15666e+01     1.13399e+03    -1.15207e+01
    1.13438e-02     3.50592e+03     1.41248e+00     3.50927e+03     0.00000e+00    -4.14691e+01     1.10409e+03    -1.13689e+01
    1.16408e-02     3.36755e+03     1.39386e+00     3.37072e+03     0.00000e+00    -4.13703e+01     1.07496e+03    -1.12189e+01
    1.19454e-02     3.23451e+03     1.37548e+00     3.23752e+03     0.00000e+00    -4.12704e+01     1.04658e+03    -1.10707e+01
    1.22581e-02     3.10661e+03     1.35733e+00     3.10946e+03     0.00000e+00    -4.11691e+01     1.01892e+03    -1.09244e+01
    1.25789e-02     2.98364e+03     1.33940e+00     2.98634e+03     0.00000e+00    -4.10665e+01     9.91974e+02    -1.07799e+01
    1.29082e-02     2.86542e+03     1.32171e+00     2.86798e+03     0.00000e+00    -4.09627e+01     9.65718e+02    -1.06372e+01
    1.32460e-02     2.75177e+03     1.30423e+00     2.75419e+03     0.00000e+00    -4.08575e+01     9.40136e+02    -1.04962e+01
    1.35927e-02     2.64251e+03     1.28697e+00     2.64480e+03     0.00000e+00    -4.07511e+01     9.15210e+02    -1.03570e+01
    1.39485e-02     2.53748e+03     1.26993e+00     2.53964e+03     0.00000e+00    -4.06433e+01     8.90924e+02    -1.02195e+01
    1.43136e-02     2.43651e+03     1.25310e+00     2.43855e+03     0.00000e+00    -4.05342e+01     8.67261e+02    -1.00836e+01
    1.46882e-02     2.33945e+03     1.23648e+00     2.34138e+03     0.00000e+00    -4.04237e+01     8.44206e+02    -9.94947e+00
    1.50727e-02     2.24615e+03     1.22007e+00     2.24796e+03     6.87730e-07    -4.03118e+01     8.21744e+02    -9.81696e+00
    1.54672e-02     2.15647e+03     1.20387e+00     2.15817e+03     1.58576e-06    -4.01986e+01     7.99858e+02    -9.68607e+00
    1.58720e-02     2.07026e+03     1.18787e+00     2.07186e+03     2.50729e-06    -4.00840e+01     7.78535e+02    -9.55678e+00
    1.62874e-02     1.98739e+03     1.17206e+00     1.98890e+03     3.45294e-06    -3.99680e+01     7.57761e+02    -9.42908e+00
    1.67137e-02     1.90775e+03     1.15646e+00     1.90916e+03     4.42334e-06    -3.98506e+01     7.37520e+02    -9.30293e+00
    1.71512e-02     1.83120e+03     1.14105e+00     1.83252e+03     5.41914e-06    -3.97318e+01     7.17800e+02    -9.17833e+00
    1.76001e-02     1.75762e+03     1.12583e+00     1.75886e+03     6.44101e-06    -3.96116e+01     6.98588e+02    -9.05525e+00
    1.80608e-02     1.68690e+03     1.11080e+00     1.68806e+03     7.48962e-06    -3.94899e+01     6.79870e+02    -8.93367e+00
    1.85335e-02     1.61894e+03     1.09596e+00     1.62002e+03     8.56568e-06    -3.93667e+01     6.61634e+02    -8.81357e+00
    1.90186e-02     1.55362e+03     1.08131e+00     1.55463e+03     9.66990e-06    -3.92421e+01     6.43868e+02    -8.69493e+00
    1.95163e-02     1.49085e+03     1.06683e+00     1.49179e+03     1.08030e-05    -3.91160e+01     6.26559e+02    -8.57773e+00
    2.00272e-02     1.43053e+03     1.05254e+00     1.43140e+03     1.19658e-05    -3.89885e+01     6.09697e+02    -8.46196e+00
    2.05513e-02     1.37256e+03     1.03843e+00     1.37336e+03     1.31590e-05    -3.88594e+01     5.93270e+02    -8.34759e+00
    2.10892e-02     1.31686e+03     1.02449e+00     1.31760e+03     1.43835e-05    -3.87288e+01     5.77266e+02    -8.23461e+00
    2.16412e-02     1.26333e+03     1.01072e+00     1.26401e+03     1.56400e-05    -3.85967e+01     5.61675e+02    -8.12299e+00
    2.22077e-02     1.21190e+03     9.97130e-01     1.21252e+03     1.69293e-05    -3.84631e+01     5.46487e+02    -8.01273e+00
    2.27889e-02     1.16248e+03     9.83706e-01     1.16305e+03     1.82525e-05    -3.83280e+01     5.31692e+02    -7.90380e+00
    2.33854e-02     1.11499e+03     9.70449e-01     1.11551e+03     1.96102e-05    -3.81912e+01     5.17278e+02    -7.79618e+00
    2.39975e-02     1.06937e+03     9.57356e-01     1.06984e+03     2.10035e-05    -3.80530e+01     5.03238e+02    -7.68986e+00
    2.46256e-02     1.02554e+03     9.44426e-01     1.02597e+03     2.24333e-05    -3.79131e+01     4.89560e+02    -7.58482e+00
    2.52701e-02     9.83433e+02     9.31657e-01     9.83815e+02     2.39005e-05    -3.77717e+01     4.76237e+02    -7.48104e+00
    2.59315e-02     9.42981e+02     9.19047e-01     9.43320e+02     2.54061e-05    -3.76287e+01     4.63259e+02    -7.37851e+00
    2.66102e-02     9.04121e+02     9.06593e-01     9.04420e+02     2.69511e-05    -3.74840e+01     4.50617e+02    -7.27722e+00
    2.73067e-02     8.66792e+02     8.94294e-01     8.67052e+02     2.85365e-05    -3.73378e+01     4.38302e+02    -7.17713e+00
    2.80214e-02     8.30935e+02     8.82148e-01     8.31159e+02     3.01634e-05    -3.71899e+01     4.26307e+02    -7.07824e+00
    2.87549e-02     7.96494e+02     8.70153e-01     7.96683e+02     3.18329e-05    -3.70404e+01     4.14624e+02    -6.98054e+00
    2.95075e-02     7.63414e+02     8.58307e-01     7.63570e+02     3.35461e-05    -3.68893e+01     4.03244e+02    -6.88400e+00
    3.02798e-02     7.31643e+02     8.46608e-01     7.31768e+02     3.53042e-05    -3.67365e+01     3.92159e+02    -6.78862e+00
    3.10723e-02     7.01130e+02     8.35054e-01     7.01225e+02     3.71083e-05    -3.65821e+01     3.81363e+02    -6.69437e+00
    3.18856e-02     6.71828e+02     8.23643e-01     6.71895e+02     3.89595e-05    -3.64260e+01     3.70848e+02    -6.60124e+00
    3.27202e-02     6.43689e+02     8.12374e-01     6.43729e+02     4.08593e-05    -3.62682e+01     3.60607e+02    -6.50922e+00
    3.35766e-02     6.16668e+02     8.01245e-01     6.16682e+02     4.28088e-05    -3.61088e+01     3.50633e+02    -6.41830e+00
    3.44554e-02     5.90723e+02     7.90255e-01     5.90713e+02     4.48092e-05    -3.59476e+01     3.40919e+02    -6.32845e+00
    3.53572e-02     5.65811e+02     7.79400e-01     5.65779e+02     4.68621e-05    -3.57848e+01     3.31458e+02    -6.23966e+00
    3.62826e-02     5.41894e+02     7.68681e-01     5.41840e+02     4.89687e-05    -3.56202e+01     3.22245e+02    -6.15193e+00
    3.72323e-02     5.18932e+02     7.58094e-01     5.18858e+02     5.11304e-05    -3.54540e+01     3.13272e+02    -6.06523e+00
    3.82068e-02     4.96890e+02     7.47640e-01     4.96796e+02     5.33487e-05    -3.52860e+01     3.04534e+02    -5.97955e+00
    3.92068e-02     4.75730e+02     7.37314e-01     4.75618e+02     5.56250e-05    -3.51163e+01     2.96025e+02    -5.89488e+00
    4.02330e-02     4.55419e+02     7.27118e-01     4.55290e+02     5.79610e-05    -3.49449e+01     2.87740e+02    -5.81121e+00
    4.12860e-02     4.35925e+02     7.17048e-01     4.35780e+02     6.03580e-05    -3.47717e+01     2.79671e+02    -5.72853e+00
    4.23666e-02     4.17215e+02     7.07103e-01     4.17055e+02     6.28179e-05    -3.45968e+01     2.71815e+02    -5.64681e+00
    4.34755e-02     3.99259e+02     6.97282e-01     3.99085e+02     6.53421e-05    -3.44202e+01     2.64165e+02    -5.56605e+00
    4.46134e-02     3.82029e+02     6.87583e-01     3.81840e+02     6.79323e-05    -3.42418e+01     2.56717e+02    -5.48623e+00
    4.57811e-02     3.65495e+02     6.78005e-01     3.65294e+02     7.44850e-05    -3.40617e+01     2.49465e+02    -5.40735e+00
    4.69794e-02     3.49630e+02     6.68546e-01     3.49418e+02     8.31869e-05    -3.38799e+01     2.42404e+02    -5.32938e+00
    4.82090e-02     3.34410e+02     6.59204e-01     3.34187e+02     9.21167e-05    -3.36962e+01     2.35530e+02    -5.25233e+00
    4.94708e-02     3.19808e+02     6.49980e-01     3.19575e+02     1.01280e-04    -3.35109e+01     2.28837e+02    -5.17617e+00
    5.07657e-02     3.05801e+02     6.40870e-01     3.05558e+02     1.10683e-04    -3.33238e+01     2.22322e+02    -5.10090e+00
    5.20944e-02     2.92366e+02     6.31874e-01     2.92113e+02     1.20333e-04    -3.31349e+01     2.15979e+02    -5.02650e+00
    5.34579e-02     2.79480e+02     6.22991e-01     2.79219e+02     1.30235e-04    -3.29443e+01     2.09805e+02    -4.95296e+00
    5.48571e-02     2.67121e+02     6.14218e-01     2.66853e+02     1.40396e-04    -3.27519e+01     2.03794e+02    -4.88027e+00
    5.62929e-02     2.55270e+02     6.05556e-01     2.54994e+02     1.50823e-04    -3.25578e+01     1.97944e+02    -4.80842e+00
    5.77663e-02     2.43906e+02     5.97002e-01     2.43624e+02     1.61523e-04    -3.23619e+01     1.92250e+02    -4.73740e+00
    5.92782e-02     2.33010e+02     5.88555e-01     2.32722e+02     1.72503e-04    -3.21643e+01     1.86707e+02    -4.66720e+00
    6.08297e-02     2.22565e+02     5.80214e-01     2.22271e+02     1.83770e-04    -3.19649e+01     1.81313e+02    -4.59781e+00
    6.24219e-02     2.12552e+02     5.71978e-01     2.12253e+02     1.95333e-04    -3.17638e+01     1.76063e+02    -4.52921e+00
    6.40557e-02     2.02954e+02     5.63845e-01     2.02650e+02     2.07198e-04    -3.15610e+01     1.70954e+02    -4.46140e+00
    6.57323e-02     1.93755e+02     5.55815e-01     1.93447e+02     2.19373e-04    -3.13565e+01     1.65982e+02    -4.39436e+00
    6.74527e-02     1.84940e+02     5.47887e-01     1.84628e+02     2.31867e-04    -3.11502e+01     1.61144e+02    -4.32809e+00
    6.92182e-02     1.76493e+02     5.40058e-01     1.76178e+02     2.44689e-04    -3.09423e+01     1.56436e+02    -4.26258e+00
    7.10299e-02     1.68400e+02     5.32328e-01     1.68082e+02     2.57845e-04    -3.07326e+01     1.51856e+02    -4.19781e+00
    7.28890e-02     1.60646e+02     5.24697e-01     1.60326e+02     2.71347e-04    -3.05213e+01     1.47399e+02    -4.13378e+00
    7.47968e-02     1.53220e+02     5.17162e-01     1.52897e+02     2.85201e-04    -3.03083e+01     1.43063e+02    -4.07048e+00
    7.67545e-02     1.46106e+02     5.09723e-01     1.45781e+02     3.05395e-04    -3.00936e+01     1.38844e+02    -4.00789e+00
    7.87634e-02     1.39294e+02     5.02379e-01     1.38968e+02     3.26828e-04    -2.98773e+01     1.34741e+02    -3.94601e+00
    8.08249e-02     1.32771e+02     4.95129e-01     1.32443e+02     3.48822e-04    -2.96593e+01     1.30749e+02    -3.88483e+00
    8.29404e-02     1.26526e+02     4.87972e-01     1.26197e+02     3.71392e-04    -2.94397e+01     1.26866e+02    -3.82435e+00
    8.51113e-02     1.20547e+02     4.80906e-01     1.20217e+02     3.94552e-04    -2.92185e+01     1.23089e+02    -3.76454e+00
    8.73389e-02     1.14824e+02     4.73931e-01     1.14494e+02     4.18319e-04    -2.89957e+01     1.19416e+02    -3.70540e+00
    8.96249e-02     1.09347e+02     4.67046e-01     1.09017e+02     4.42707e-04    -2.87714e+01     1.15844e+02    -3.64693e+00
    9.19707e-02     1.04107e+02     4.60250e-01     1.03776e+02     4.67734e-04    -2.85455e+01     1.12370e+02    -3.58911e+00
    9.43779e-02     9.90924e+01     4.53542e-01     9.87621e+01     4.93416e-04    -2.83181e+01     1.08993e+02    -3.53194e+00
    9.68482e-02     9.42957e+01     4.46921e-01     9.39657e+01     5.19770e-04    -2.80891e+01     1.05708e+02    -3.47541e+00
    9.93830e-02     8.97076e+01     4.40386e-01     8.93782e+01     5.46814e-04    -2.78587e+01     1.02515e+02    -3.41951e+00
    1.01984e-01     8.53200e+01     4.33936e-01     8.49913e+01     5.74566e-04    -2.76268e+01     9.94105e+01    -3.36423e+00
    1.04654e-01     8.11246e+01     4.27571e-01     8.07969e+01     6.03044e-04    -2.73935e+01     9.63925e+01    -3.30956e+00
    1.07393e-01     7.71138e+01     4.21290e-01     7.67871e+01     6.36582e-04    -2.71588e+01     9.34589e+01    -3.25549e+00
    1.10204e-01     7.32800e+01     4.15091e-01     7.29546e+01     6.71640e-04    -2.69227e+01     9.06074e+01    -3.20203e+00
    1.13088e-01     6.96162e+01     4.08975e-01     6.92921e+01     7.07615e-04    -2.66853e+01     8.78361e+01    -3.14915e+00
    1.16048e-01     6.61152e+01     4.02939e-01     6.57927e+01     7.44531e-04    -2.64466e+01     8.51428e+01    -3.09685e+00
    1.19085e-01     6.27707e+01     3.96984e-01     6.24498e+01     7.82414e-04    -2.62065e+01     8.25256e+01    -3.04513e+00
    1.22202e-01     5.95761e+01     3.91109e-01     5.92570e+01     8.21288e-04    -2.59653e+01     7.99825e+01    -2.99397e+00
    1.25401e-01     5.65254e+01     3.85312e-01     5.62081e+01     8.61180e-04    -2.57228e+01     7.75116e+01    -2.94338e+00
    1.28683e-01     5.36126e+01     3.79594e-01     5.32973e+01     9.02116e-04    -2.54791e+01     7.51111e+01    -2.89333e+00
    1.32051e-01     5.08320e+01     3.73953e-01     5.05189e+01     9.44123e-04    -2.52343e+01     7.27792e+01    -2.84383e+00
    1.35507e-01     4.81784e+01     3.68388e-01     4.78674e+01     9.87610e-04    -2.49884e+01     7.05141e+01    -2.79486e+00
    1.39054e-01     4.56463e+01     3.62900e-01     4.53375e+01     1.03450e-03    -2.47415e+01     6.83141e+01    -2.74642e+00
    1.42694e-01     4.32307e+01     3.57486e-01     4.29244e+01     1.08262e-03    -2.44936e+01     6.61775e+01    -2.69851e+00
    1.46428e-01     4.09270e+01     3.52147e-01     4.06230e+01     1.13200e-03    -2.42447e+01     6.41027e+01    -2.65110e+00
    1.50261e-01     3.87302e+01     3.46882e-01     3.84288e+01     1.18267e-03    -2.39948e+01     6.20880e+01    -2.60421e+00
    1.54194e-01     3.66361e+01     3.41690e-01     3.63372e+01     1.23467e-03    -2.37441e+01     6.01320e+01    -2.55782e+00
    1.58230e-01     3.46404e+01     3.36571e-01     3.43441e+01     1.28803e-03    -2.34926e+01     5.82331e+01    -2.51192e+00
    1.62371e-01     3.27388e+01     3.31523e-01     3.24452e+01     1.34279e-03    -2.32404e+01     5.63898e+01    -2.46650e+00
    1.66621e-01     3.09275e+01     3.26547e-01     3.06365e+01     1.39917e-03    -2.29874e+01     5.46007e+01    -2.42157e+00
    1.70982e-01     2.92025e+01     3.21641e-01     2.89144e+01     1.45734e-03    -2.27338e+01     5.28643e+01    -2.37711e+00
    1.75457e-01     2.75604e+01     3.16804e-01     2.72750e+01     1.51703e-03    -2.24796e+01     5.11793e+01    -2.33311e+00
    1.80049e-01     2.59975e+01     3.12037e-01     2.57150e+01     1.57828e-03    -2.22248e+01     4.95442e+01    -2.28957e+00
    1.84762e-01     2.45106e+01     3.07339e-01     2.42309e+01     1.64114e-03    -2.19696e+01     4.79578e+01    -2.24649e+00
    1.89598e-01     2.30962e+01     3.02708e-01     2.28194e+01     1.70564e-03    -2.17139e+01     4.64189e+01    -2.20385e+00
    1.94560e-01     2.17515e+01     2.98144e-01     2.14775e+01     1.77183e-03    -2.14580e+01     4.49260e+01    -2.16165e+00
    1.99653e-01     2.04733e+01     2.93648e-01     2.02023e+01     1.83862e-03    -2.12017e+01     4.34780e+01    -2.11989e+00
    2.04878e-01     1.92587e+01     2.89217e-01     1.89907e+01     1.90704e-03    -2.09452e+01     4.20737e+01    -2.07855e+00
    2.10241e-01     1.81052e+01     2.84851e-01     1.78401e+01     1.97725e-03    -2.06886e+01     4.07120e+01    -2.03764e+00
    2.15744e-01     1.70099e+01     2.80550e-01     1.67478e+01     2.04930e-03    -2.04319e+01     3.93915e+01    -1.99714e+00
    2.21390e-01     1.59705e+01     2.76314e-01     1.57114e+01     2.12324e-03    -2.01752e+01     3.81113e+01    -1.95705e+00
    2.27185e-01     1.49844e+01     2.72140e-01     1.47283e+01     2.19808e-03    -1.99185e+01     3.68702e+01    -1.91736e+00
    2.33131e-01     1.40494e+01     2.68030e-01     1.37962e+01     2.27314e-03    -1.96620e+01     3.56672e+01    -1.87808e+00
    2.39233e-01     1.31632e+01     2.63981e-01     1.29130e+01     2.35017e-03    -1.94058e+01     3.45012e+01    -1.83919e+00
    2.45495e-01     1.23237e+01     2.59995e-01     1.20765e+01     2.42921e-03    -1.91499e+01     3.33711e+01    -1.80070e+00
    2.51920e-01     1.15289e+01     2.56069e-01     1.12847e+01     2.51032e-03    -1.88943e+01     3.22760e+01    -1.76259e+00
    2.58514e-01     1.07768e+01     2.52203e-01     1.05355e+01     2.59160e-03    -1.86392e+01     3.12149e+01    -1.72487e+00
    2.65280e-01     1.00655e+01     2.48397e-01     9.82723e+00     2.67324e-03    -1.83847e+01     3.01868e+01    -1.68753e+00
    2.72223e-01     9.39327e+00     2.44649e-01     9.15797e+00     2.75703e-03    -1.81308e+01     2.91907e+01    -1.65057e+00
    2.79349e-01     8.75840e+00     2.40960e-01     8.52604e+00     2.84300e-03    -1.78777e+01     2.82258e+01    -1.61400e+00
    2.86660e-01     8.15923e+00     2.37329e-01     7.92982e+00     2.93020e-03    -1.76253e+01     2.72912e+01    -1.57781e+00
    2.94163e-01     7.59421e+00     2.33754e-01     7.36772e+00     3.01608e-03    -1.73739e+01     2.63860e+01    -1.54201e+00
    3.01862e-01     7.06183e+00     2.30236e-01     6.83826e+00     3.10420e-03    -1.71234e+01     2.55092e+01    -1.50659e+00
    3.09763e-01     6.56067e+00     2.26773e-01     6.33999e+00     3.19463e-03    -1.68741e+01     2.46601e+01    -1.47157e+00
    3.17871e-01     6.08934e+00     2.23365e-01     5.87154e+00     3.28567e-03    -1.66259e+01     2.38379e+01    -1.43695e+00
    3.26191e-01     5.64653e+00     2.20011e-01     5.43160e+00     3.37580e-03    -1.63789e+01     2.30417e+01    -1.40275e+00
    3.34728e-01     5.23097e+00     2.16711e-01     5.01888e+00     3.46829e-03    -1.61333e+01     2.22708e+01    -1.36896e+00
    3.43489e-01     4.84144e+00     2.13463e-01     4.63217e+00     3.56320e-03    -1.58892e+01     2.15244e+01    -1.33560e+00
    3.52480e-01     4.47676e+00     2.10267e-01     4.27029e+00     3.65585e-03    -1.56465e+01     2.08017e+01    -1.30269e+00
    3.61705e-01     4.13579e+00     2.07123e-01     3.93211e+00     3.74995e-03    -1.54055e+01     2.01020e+01    -1.27025e+00
    3.71173e-01     3.81744e+00     2.04030e-01     3.61652e+00     3.84650e-03    -1.51662e+01     1.94246e+01    -1.23828e+00
    3.80887e-01     3.52064e+00     2.00987e-01     3.32246e+00     3.94215e-03    -1.49287e+01     1.87688e+01    -1.20682e+00
    3.90857e-01     3.24435e+00     1.97993e-01     3.04888e+00     4.03802e-03    -1.46930e+01     1.81339e+01    -1.17587e+00
    4.01087e-01     2.98755e+00     1.95048e-01     2.79477e+00     4.13639e-03    -1.44593e+01     1.75193e+01    -1.14548e+00
    4.11585e-01     2.74925e+00     1.92152e-01     2.55913e+00     4.23352e-03    -1.42276e+01     1.69243e+01    -1.11565e+00
    4.22357e-01     2.52849e+00     1.89302e-01     2.34101e+00     4.33087e-03    -1.39980e+01     1.63483e+01    -1.08641e+00
    4.33412e-01     2.32431e+00     1.86500e-01     2.13944e+00     4.43077e-03    -1.37706e+01     1.57906e+01    -1.05780e+00
    4.44756e-01     2.13577e+00     1.83744e-01     1.95349e+00     4.52814e-03    -1.35454e+01     1.52508e+01    -1.02982e+00
    4.56397e-01     1.96198e+00     1.81033e-01     1.78224e+00     4.62720e-03    -1.33225e+01     1.47281e+01    -1.00251e+00
    4.68342e-01     1.80202e+00     1.78368e-01     1.62482e+00     4.72711e-03    -1.31020e+01     1.42221e+01    -9.75893e-01
    4.80601e-01     1.65504e+00     1.75747e-01     1.48033e+00     4.82502e-03    -1.28839e+01     1.37323e+01    -9.49980e-01
    4.93180e-01     1.52017e+00     1.73170e-01     1.34792e+00     4.92550e-03    -1.26683e+01     1.32580e+01    -9.24794e-01
    5.06088e-01     1.39659e+00     1.70637e-01     1.22678e+00     5.02348e-03    -1.24551e+01     1.27988e+01    -9.00350e-01
    5.19334e-01     1.28351e+00     1.68146e-01     1.11610e+00     5.12316e-03    -1.22446e+01     1.23542e+01    -8.76660e-01
    5.32927e-01     1.18014e+00     1.65697e-01     1.01510e+00     5.22178e-03    -1.20366e+01     1.19237e+01    -8.53734e-01
    5.46876e-01     1.08576e+00     1.63290e-01     9.23057e-01     5.32029e-03    -1.18312e+01     1.15069e+01    -8.31576e-01
    5.61190e-01     9.99652e-01     1.60924e-01     8.39255e-01     5.41875e-03    -1.16285e+01     1.11033e+01    -8.10189e-01
    5.75878e-01     9.21154e-01     1.58598e-01     7.63028e-01     5.51623e-03    -1.14284e+01     1.07125e+01    -7.89571e-01
    5.90951e-01     8.49634e-01     1.56312e-01     6.93745e-01     5.61395e-03    -1.12311e+01     1.03341e+01    -7.69717e-01
    6.06418e-01     7.84497e-01     1.54066e-01     6.30813e-01     5.71058e-03    -1.10364e+01     9.96763e+00    -7.50620e-01
    6.22290e-01     7.25191e-01     1.51858e-01     5.73677e-01     5.80695e-03    -1.08444e+01     9.61282e+00    -7.32268e-01
    6.38578e-01     6.71214e-01     1.49689e-01     5.21835e-01     5.90246e-03    -1.06552e+01     9.26924e+00    -7.14754e-01
    6.55292e-01     6.22090e-01     1.47558e-01     4.74813e-01     5.99682e-03    -1.04686e+01     8.93656e+00    -6.98097e-01
    6.72443e-01     5.77358e-01     1.45465e-01     4.32148e-01     6.09132e-03    -1.02847e+01     8.61441e+00    -6.82135e-01
    6.90043e-01     5.36612e-01     1.43407e-01     3.93436e-01     6.18354e-03    -1.01036e+01     8.30249e+00    -6.66851e-01
    7.08104e-01     4.99482e-01     1.41386e-01     3.58306e-01     6.27643e-03    -9.92509e+00     8.00045e+00    -6.52222e-01
    7.26638e-01     4.65628e-01     1.39401e-01     3.26420e-01     6.36726e-03    -9.74927e+00     7.70801e+00    -6.38228e-01
    7.45657e-01     4.34742e-01     1.37450e-01     2.97469e-01     6.45714e-03    -9.57610e+00     7.42487e+00    -6.24847e-01
    7.65173e-01     4.06545e-01     1.35533e-01     2.71173e-01     6.54666e-03    -9.40555e+00     7.15073e+00    -6.12055e-01
    7.85201e-01     3.80781e-01     1.33651e-01     2.47279e-01     6.63373e-03    -9.23761e+00     6.88534e+00    -5.99830e-01
    8.05752e-01     3.57221e-01     1.31801e-01     2.25556e-01     6.72012e-03    -9.07225e+00     6.62841e+00    -5.88149e-01
    8.26842e-01     3.35656e-01     1.29985e-01     2.05797e-01     6.80561e-03    -8.90944e+00     6.37970e+00    -5.76990e-01
    8.48483e-01     3.15898e-01     1.28201e-01     1.87814e-01     6.88910e-03    -8.74916e+00     6.13896e+00    -5.66331e-01
    8.70691e-01     2.97779e-01     1.26448e-01     1.71439e-01     6.97118e-03    -8.59138e+00     5.90596e+00    -5.56151e-01
    8.93480e-01     2.81145e-01     1.24728e-01     1.56517e-01     7.05201e-03    -8.43606e+00     5.68045e+00    -5.46427e-01
    9.16866e-01     2.65858e-01     1.23038e-01     1.42913e-01     7.13138e-03    -8.28318e+00     5.46223e+00    -5.37140e-01
    9.40864e-01     2.51795e-01     1.21379e-01     1.30503e-01     7.20883e-03    -8.13269e+00     5.25107e+00    -5.28271e-01
    9.65489e-01     2.38843e-01     1.19750e-01     1.19174e-01     7.28459e-03    -7.98457e+00     5.04677e+00    -5.19799e-01
    9.90760e-01     2.26902e-01     1.18151e-01     1.08827e-01     7.35874e-03    -7.83879e+00     4.84912e+00    -5.11707e-01
    1.01669e+00     2.15881e-01     1.16581e-01     9.93713e-02     7.43120e-03    -7.69529e+00     4.65794e+00    -5.03978e-01
    1.04330e+00     2.05699e-01     1.15040e-01     9.07251e-02     7.50191e-03    -7.55406e+00     4.47304e+00    -4.96593e-01
    1.07061e+00     1.96280e-01     1.13527e-01     8.28150e-02     7.57071e-03    -7.41506e+00     4.29423e+00    -4.89539e-01
    1.09863e+00     1.87560e-01     1.12043e-01     7.55749e-02     7.63765e-03    -7.27824e+00     4.12133e+00    -4.82798e-01
    1.12739e+00     1.79477e-01     1.10587e-01     6.89450e-02     7.70268e-03    -7.14358e+00     3.95419e+00    -4.76357e-01
    1.15689e+00     1.71978e-01     1.09158e-01     6.28712e-02     7.76573e-03    -7.01103e+00     3.79262e+00    -4.70202e-01
    1.18717e+00     1.65013e-01     1.07756e-01     5.73047e-02     7.82677e-03    -6.88056e+00     3.63648e+00    -4.64319e-01
    1.21825e+00     1.58537e-01     1.06382e-01     5.22016e-02     7.88579e-03    -6.75214e+00     3.48560e+00    -4.58696e-01
    1.25013e+00     1.52512e-01     1.05033e-01     4.75218e-02     7.94279e-03    -6.62573e+00     3.33984e+00    -4.53321e-01
    1.28285e+00     1.46899e-01     1.03711e-01     4.32291e-02     7.99769e-03    -6.50129e+00     3.19904e+00    -4.48183e-01
    1.31643e+00     1.41667e-01     1.02415e-01     3.92909e-02     8.05045e-03    -6.37878e+00     3.06308e+00    -4.43271e-01
    1.35089e+00     1.36785e-01     1.01144e-01     3.56773e-02     8.10129e-03    -6.25818e+00     2.93180e+00    -4.38574e-01
    1.38624e+00     1.32225e-01     9.98985e-02     3.23613e-02     8.15030e-03    -6.13945e+00     2.80508e+00    -4.34083e-01
    1.42253e+00     1.27963e-01     9.86778e-02     2.93184e-02     8.19726e-03    -6.02256e+00     2.68278e+00    -4.29789e-01
    1.45976e+00     1.23977e-01     9.74818e-02     2.65263e-02     8.24190e-03    -5.90746e+00     2.56478e+00    -4.25684e-01
    1.49797e+00     1.20245e-01     9.63102e-02     2.39645e-02     8.28428e-03    -5.79413e+00     2.45096e+00    -4.21757e-01
    1.53717e+00     1.16749e-01     9.51626e-02     2.16146e-02     8.32511e-03    -5.68254e+00     2.34120e+00    -4.18003e-01
    1.57741e+00     1.13472e-01     9.40387e-02     1.94596e-02     8.36386e-03    -5.57266e+00     2.23538e+00    -4.14413e-01
    1.61869e+00     1.10397e-01     9.29383e-02     1.74841e-02     8.40017e-03    -5.46445e+00     2.13339e+00    -4.10980e-01
    1.66106e+00     1.07511e-01     9.18611e-02     1.56740e-02     8.43509e-03    -5.35788e+00     2.03512e+00    -4.07698e-01
    1.70454e+00     1.04800e-01     9.08067e-02     1.40163e-02     8.46766e-03    -5.25292e+00     1.94045e+00    -4.04559e-01
    1.74915e+00     1.02252e-01     8.97749e-02     1.24994e-02     8.49859e-03    -5.14955e+00     1.84930e+00    -4.01559e-01
    1.79493e+00     9.98568e-02     8.87654e-02     1.11122e-02     8.52745e-03    -5.04773e+00     1.76155e+00    -3.98691e-01
    1.84191e+00     9.76031e-02     8.77779e-02     9.84500e-03     8.55475e-03    -4.94744e+00     1.67711e+00    -3.95949e-01
    1.89012e+00     9.54818e-02     8.68120e-02     8.68862e-03     8.57992e-03    -4.84865e+00     1.59589e+00    -3.93328e-01
    1.93959e+00     9.34843e-02     8.58675e-02     7.63472e-03     8.60375e-03    -4.75133e+00     1.51778e+00    -3.90824e-01
    1.99036e+00     9.16025e-02     8.49440e-02     6.67563e-03     8.62574e-03    -4.65546e+00     1.44269e+00    -3.88431e-01
    2.04245e+00     8.98292e-02     8.40412e-02     5.80434e-03     8.64599e-03    -4.56101e+00     1.37055e+00    -3.86145e-01
    2.09591e+00     8.81576e-02     8.31587e-02     5.01437e-03     8.66485e-03    -4.46796e+00     1.30125e+00    -3.83961e-01
    2.15077e+00     8.65812e-02     8.22962e-02     4.29980e-03     8.68230e-03    -4.37629e+00     1.23472e+00    -3.81876e-01
    2.20706e+00     8.50944e-02     8.14532e-02     3.65518e-03     8.69829e-03    -4.28597e+00     1.17088e+00    -3.79885e-01
    2.26483e+00     8.36916e-02     8.06294e-02     3.07555e-03     8.71292e-03    -4.19697e+00     1.10964e+00    -3.77985e-01
    2.32411e+00     8.23679e-02     7.98243e-02     2.55632e-03     8.72625e-03    -4.10928e+00     1.05092e+00    -3.76172e-01
    2.38494e+00     8.11187e-02     7.90374e-02     2.09337e-03     8.73842e-03    -4.02288e+00     9.94656e-01    -3.74443e-01
    2.44736e+00     7.99395e-02     7.82681e-02     1.68292e-03     8.74947e-03    -3.93774e+00     9.40763e-01    -3.72793e-01
    2.51142e+00     7.88265e-02     7.75158e-02     1.32159e-03     8.75952e-03    -3.85385e+00     8.89171e-01    -3.71221e-01
    2.57715e+00     7.77757e-02     7.67797e-02     1.00640e-03     8.76865e-03    -3.77119e+00     8.39809e-01    -3.69723e-01
    2.64461e+00     7.67838e-02     7.60589e-02     7.34791e-04     8.77712e-03    -3.68973e+00     7.92606e-01    -3.68296e-01
    2.71382e+00     7.58474e-02     7.53521e-02     5.04698e-04     8.78503e-03    -3.60946e+00     7.47496e-01    -3.66937e-01
    2.78485e+00     7.49635e-02     7.46577e-02     3.14719e-04     8.79237e-03    -3.53036e+00     7.04411e-01    -3.65643e-01
    2.85774e+00     7.41293e-02     7.39732e-02     1.64495e-04     8.79964e-03    -3.45242e+00     6.63287e-01    -3.64413e-01
    2.93254e+00     7.33420e-02     7.32942e-02     5.58518e-05     8.80715e-03    -3.37562e+00     6.24058e-01    -3.63243e-01
    3.00930e+00     7.25992e-02     7.26068e-02     0.00000e+00     8.81593e-03    -3.29995e+00     5.86663e-01    -3.62132e-01
    3.08806e+00     7.18984e-02     7.19056e-02    -3.15568e-21     8.82617e-03    -3.22539e+00     5.51038e-01    -3.61076e-01
    3.16889e+00     7.12373e-02     7.12442e-02    -8.57609e-21     8.83485e-03    -3.15193e+00     5.17120e-01    -3.60073e-01
    3.25183e+00     7.06139e-02     7.06204e-02    -1.51409e-20     8.84161e-03    -3.07957e+00     4.84849e-01    -3.59122e-01
    3.33694e+00     7.00262e-02     7.00323e-02    -2.24057e-20     8.84675e-03    -3.00828e+00     4.54165e-01    -3.58220e-01
    3.42428e+00     6.94722e-02     6.94780e-02    -3.01017e-20     8.85055e-03    -2.93807e+00     4.25011e-01    -3.57364e-01
    3.51391e+00     6.89502e-02     6.89557e-02    -3.80449e-20     8.85326e-03    -2.86892e+00     3.97332e-01    -3.56554e-01
    3.60588e+00     6.84586e-02     6.84637e-02    -4.61017e-20     8.85505e-03    -2.80082e+00     3.71073e-01    -3.55788e-01
    3.70026e+00     6.79958e-02     6.80006e-02    -5.41711e-20     8.85608e-03    -2.73375e+00     3.46181e-01    -3.55062e-01
    3.79711e+00     6.75603e-02     6.75648e-02    -6.21760e-20     8.85648e-03    -2.66772e+00     3.22607e-01    -3.54377e-01
    3.89649e+00     6.71507e-02     6.71549e-02    -7.00561e-20     8.85631e-03    -2.60270e+00     3.00299e-01    -3.53729e-01
    3.99848e+00     6.67657e-02     6.67697e-02    -7.77648e-20     8.85590e-03    -2.53869e+00     2.79210e-01    -3.53118e-01
    4.10313e+00     6.64042e-02     6.64079e-02    -8.52655e-20     8.85517e-03    -2.47569e+00     2.59293e-01    -3.52542e-01
    4.21053e+00     6.60648e-02     6.60683e-02    -9.25304e-20     8.85430e-03    -2.41367e+00     2.40502e-01    -3.51999e-01
    4.32073e+00     6.57466e-02     6.57498e-02    -9.95382e-20     8.85327e-03    -2.35263e+00     2.22792e-01    -3.51488e-01
    4.43382e+00     6.54483e-02     6.54515e-02    -1.06273e-19     8.85226e-03    -2.29256e+00     2.06119e-01    -3.51008e-01
    4.54987e+00     6.51691e-02     6.51719e-02    -1.12724e-19     8.85126e-03    -2.23345e+00     1.90441e-01    -3.50557e-01
    4.66895e+00     6.49079e-02     6.49105e-02    -1.18885e-19     8.85027e-03    -2.17530e+00     1.75716e-01    -3.50134e-01
    4.79116e+00     6.46639e-02     6.46663e-02    -1.24750e-19     8.84933e-03    -2.11809e+00     1.61903e-01    -3.49738e-01
    4.91656e+00     6.44361e-02     6.44383e-02    -1.30319e-19     8.84846e-03    -2.06183e+00     1.48963e-01    -3.49367e-01
    5.04524e+00     6.42236e-02     6.42257e-02    -1.35593e-19     8.84770e-03    -2.00649e+00     1.36856e-01    -3.49020e-01
    5.17730e+00     6.40258e-02     6.40277e-02    -1.40575e-19     8.84705e-03    -1.95208e+00     1.25545e-01    -3.48697e-01
    5.31281e+00     6.38418e-02     6.38435e-02    -1.45270e-19     8.84644e-03    -1.89859e+00     1.14991e-01    -3.48395e-01
    5.45186e+00     6.36708e-02     6.36724e-02    -1.49683e-19     8.84596e-03    -1.84601e+00     1.05159e-01    -3.48115e-01
    5.59456e+00     6.35121e-02     6.35135e-02    -1.53823e-19     8.84556e-03    -1.79434e+00     9.60133e-02    -3.47854e-01
    5.74099e+00     6.33651e-02     6.33664e-02    -1.57696e-19     8.84522e-03    -1.74357e+00     8.75188e-02    -3.47612e-01
    5.89125e+00     6.32291e-02     6.32304e-02    -1.61312e-19     8.84494e-03    -1.69369e+00     7.96418e-02    -3.47387e-01
    6.04544e+00     6.31035e-02     6.31045e-02    -1.64681e-19     8.84474e-03    -1.64470e+00     7.23494e-02    -3.47179e-01
    6.20368e+00     6.29875e-02     6.29885e-02    -1.67812e-19     8.84456e-03    -1.59659e+00     6.56095e-02    -3.46988e-01
    6.36605e+00     6.28808e-02     6.28816e-02    -1.70715e-19     8.84444e-03    -1.54936e+00     5.93910e-02    -3.46811e-01
    6.53267e+00     6.27826e-02     6.27833e-02    -1.73402e-19     8.84435e-03    -1.50300e+00     5.36637e-02    -3.46648e-01
    6.70365e+00     6.26925e-02     6.26931e-02    -1.75882e-19     8.84427e-03    -1.45751e+00     4.83983e-02    -3.46498e-01
    6.87911e+00     6.26099e-02     6.26105e-02    -1.78167e-19     8.84420e-03    -1.41288e+00     4.35666e-02    -3.46361e-01
    7.05917e+00     6.25344e-02     6.25349e-02    -1.80266e-19     8.84415e-03    -1.36910e+00     3.91411e-02    -3.46236e-01
    7.24393e+00     6.24654e-02     6.24658e-02    -1.82192e-19     8.84409e-03    -1.32618e+00     3.50958e-02    -3.46121e-01
    7.43353e+00     6.24025e-02     6.24029e-02    -1.83953e-19     8.84403e-03    -1.28409e+00     3.14052e-02    -3.46016e-01
    7.62809e+00     6.23454e-02     6.23457e-02    -1.85561e-19     8.84398e-03    -1.24285e+00     2.80453e-02    -3.45921e-01
    7.82775e+00     6.22935e-02     6.22936e-02    -1.87025e-19     8.84393e-03    -1.20243e+00     2.49929e-02    -3.45834e-01
    8.03263e+00     6.22465e-02     6.22466e-02    -1.88356e-19     8.84387e-03    -1.16284e+00     2.22257e-02    -3.45756e-01
    8.24287e+00     6.22040e-02     6.22041e-02    -1.89561e-19     8.84381e-03    -1.12406e+00     1.97228e-02    -3.45685e-01
    8.45862e+00     6.21657e-02     6.21657e-02    -1.90650e-19     8.84375e-03    -1.08610e+00     1.74641e-02    -3.45621e-01
    8.68001e+00     6.21312e-02     6.21313e-02    -1.91633e-19     8.84369e-03    -1.04893e+00     1.54305e-02    -3.45563e-01
    8.90720e+00     6.21002e-02     6.21004e-02    -1.92516e-19     8.84362e-03    -1.01256e+00     1.36040e-02    -3.45512e-01
    9.14033e+00     6.20725e-02     6.20725e-02    -1.93309e-19     8.84358e-03    -9.76967e-01     1.19675e-02    -3.45465e-01
    9.37957e+00     6.20477e-02     6.20477e-02    -1.94018e-19     8.84352e-03    -9.42153e-01     1.05050e-02    -3.45424e-01
    9.62506e+00     6.20257e-02     6.20256e-02    -1.94651e-19     8.84347e-03    -9.08106e-01     9.20132e-03    -3.45387e-01
    9.87699e+00     6.20061e-02     6.20060e-02    -1.95214e-19     8.84342e-03    -8.74815e-01     8.04238e-03    -3.45354e-01
    1.01355e+01     6.19887e-02     6.19886e-02    -1.95713e-19     8.84337e-03    -8.42272e-01     7.01485e-03    -3.45325e-01
    1.04008e+01     6.19733e-02     6.19732e-02    -1.96155e-19     8.84333e-03    -8.10466e-01     6.10638e-03    -3.45299e-01
    1.06730e+01     6.19598e-02     6.19597e-02    -1.96545e-19     8.84328e-03    -7.79387e-01     5.30544e-03    -3.45277e-01
    1.09524e+01     6.19479e-02     6.19477e-02    -1.96888e-19     8.84324e-03    -7.49024e-01     4.60129e-03    -3.45257e-01
    1.12390e+01     6.19375e-02     6.19373e-02    -1.97189e-19     8.84321e-03    -7.19366e-01     3.98408e-03    -3.45239e-01
    1.15332e+01     6.19283e-02     6.19282e-02    -1.97452e-19     8.84317e-03    -6.90403e-01     3.44470e-03    -3.45224e-01
    1.18351e+01     6.19204e-02     6.19202e-02    -1.97681e-19     8.84314e-03    -6.62123e-01     2.97473e-03    -3.45211e-01
    1.21448e+01     6.19135e-02     6.19133e-02    -1.97880e-19     8.84310e-03    -6.34515e-01     2.56646e-03    -3.45199e-01
    1.24627e+01     6.19075e-02     6.19074e-02    -1.98052e-19     8.84307e-03    -6.07566e-01     2.21289e-03    -3.45189e-01
    1.27889e+01     6.19024e-02     6.19021e-02    -1.98201e-19     8.84305e-03    -5.81266e-01     1.90763e-03    -3.45180e-01
    1.31236e+01     6.18979e-02     6.18977e-02    -1.98330e-19     8.84302e-03    -5.55602e-01     1.64496e-03    -3.45173e-01
    1.34671e+01     6.18941e-02     6.18939e-02    -1.98440e-19     8.84299e-03    -5.30561e-01     1.41957e-03    -3.45167e-01
    1.38196e+01     6.18909e-02     6.18907e-02    -1.98534e-19     8.84296e-03    -5.06133e-01     1.22677e-03    -3.45161e-01
    1.41813e+01     6.18881e-02     6.18879e-02    -1.98614e-19     8.84294e-03    -4.82304e-01     1.06237e-03    -3.45156e-01
    1.45525e+01     6.18857e-02     6.18855e-02    -1.98682e-19     8.84292e-03    -4.59062e-01     9.22590e-04    -3.45152e-01
    1.49334e+01     6.18837e-02     6.18835e-02    -1.98740e-19     8.84290e-03    -4.36396e-01     8.04065e-04    -3.45149e-01
    1.53242e+01     6.18820e-02     6.18818e-02    -1.98789e-19     8.84287e-03    -4.14292e-01     7.03810e-04    -3.45146e-01
    1.57253e+01     6.18806e-02     6.18804e-02    -1.98830e-19     8.84285e-03    -3.92739e-01     6.19219e-04    -3.45144e-01
    1.61369e+01     6.18794e-02     6.18792e-02    -1.98865e-19     8.84284e-03    -3.71725e-01     5.48001e-04    -3.45142e-01
    1.65593e+01     6.18784e-02     6.18782e-02    -1.98895e-19     8.84282e-03    -3.51237e-01     4.88115e-04    -3.45140e-01
    1.69927e+01     6.18775e-02     6.18774e-02    -1.98919e-19     8.84280e-03    -3.31263e-01     4.37922e-04    -3.45139e-01
    1.74375e+01     6.18768e-02     6.18766e-02    -1.98940e-19     8.84278e-03    -3.11792e-01     3.95804e-04    -3.45138e-01
    1.78939e+01     6.18762e-02     6.18760e-02    -1.98957e-19     8.84277e-03    -2.92812e-01     3.60472e-04    -3.45137e-01
    1.83622e+01     6.18757e-02     6.18755e-02    -1.98971e-19     8.84276e-03    -2.74312e-01     3.30807e-04    -3.45136e-01
    1.88428e+01     6.18753e-02     6.18751e-02    -1.98984e-19     8.84274e-03    -2.56279e-01     3.05844e-04    -3.45135e-01
    1.93360e+01     6.18749e-02     6.18747e-02    -1.98994e-19     8.84273e-03    -2.38703e-01     2.84755e-04    -3.45134e-01
    1.98421e+01     6.18746e-02     6.18745e-02    -1.99003e-19     8.84272e-03    -2.21573e-01     2.66847e-04    -3.45134e-01
    2.03614e+01     6.18743e-02     6.18742e-02    -1.99010e-19     8.84270e-03    -2.04877e-01     2.51517e-04    -3.45133e-01
    2.08944e+01     6.18741e-02     6.18740e-02    -1.99017e-19     8.84269e-03    -1.88606e-01     2.38248e-04    -3.45133e-01
    2.14413e+01     6.18739e-02     6.18738e-02    -1.99022e-19     8.84268e-03    -1.72748e-01     2.26591e-04    -3.45133e-01
    2.20024e+01     6.18737e-02     6.18736e-02    -1.99027e-19     8.84267e-03    -1.57294e-01     2.16151e-04    -3.45132e-01
    2.25783e+01     6.18736e-02     6.18734e-02    -1.99032e-19     8.84266e-03    -1.42233e-01     2.06567e-04    -3.45132e-01
    2.31693e+01     6.18734e-02     6.18733e-02    -1.99037e-19     8.84265e-03    -1.27557e-01     1.97494e-04    -3.45132e-01
    2.37757e+01     6.18733e-02     6.18731e-02    -1.99041e-19     8.84264e-03    -1.13255e-01     1.88584e-04    -3.45132e-01
    2.43980e+01     6.18731e-02     6.18729e-02    -1.99045e-19     8.84263e-03    -9.93175e-02     1.79458e-04    -3.45131e-01
    2.50366e+01     6.18730e-02     6.18728e-02    -1.99050e-19     8.84262e-03    -8.57369e-02     1.69676e-04    -3.45131e-01
    2.56919e+01     6.18728e-02     6.18726e-02    -1.99055e-19     8.84262e-03    -7.25042e-02     1.58686e-04    -3.45131e-01
    2.63643e+01     6.18725e-02     6.18724e-02    -1.99062e-19     8.84261e-03    -5.96111e-02     1.45766e-04    -3.45130e-01
    2.70544e+01     6.18723e-02     6.18721e-02    -1.99070e-19     8.84260e-03    -4.70502e-02     1.29931e-04    -3.45130e-01
    2.77625e+01     6.18719e-02     6.18718e-02    -1.99079e-19     8.84259e-03    -3.48143e-02     1.09808e-04    -3.45129e-01
    2.84892e+01     6.18715e-02     6.18713e-02    -1.99092e-19     8.84258e-03    -2.28972e-02     8.34992e-05    -3.45129e-01
    2.92348e+01     6.18709e-02     6.18707e-02    -1.99109e-19     8.84258e-03    -1.12937e-02     4.82309e-05    -3.45128e-01
    3.00000e+01     6.18701e-02     6.18699e-02    -1.99133e-19     8.84194e-03     0.00000e+00     0.00000e+00    -3.45126e-01
