# All units in [AU] if not specified
{"name":"Al", "Z":13, "Zstar":1.7570917055668083, "A":28,  "μ[AU]": 6.855e-02, "T[AU]": 1.838e-02, "rs[AU]": 3.000e+00 }
	 r[AU]  	 n[AU]  	 nf[AU]  	 nb[AU]     n_ion[AU]    (φ_e+φ_ions)[AU]   φtotal[AU]     δVxc/δρ[Au]  
   2.000000e-02    1.457928e+03    1.049841e+00    1.459685e+03    1.275733e-62   -4.207653e+01    6.074901e+02   -8.514940e+00
   2.321925e-02    1.148792e+03    9.696511e-01    1.150026e+03   -7.105418e-62   -4.181440e+01    5.176325e+02   -7.873089e+00
   2.695668e-02    9.033021e+02    8.949547e-01    9.041322e+02    5.108767e-61   -4.142534e+01    4.403966e+02   -7.275050e+00
   3.129569e-02    7.085830e+02    8.253532e-01    7.091041e+02   -7.383098e-61   -4.091783e+01    3.740415e+02   -6.717640e+00
   3.633312e-02    5.543457e+02    7.604782e-01    5.546324e+02   -2.899022e-59   -4.029898e+01    3.170679e+02   -6.197919e+00
   4.218140e-02    4.323688e+02    6.999898e-01    4.324798e+02   -3.968544e-58   -3.957484e+01    2.681846e+02   -5.713177e+00
   4.897102e-02    3.360836e+02    6.435754e-01    3.360654e+02   -4.184606e-57   -3.875062e+01    2.262792e+02   -5.260915e+00
   5.685351e-02    2.602430e+02    5.909471e-01    2.601316e+02    2.547365e-55   -3.783104e+01    1.903934e+02   -4.838838e+00
   6.600480e-02    2.006556e+02    5.418415e-01    2.004792e+02   -1.399721e-53   -3.682050e+01    1.597015e+02   -4.444841e+00
   7.662909e-02    1.539738e+02    4.960170e-01    1.537544e+02    9.696786e-48   -3.572337e+01    1.334916e+02   -4.076998e+00
   8.896351e-02    1.175249e+02    4.532536e-01    1.172794e+02    9.438498e-41   -3.454420e+01    1.111498e+02   -3.733551e+00
   1.032833e-01    8.917552e+01    4.133511e-01    8.891667e+01    1.052328e-34   -3.328792e+01    9.214616e+01   -3.412901e+00
   1.199080e-01    6.722315e+01    3.761279e-01    6.696076e+01    1.437517e-29   -3.196004e+01    7.602305e+01   -3.113598e+00
   1.392087e-01    5.031013e+01    3.414199e-01    5.005144e+01    3.716333e-25   -3.056686e+01    6.238475e+01   -2.834333e+00
   1.616161e-01    3.735444e+01    3.090791e-01    3.710471e+01    2.157284e-21   -2.911558e+01    5.088862e+01   -2.573925e+00
   1.876302e-01    2.749471e+01    2.789724e-01    2.725762e+01    3.495674e-18   -2.761438e+01    4.123749e+01   -2.331313e+00
   2.178317e-01    2.004608e+01    2.509802e-01    1.982410e+01    1.861521e-15   -2.607256e+01    3.317322e+01   -2.105543e+00
   2.528944e-01    1.446514e+01    2.249946e-01    1.425978e+01    3.775196e-13   -2.450042e+01    2.647110e+01   -1.895758e+00
   2.936009e-01    1.032186e+01    2.009182e-01    1.013388e+01    3.305762e-11   -2.290930e+01    2.093515e+01   -1.701184e+00
   3.408596e-01    7.277046e+00    1.786619e-01    7.106628e+00    1.393322e-09   -2.131135e+01    1.639418e+01   -1.521117e+00
   3.957253e-01    5.064421e+00    1.581430e-01    4.911309e+00    3.106598e-08   -1.971934e+01    1.269840e+01   -1.354908e+00
   4.594222e-01    3.476113e+00    1.392835e-01    3.339726e+00    3.979962e-07   -1.814636e+01    9.716725e+00   -1.201944e+00
   5.333719e-01    2.351017e+00    1.220073e-01    2.230538e+00    3.151796e-06   -1.660545e+01    7.334458e+00   -1.061636e+00
   6.192248e-01    1.565361e+00    1.062384e-01    1.459813e+00    1.646923e-05   -1.510924e+01    5.451419e+00   -9.333960e-01
   7.188968e-01    1.025040e+00    9.189736e-02    9.333526e-01    6.023789e-05   -1.366954e+01    3.980394e+00   -8.166204e-01
   8.346122e-01    6.594209e-01    7.890070e-02    5.804792e-01    1.627822e-04   -1.229694e+01    2.845827e+00   -7.108326e-01
   9.689534e-01    4.164327e-01    6.716987e-02    3.491127e-01    3.415987e-04   -1.100052e+01    1.982688e+00   -6.166069e-01
   1.000000e+00    3.776703e-01    6.488787e-02    3.126223e-01    3.885077e-04   -1.073404e+01    1.832626e+00   -5.983161e-01
   1.124919e+00    2.594139e-01    5.673221e-02    2.025054e-01    5.828851e-04   -9.779280e+00    1.343778e+00   -5.331166e-01
   1.145000e+00    2.451814e-01    5.558628e-02    1.894191e-01    6.137832e-04   -9.639349e+00    1.281030e+00   -5.239829e-01
   1.290000e+00    1.655158e-01    4.812396e-02    1.172270e-01    8.226202e-04   -8.736038e+00    9.081478e-01   -4.647495e-01
   1.305988e+00    1.589827e-01    4.740718e-02    1.114129e-01    8.436438e-04   -8.645224e+00    8.755897e-01   -4.590878e-01
   1.435000e+00    1.160167e-01    4.207776e-02    7.379451e-02    9.960469e-04   -7.974522e+00    6.513786e-01   -4.172069e-01
   1.516203e+00    9.657057e-02    3.918530e-02    5.725316e-02    1.076052e-03   -7.597860e+00    5.428544e-01   -3.946781e-01
   1.580000e+00    8.420884e-02    3.711763e-02    4.696852e-02    1.130697e-03   -7.323577e+00    4.709375e-01   -3.786884e-01
   1.725000e+00    6.263258e-02    3.289131e-02    2.963789e-02    1.230942e-03   -6.764326e+00    3.385727e-01   -3.463989e-01
   1.760255e+00    5.860819e-02    3.198465e-02    2.652457e-02    1.250880e-03   -6.639229e+00    3.127297e-01   -3.395572e-01
   1.870000e+00    4.804798e-02    2.935275e-02    1.860873e-02    1.303620e-03   -6.275740e+00    2.427987e-01   -3.199169e-01
   2.015000e+00    3.773923e-02    2.629561e-02    1.137110e-02    1.355521e-03   -5.847246e+00    1.710337e-01   -2.976219e-01
   2.043590e+00    3.613505e-02    2.575985e-02    1.030519e-02    1.363843e-03   -5.768519e+00    1.595007e-01   -2.937860e-01
   2.160000e+00    3.053078e-02    2.371375e-02    6.756157e-03    1.392874e-03   -5.466873e+00    1.183121e-01   -2.793814e-01
   2.305000e+00    2.532350e-02    2.148759e-02    3.784529e-03    1.423062e-03   -5.127943e+00    7.863714e-02   -2.642488e-01
   2.372532e+00    2.347644e-02    2.059244e-02    2.836461e-03    1.437956e-03   -4.981847e+00    6.419789e-02   -2.583630e-01
   2.450000e+00    2.168744e-02    1.965479e-02    1.989097e-03    1.459320e-03   -4.822777e+00    5.001174e-02   -2.523471e-01
   2.595000e+00    1.906215e-02    1.811310e-02    9.118628e-04    1.532040e-03   -4.547490e+00    2.881061e-02   -2.428603e-01
   2.740000e+00    1.725640e-02    1.688970e-02    3.347542e-04    1.698313e-03   -4.297242e+00    1.394976e-02   -2.357931e-01
   2.754420e+00    1.712003e-02    1.678981e-02    2.987448e-04    1.722678e-03   -4.273534e+00    1.281836e-02   -2.352388e-01
   2.885000e+00    1.609874e-02    1.599473e-02    7.643151e-05    2.040857e-03   -4.068429e+00    4.303554e-03   -2.309867e-01
   3.030000e+00    1.542026e-02    1.539636e-02    5.038812e-26    2.661464e-03   -3.858481e+00   -1.385065e-03   -2.280568e-01
   3.175000e+00    1.512585e-02    1.510508e-02   -1.348306e-21    3.601103e-03   -3.665000e+00   -3.845056e-03   -2.267573e-01
   3.197779e+00    1.511275e-02    1.509244e-02   -1.437284e-21    3.772198e-03   -3.635939e+00   -3.950470e-03   -2.266991e-01
   3.320000e+00    1.513123e-02    1.511322e-02   -1.291982e-21    4.721904e-03   -3.486093e+00   -3.763535e-03   -2.267813e-01
   3.465000e+00    1.532985e-02    1.531423e-02   -2.009725e-22    5.942742e-03   -3.320515e+00   -2.044746e-03   -2.276596e-01
   3.610000e+00    1.565941e-02    1.562871e-02    1.731994e-05    7.156453e-03   -3.166999e+00    7.755639e-04   -2.290996e-01
   3.712501e+00    1.594321e-02    1.587721e-02    5.406321e-05    7.979992e-03   -3.065158e+00    3.190985e-03   -2.303228e-01
   3.755000e+00    1.606820e-02    1.598280e-02    7.402688e-05    8.301977e-03   -3.024465e+00    4.251841e-03   -2.308567e-01
   3.900000e+00    1.648363e-02    1.632079e-02    1.532860e-04    9.391029e-03   -2.892233e+00    7.767315e-03   -2.326107e-01
   4.045000e+00    1.687033e-02    1.662069e-02    2.417464e-04    1.034511e-02   -2.769485e+00    1.102638e-02   -2.342159e-01
   4.190000e+00    1.719163e-02    1.686100e-02    3.242304e-04    1.109185e-02   -2.655565e+00    1.372653e-02   -2.355302e-01
   4.310075e+00    1.739267e-02    1.700784e-02    3.795599e-04    1.149432e-02   -2.567441e+00    1.541423e-02   -2.363439e-01
   4.335000e+00    1.742718e-02    1.703281e-02    3.893339e-04    1.155227e-02   -2.549809e+00    1.570405e-02   -2.364829e-01
   4.480000e+00    1.755449e-02    1.712453e-02    4.261485e-04    1.174378e-02   -2.451675e+00    1.677695e-02   -2.369941e-01
   4.625000e+00    1.757904e-02    1.714271e-02    4.336138e-04    1.168964e-02   -2.360483e+00    1.699424e-02   -2.370924e-01
   4.770000e+00    1.751085e-02    1.709497e-02    4.141278e-04    1.144359e-02   -2.275594e+00    1.643985e-02   -2.368192e-01
   4.915000e+00    1.736674e-02    1.699230e-02    3.735295e-04    1.107190e-02   -2.196379e+00    1.525237e-02   -2.362393e-01
   5.003835e+00    1.725394e-02    1.691089e-02    3.426118e-04    1.079871e-02   -2.150355e+00    1.431937e-02   -2.357831e-01
   5.060000e+00    1.717501e-02    1.685338e-02    3.214588e-04    1.061732e-02   -2.122171e+00    1.366524e-02   -2.354626e-01
   5.205000e+00    1.694143e-02    1.668054e-02    2.613429e-04    1.017170e-02   -2.052541e+00    1.172456e-02   -2.345082e-01
   5.350000e+00    1.669248e-02    1.649176e-02    2.017070e-04    9.752102e-03   -1.986923e+00    9.649710e-03   -2.334808e-01
   5.495000e+00    1.644371e-02    1.629792e-02    1.472192e-04    9.382112e-03   -1.924883e+00    7.570442e-03   -2.324435e-01
   5.640000e+00    1.620709e-02    1.610811e-02    1.007640e-04    9.070308e-03   -1.866044e+00    5.587395e-03   -2.314466e-01
   5.785000e+00    1.599115e-02    1.592956e-02    6.365908e-05    8.817609e-03   -1.810084e+00    3.773231e-03   -2.305279e-01
   5.809265e+00    1.595826e-02    1.590187e-02    5.850792e-05    8.779431e-03   -1.800975e+00    3.496575e-03   -2.303872e-01
   5.930000e+00    1.580352e-02    1.576954e-02    3.628138e-05    8.617556e-03   -1.756716e+00    2.193614e-03   -2.297226e-01
   6.075000e+00    1.564363e-02    1.562877e-02    1.732693e-05    8.476360e-03   -1.705739e+00    8.449078e-04   -2.290311e-01
   6.220000e+00    1.551433e-02    1.551110e-02    5.824548e-06    8.382759e-03   -1.656946e+00   -2.474158e-04   -2.284683e-01
   6.365000e+00    1.541504e-02    1.541729e-02    4.352891e-07    8.330014e-03   -1.610173e+00   -1.087286e-03   -2.280338e-01
   6.510000e+00    1.534401e-02    1.534678e-02   -9.436506e-23    8.312935e-03   -1.565283e+00   -1.688661e-03   -2.277219e-01
   6.655000e+00    1.529864e-02    1.530142e-02   -2.501392e-22    8.321990e-03   -1.522158e+00   -2.073249e-03   -2.275221e-01
   6.744339e+00    1.528282e-02    1.528559e-02   -3.152304e-22    8.333785e-03   -1.496417e+00   -2.207374e-03   -2.274523e-01
   6.800000e+00    1.527716e-02    1.527993e-02   -3.397585e-22    8.343611e-03   -1.480687e+00   -2.255462e-03   -2.274273e-01
   6.945000e+00    1.527421e-02    1.527696e-02   -3.528403e-22    8.387340e-03   -1.440798e+00   -2.280728e-03   -2.274143e-01
   7.090000e+00    1.528779e-02    1.529050e-02   -2.944913e-22    8.443576e-03   -1.402401e+00   -2.166018e-03   -2.274743e-01
   7.235000e+00    1.531464e-02    1.531728e-02   -1.900138e-22    8.509651e-03   -1.365427e+00   -1.938974e-03   -2.275926e-01
   7.380000e+00    1.535153e-02    1.535411e-02   -7.416526e-23    8.581669e-03   -1.329811e+00   -1.626990e-03   -2.277549e-01
   7.525000e+00    1.539536e-02    1.539786e-02    8.202989e-09    8.657091e-03   -1.295498e+00   -1.256363e-03   -2.279475e-01
   7.670000e+00    1.544320e-02    1.544410e-02    1.523281e-06    8.735096e-03   -1.262434e+00   -8.520462e-04   -2.281573e-01
   7.815000e+00    1.549221e-02    1.549026e-02    4.281743e-06    8.811804e-03   -1.230573e+00   -4.381465e-04   -2.283717e-01
   7.829924e+00    1.549730e-02    1.549500e-02    4.617780e-06    8.819116e-03   -1.227359e+00   -3.951884e-04   -2.283939e-01
   7.960000e+00    1.553998e-02    1.553447e-02    7.746899e-06    8.881534e-03   -1.199867e+00   -3.493192e-05   -2.285802e-01
   8.105000e+00    1.558384e-02    1.557450e-02    1.147429e-05    8.943873e-03   -1.170280e+00    3.349071e-04   -2.287713e-01
   8.250000e+00    1.562215e-02    1.560908e-02    1.510204e-05    8.994915e-03   -1.141767e+00    6.576420e-04   -2.289378e-01
   8.395000e+00    1.565354e-02    1.563716e-02    1.830832e-05    9.032850e-03   -1.114286e+00    9.217745e-04   -2.290741e-01
   8.540000e+00    1.567718e-02    1.565816e-02    2.085093e-05    9.056971e-03   -1.087795e+00    1.120311e-03   -2.291766e-01
   8.685000e+00    1.569276e-02    1.567191e-02    2.258140e-05    9.067528e-03   -1.062250e+00    1.250706e-03   -2.292441e-01
   8.830000e+00    1.570047e-02    1.567864e-02    2.344780e-05    9.065575e-03   -1.037606e+00    1.314520e-03   -2.292775e-01
   8.975000e+00    1.570089e-02    1.567893e-02    2.348530e-05    9.053004e-03   -1.013818e+00    1.316849e-03   -2.292793e-01
   9.090248e+00    1.569691e-02    1.567534e-02    2.302096e-05    9.036036e-03   -9.954884e-01    1.282195e-03   -2.292621e-01
   9.120000e+00    1.569541e-02    1.567399e-02    2.284797e-05    9.030819e-03   -9.908360e-01    1.269266e-03   -2.292556e-01
   9.265000e+00    1.568436e-02    1.566410e-02    2.159274e-05    9.003756e-03   -9.686221e-01    1.174665e-03   -2.292077e-01
   9.410000e+00    1.566947e-02    1.565077e-02    1.994190e-05    8.973829e-03   -9.471281e-01    1.047581e-03   -2.291432e-01
   9.555000e+00    1.565201e-02    1.563509e-02    1.806380e-05    8.942509e-03   -9.263121e-01    8.987559e-04   -2.290675e-01
   9.700000e+00    1.563320e-02    1.561814e-02    1.611168e-05    8.911909e-03   -9.061343e-01    7.385524e-04   -2.289858e-01
   9.845000e+00    1.561415e-02    1.560091e-02    1.421181e-05    8.883489e-03   -8.865576e-01    5.763372e-04   -2.289031e-01
   9.990000e+00    1.559581e-02    1.558424e-02    1.245869e-05    8.858394e-03   -8.675478e-01    4.201418e-04   -2.288233e-01
   1.013500e+01    1.557895e-02    1.556884e-02    1.091515e-05    8.837330e-03   -8.490740e-01    2.764346e-04   -2.287500e-01
   1.028000e+01    1.556414e-02    1.555524e-02    9.615118e-06    8.820647e-03   -8.311081e-01    1.500514e-04   -2.286855e-01
   1.042500e+01    1.555175e-02    1.554382e-02    8.570053e-06    8.808464e-03   -8.136248e-01    4.423399e-05   -2.286315e-01
   1.055344e+01    1.554305e-02    1.553577e-02    7.859392e-06    8.800876e-03   -7.985231e-01   -3.023258e-05   -2.285936e-01
   1.057000e+01    1.554212e-02    1.553490e-02    7.784204e-06    8.800063e-03   -7.966008e-01   -3.824468e-05   -2.285895e-01
   1.071500e+01    1.553509e-02    1.552836e-02    7.224959e-06    8.796197e-03   -7.800178e-01   -9.871023e-05   -2.285589e-01
   1.086000e+01    1.553068e-02    1.552423e-02    6.880144e-06    8.794760e-03   -7.638569e-01   -1.368742e-04   -2.285397e-01
   1.100500e+01    1.552878e-02    1.552241e-02    6.730178e-06    8.798730e-03   -7.481017e-01   -1.538314e-04   -2.285314e-01
   1.115000e+01    1.552905e-02    1.552259e-02    6.745057e-06    8.804089e-03   -7.327384e-01   -1.524571e-04   -2.285325e-01
   1.129500e+01    1.553113e-02    1.552446e-02    6.899254e-06    8.811287e-03   -7.177540e-01   -1.356124e-04   -2.285416e-01
   1.144000e+01    1.553467e-02    1.552767e-02    7.167079e-06    8.819830e-03   -7.031367e-01   -1.064420e-04   -2.285570e-01
   1.158500e+01    1.553927e-02    1.553186e-02    7.522047e-06    8.829153e-03   -6.888756e-01   -6.824041e-05   -2.285771e-01
   1.173000e+01    1.554454e-02    1.553666e-02    7.936901e-06    8.838718e-03   -6.749604e-01   -2.429458e-05   -2.286001e-01
   1.187500e+01    1.555012e-02    1.554174e-02    8.384101e-06    8.848060e-03   -6.613813e-01    2.225844e-05   -2.286244e-01
   1.202000e+01    1.555566e-02    1.554678e-02    8.836562e-06    8.856743e-03   -6.481289e-01    6.854059e-05   -2.286485e-01
   1.216500e+01    1.556087e-02    1.555151e-02    9.268902e-06    8.864421e-03   -6.351942e-01    1.120356e-04   -2.286712e-01
   1.225214e+01    1.556380e-02    1.555417e-02    9.515317e-06    8.868056e-03   -6.275689e-01    1.365223e-04   -2.286840e-01
   1.231000e+01    1.556563e-02    1.555583e-02    9.669938e-06    8.870148e-03   -6.225669e-01    1.517771e-04   -2.286920e-01
   1.245500e+01    1.556953e-02    1.555936e-02    1.000214e-05    8.875072e-03   -6.102399e-01    1.842627e-04   -2.287089e-01
   1.260000e+01    1.557257e-02    1.556210e-02    1.026332e-05    8.878482e-03   -5.982032e-01    2.095266e-04   -2.287222e-01
   1.274500e+01    1.557468e-02    1.556400e-02    1.044535e-05    8.880355e-03   -5.864475e-01    2.269703e-04   -2.287314e-01
   1.289000e+01    1.557585e-02    1.556503e-02    1.054548e-05    8.880769e-03   -5.749639e-01    2.364674e-04   -2.287365e-01
   1.303500e+01    1.557611e-02    1.556525e-02    1.056600e-05    8.879867e-03   -5.637433e-01    2.383138e-04   -2.287376e-01
   1.318000e+01    1.557554e-02    1.556470e-02    1.051356e-05    8.877836e-03   -5.527764e-01    2.331619e-04   -2.287351e-01
   1.332500e+01    1.557425e-02    1.556351e-02    1.039822e-05    8.874917e-03   -5.420545e-01    2.219476e-04   -2.287295e-01
   1.347000e+01    1.557238e-02    1.556177e-02    1.023234e-05    8.871362e-03   -5.315685e-01    2.058028e-04   -2.287214e-01
   1.361500e+01    1.557006e-02    1.555964e-02    1.002949e-05    8.867421e-03   -5.213099e-01    1.859721e-04   -2.287113e-01
   1.376000e+01    1.556746e-02    1.555725e-02    9.803433e-06    8.863333e-03   -5.112704e-01    1.637346e-04   -2.287000e-01
   1.390500e+01    1.556472e-02    1.555473e-02    9.567274e-06    8.859313e-03   -5.014418e-01    1.403334e-04   -2.286880e-01
   1.405000e+01    1.556197e-02    1.555220e-02    9.332813e-06    8.855553e-03   -4.918167e-01    1.169176e-04   -2.286760e-01
   1.419500e+01    1.555934e-02    1.554978e-02    9.110040e-06    8.852169e-03   -4.823876e-01    9.449183e-05   -2.286646e-01
   1.422428e+01    1.555886e-02    1.554934e-02    9.069333e-06    8.851471e-03   -4.805065e-01    9.037433e-05   -2.286625e-01
   1.434000e+01    1.555699e-02    1.554762e-02    8.912384e-06    8.849102e-03   -4.731473e-01    7.444293e-05   -2.286543e-01
   1.448500e+01    1.555487e-02    1.554567e-02    8.736311e-06    8.846830e-03   -4.640904e-01    5.646082e-05   -2.286451e-01
   1.463000e+01    1.555312e-02    1.554405e-02    8.590709e-06    8.845173e-03   -4.552103e-01    4.149984e-05   -2.286375e-01
   1.477500e+01    1.555174e-02    1.554279e-02    8.477415e-06    8.844122e-03   -4.465015e-01    2.979973e-05   -2.286315e-01
   1.492000e+01    1.555076e-02    1.554188e-02    8.396576e-06    8.843651e-03   -4.379589e-01    2.141824e-05   -2.286272e-01
   1.506500e+01    1.555015e-02    1.554132e-02    8.346864e-06    8.843703e-03   -4.295777e-01    1.624880e-05   -2.286246e-01
   1.521000e+01    1.554990e-02    1.554108e-02    8.325744e-06    8.844206e-03   -4.213535e-01    1.404668e-05   -2.286234e-01
   1.535500e+01    1.554995e-02    1.554113e-02    8.329723e-06    8.845076e-03   -4.132820e-01    1.445622e-05   -2.286236e-01
   1.550000e+01    1.555025e-02    1.554141e-02    8.354613e-06    8.846215e-03   -4.053593e-01    1.704137e-05   -2.286250e-01
   1.564500e+01    1.555076e-02    1.554187e-02    8.395809e-06    8.847554e-03   -3.975817e-01    2.131822e-05   -2.286272e-01
   1.579000e+01    1.555140e-02    1.554246e-02    8.448411e-06    8.848922e-03   -3.899458e-01    2.677199e-05   -2.286300e-01
   1.593500e+01    1.555212e-02    1.554313e-02    8.507822e-06    8.850353e-03   -3.824480e-01    3.292100e-05   -2.286331e-01
   1.608000e+01    1.555286e-02    1.554382e-02    8.569417e-06    8.851704e-03   -3.750851e-01    3.928422e-05   -2.286364e-01
   1.622500e+01    1.555358e-02    1.554448e-02    8.629030e-06    8.852947e-03   -3.678539e-01    4.543235e-05   -2.286395e-01
   1.637000e+01    1.555423e-02    1.554508e-02    8.682952e-06    8.854009e-03   -3.607513e-01    5.098669e-05   -2.286423e-01
   1.651386e+01    1.555477e-02    1.554558e-02    8.727902e-06    8.854837e-03   -3.538288e-01    5.561497e-05   -2.286447e-01
   1.651500e+01    1.555477e-02    1.554558e-02    8.728257e-06    8.854842e-03   -3.537742e-01    5.565147e-05   -2.286447e-01
   1.666000e+01    1.555518e-02    1.554596e-02    8.762469e-06    8.855434e-03   -3.469196e-01    5.917803e-05   -2.286465e-01
   1.680500e+01    1.555544e-02    1.554620e-02    8.784232e-06    8.855775e-03   -3.401845e-01    6.143239e-05   -2.286476e-01
   1.695000e+01    1.555553e-02    1.554630e-02    8.792851e-06    8.855866e-03   -3.335660e-01    6.234652e-05   -2.286480e-01
   1.709500e+01    1.555547e-02    1.554625e-02    8.788375e-06    8.855726e-03   -3.270610e-01    6.192658e-05   -2.286477e-01
   1.724000e+01    1.555526e-02    1.554606e-02    8.771505e-06    8.855369e-03   -3.206667e-01    6.024312e-05   -2.286468e-01
   1.738500e+01    1.555491e-02    1.554575e-02    8.743533e-06    8.854833e-03   -3.143803e-01    5.742566e-05   -2.286453e-01
   1.753000e+01    1.555445e-02    1.554534e-02    8.706201e-06    8.854150e-03   -3.081989e-01    5.364879e-05   -2.286433e-01
   1.767500e+01    1.555390e-02    1.554484e-02    8.661588e-06    8.853366e-03   -3.021197e-01    4.912130e-05   -2.286409e-01
   1.782000e+01    1.555329e-02    1.554429e-02    8.611957e-06    8.852519e-03   -2.961400e-01    4.407182e-05   -2.286382e-01
   1.796500e+01    1.555264e-02    1.554371e-02    8.559646e-06    8.851648e-03   -2.902572e-01    3.873774e-05   -2.286354e-01
   1.811000e+01    1.555199e-02    1.554312e-02    8.506957e-06    8.850804e-03   -2.844688e-01    3.335458e-05   -2.286325e-01
   1.825500e+01    1.555136e-02    1.554255e-02    8.455998e-06    8.850015e-03   -2.787722e-01    2.813994e-05   -2.286298e-01
   1.840000e+01    1.555077e-02    1.554202e-02    8.408642e-06    8.849309e-03   -2.731651e-01    2.328839e-05   -2.286272e-01
   1.854500e+01    1.555024e-02    1.554154e-02    8.366451e-06    8.848707e-03   -2.676453e-01    1.896403e-05   -2.286249e-01
   1.869000e+01    1.554979e-02    1.554114e-02    8.330653e-06    8.848237e-03   -2.622105e-01    1.529683e-05   -2.286230e-01
   1.883500e+01    1.554943e-02    1.554082e-02    8.302068e-06    8.847901e-03   -2.568587e-01    1.237478e-05   -2.286214e-01
   1.898000e+01    1.554916e-02    1.554058e-02    8.281133e-06    8.847758e-03   -2.515879e-01    1.024584e-05   -2.286202e-01
   1.912500e+01    1.554898e-02    1.554043e-02    8.267669e-06    8.847698e-03   -2.463963e-01    8.893159e-06   -2.286194e-01
   1.917197e+01    1.554895e-02    1.554041e-02    8.265667e-06    8.847662e-03   -2.447313e-01    8.700530e-06   -2.286193e-01
   1.927000e+01    1.554891e-02    1.554038e-02    8.263245e-06    8.847663e-03   -2.412820e-01    8.481473e-06   -2.286191e-01
   1.941500e+01    1.554891e-02    1.554039e-02    8.264060e-06    8.847844e-03   -2.362434e-01    8.615129e-06   -2.286191e-01
   1.956000e+01    1.554899e-02    1.554047e-02    8.271009e-06    8.848128e-03   -2.312790e-01    9.387229e-06   -2.286195e-01
   1.970500e+01    1.554912e-02    1.554060e-02    8.282935e-06    8.848492e-03   -2.263870e-01    1.067701e-05   -2.286201e-01
   1.985000e+01    1.554930e-02    1.554078e-02    8.298506e-06    8.848911e-03   -2.215662e-01    1.234489e-05   -2.286208e-01
   1.999500e+01    1.554951e-02    1.554098e-02    8.316272e-06    8.849364e-03   -2.168150e-01    1.423953e-05   -2.286217e-01
   2.014000e+01    1.554973e-02    1.554118e-02    8.334725e-06    8.849826e-03   -2.121321e-01    1.620369e-05   -2.286227e-01
   2.028500e+01    1.554993e-02    1.554138e-02    8.352351e-06    8.850268e-03   -2.075162e-01    1.808022e-05   -2.286236e-01
   2.043000e+01    1.555011e-02    1.554156e-02    8.367717e-06    8.850669e-03   -2.029661e-01    1.972049e-05   -2.286244e-01
   2.057500e+01    1.555024e-02    1.554169e-02    8.379521e-06    8.851006e-03   -1.984804e-01    2.099003e-05   -2.286249e-01
   2.072000e+01    1.555032e-02    1.554177e-02    8.386651e-06    8.851256e-03   -1.940580e-01    2.177403e-05   -2.286253e-01
   2.086500e+01    1.555033e-02    1.554179e-02    8.388252e-06    8.851423e-03   -1.896976e-01    2.198418e-05   -2.286253e-01
   2.101000e+01    1.555026e-02    1.554174e-02    8.383679e-06    8.851461e-03   -1.853981e-01    2.155377e-05   -2.286250e-01
   2.115500e+01    1.555012e-02    1.554161e-02    8.372687e-06    8.851386e-03   -1.811581e-01    2.045700e-05   -2.286244e-01
   2.130000e+01    1.554990e-02    1.554142e-02    8.355337e-06    8.851192e-03   -1.769766e-01    1.869940e-05   -2.286234e-01
   2.144500e+01    1.554960e-02    1.554115e-02    8.332026e-06    8.850886e-03   -1.728523e-01    1.632068e-05   -2.286221e-01
   2.159000e+01    1.554924e-02    1.554083e-02    8.303461e-06    8.850477e-03   -1.687839e-01    1.339272e-05   -2.286206e-01
   2.173500e+01    1.554883e-02    1.554046e-02    8.270629e-06    8.849977e-03   -1.647703e-01    1.001635e-05   -2.286188e-01
   2.188000e+01    1.554838e-02    1.554006e-02    8.234775e-06    8.849414e-03   -1.608103e-01    6.319546e-06   -2.286168e-01
   2.202500e+01    1.554791e-02    1.553963e-02    8.197302e-06    8.848804e-03   -1.569026e-01    2.447484e-06   -2.286148e-01
   2.217000e+01    1.554744e-02    1.553921e-02    8.159745e-06    8.848176e-03   -1.530461e-01   -1.440146e-06   -2.286127e-01
   2.225794e+01    1.554717e-02    1.553896e-02    8.138298e-06    8.847766e-03   -1.507317e-01   -3.661947e-06   -2.286115e-01
   2.231500e+01    1.554700e-02    1.553881e-02    8.125019e-06    8.847503e-03   -1.492395e-01   -5.037949e-06   -2.286108e-01
   2.246000e+01    1.554658e-02    1.553844e-02    8.092310e-06    8.846925e-03   -1.454819e-01   -8.430452e-06   -2.286090e-01
   2.260500e+01    1.554623e-02    1.553812e-02    8.064383e-06    8.846400e-03   -1.417720e-01   -1.132623e-05   -2.286074e-01
   2.275000e+01    1.554595e-02    1.553787e-02    8.042578e-06    8.845983e-03   -1.381088e-01   -1.358286e-05   -2.286062e-01
   2.289500e+01    1.554576e-02    1.553770e-02    8.027931e-06    8.845675e-03   -1.344913e-01   -1.508963e-05   -2.286054e-01
   2.304000e+01    1.554567e-02    1.553763e-02    8.021218e-06    8.845500e-03   -1.309185e-01   -1.576354e-05   -2.286050e-01
   2.318500e+01    1.554568e-02    1.553765e-02    8.022873e-06    8.845466e-03   -1.273896e-01   -1.555837e-05   -2.286051e-01
   2.333000e+01    1.554580e-02    1.553776e-02    8.032975e-06    8.845579e-03   -1.239036e-01   -1.446590e-05   -2.286056e-01
   2.347500e+01    1.554602e-02    1.553797e-02    8.051233e-06    8.845843e-03   -1.204598e-01   -1.251795e-05   -2.286065e-01
   2.362000e+01    1.554634e-02    1.553826e-02    8.076954e-06    8.846253e-03   -1.170575e-01   -9.788839e-06   -2.286079e-01
   2.376500e+01    1.554673e-02    1.553863e-02    8.109054e-06    8.846798e-03   -1.136960e-01   -6.394929e-06   -2.286096e-01
   2.391000e+01    1.554718e-02    1.553905e-02    8.146062e-06    8.847461e-03   -1.103747e-01   -2.492690e-06   -2.286116e-01
   2.405500e+01    1.554767e-02    1.553950e-02    8.186149e-06    8.848218e-03   -1.070931e-01    1.724677e-06   -2.286137e-01
   2.420000e+01    1.554817e-02    1.553997e-02    8.227178e-06    8.849039e-03   -1.038507e-01    6.032627e-06   -2.286159e-01
   2.434500e+01    1.554865e-02    1.554042e-02    8.266772e-06    8.849887e-03   -1.006470e-01    1.018328e-05   -2.286180e-01
   2.449000e+01    1.554908e-02    1.554082e-02    8.302398e-06    8.850715e-03   -9.748166e-02    1.391403e-05   -2.286199e-01
   2.463500e+01    1.554944e-02    1.554115e-02    8.331503e-06    8.851482e-03   -9.435419e-02    1.696157e-05   -2.286214e-01
   2.478000e+01    1.554968e-02    1.554138e-02    8.351622e-06    8.852137e-03   -9.126422e-02    1.907234e-05   -2.286225e-01
   2.492500e+01    1.554978e-02    1.554148e-02    8.360537e-06    8.852621e-03   -8.821134e-02    2.001862e-05   -2.286229e-01
   2.507000e+01    1.554973e-02    1.554143e-02    8.356481e-06    8.852885e-03   -8.519511e-02    1.961834e-05   -2.286227e-01
   2.521500e+01    1.554950e-02    1.554123e-02    8.338297e-06    8.852887e-03   -8.221505e-02    1.775062e-05   -2.286217e-01
   2.536000e+01    1.554909e-02    1.554086e-02    8.305593e-06    8.852594e-03   -7.927059e-02    1.437158e-05   -2.286199e-01
   2.550500e+01    1.554852e-02    1.554033e-02    8.258864e-06    8.851996e-03   -7.636112e-02    9.526902e-06   -2.286174e-01
   2.565000e+01    1.554778e-02    1.553966e-02    8.199533e-06    8.851104e-03   -7.348592e-02    3.356845e-06   -2.286142e-01
   2.579500e+01    1.554692e-02    1.553887e-02    8.129915e-06    8.849952e-03   -7.064421e-02   -3.905602e-06   -2.286104e-01
   2.584063e+01    1.554663e-02    1.553860e-02    8.106761e-06    8.849534e-03   -6.975674e-02   -6.326090e-06   -2.286092e-01
   2.594000e+01    1.554597e-02    1.553800e-02    8.054054e-06    8.848573e-03   -6.783503e-02   -1.184508e-05   -2.286063e-01
   2.608500e+01    1.554497e-02    1.553709e-02    7.973882e-06    8.847098e-03   -6.505764e-02   -2.026445e-05   -2.286020e-01
   2.623000e+01    1.554398e-02    1.553617e-02    7.894385e-06    8.845587e-03   -6.231102e-02   -2.864138e-05   -2.285976e-01
   2.637500e+01    1.554304e-02    1.553531e-02    7.819664e-06    8.844121e-03   -5.959420e-02   -3.654045e-05   -2.285935e-01
   2.652000e+01    1.554221e-02    1.553455e-02    7.753664e-06    8.842799e-03   -5.690628e-02   -4.353745e-05   -2.285899e-01
   2.666500e+01    1.554153e-02    1.553393e-02    7.699897e-06    8.841668e-03   -5.424639e-02   -4.925058e-05   -2.285869e-01
   2.681000e+01    1.554104e-02    1.553348e-02    7.661361e-06    8.840799e-03   -5.161371e-02   -5.335075e-05   -2.285848e-01
   2.695500e+01    1.554077e-02    1.553324e-02    7.640371e-06    8.840234e-03   -4.900754e-02   -5.558246e-05   -2.285836e-01
   2.710000e+01    1.554074e-02    1.553321e-02    7.638470e-06    8.840006e-03   -4.642724e-02   -5.577568e-05   -2.285835e-01
   2.724500e+01    1.554097e-02    1.553342e-02    7.656373e-06    8.840115e-03   -4.387229e-02   -5.385366e-05   -2.285845e-01
   2.739000e+01    1.554144e-02    1.553386e-02    7.693998e-06    8.840550e-03   -4.134227e-02   -4.983001e-05   -2.285866e-01
   2.753500e+01    1.554215e-02    1.553451e-02    7.750515e-06    8.841287e-03   -3.883685e-02   -4.380332e-05   -2.285897e-01
   2.768000e+01    1.554308e-02    1.553537e-02    7.824417e-06    8.842280e-03   -3.635579e-02   -3.594800e-05   -2.285937e-01
   2.782500e+01    1.554419e-02    1.553639e-02    7.913651e-06    8.843529e-03   -3.389891e-02   -2.649793e-05   -2.285986e-01
   2.797000e+01    1.554546e-02    1.553756e-02    8.015538e-06    8.844980e-03   -3.146612e-02   -1.575283e-05   -2.286041e-01
   2.811500e+01    1.554684e-02    1.553883e-02    8.126896e-06    8.846428e-03   -2.905736e-02   -4.062311e-06   -2.286101e-01
   2.826000e+01    1.554830e-02    1.554017e-02    8.244823e-06    8.848225e-03   -2.667256e-02    8.258770e-06   -2.286165e-01
   2.840500e+01    1.554978e-02    1.554153e-02    8.365037e-06    8.850228e-03   -2.431181e-02    2.075738e-05   -2.286229e-01
   2.855000e+01    1.555121e-02    1.554284e-02    8.482352e-06    8.852168e-03   -2.197528e-02    3.289571e-05   -2.286292e-01
   2.869500e+01    1.555254e-02    1.554407e-02    8.591711e-06    8.854130e-03   -1.966311e-02    4.415917e-05   -2.286350e-01
   2.884000e+01    1.555371e-02    1.554513e-02    8.687671e-06    8.856098e-03   -1.737549e-02    5.400127e-05   -2.286400e-01
   2.898500e+01    1.555464e-02    1.554598e-02    8.764322e-06    8.858022e-03   -1.511268e-02    6.183410e-05   -2.286441e-01
   2.913000e+01    1.555525e-02    1.554655e-02    8.815363e-06    8.859912e-03   -1.287495e-02    6.703299e-05   -2.286468e-01
   2.927500e+01    1.555548e-02    1.554675e-02    8.833930e-06    8.861723e-03   -1.066265e-02    6.891389e-05   -2.286478e-01
   2.942000e+01    1.555523e-02    1.554652e-02    8.812650e-06    8.863437e-03   -8.476209e-03    6.673249e-05   -2.286467e-01
   2.956500e+01    1.555440e-02    1.554575e-02    8.743610e-06    8.865030e-03   -6.316112e-03    5.967021e-05   -2.286430e-01
   2.971000e+01    1.555288e-02    1.554436e-02    8.618354e-06    8.866021e-03   -4.182956e-03    4.682063e-05   -2.286365e-01
   2.985500e+01    1.555059e-02    1.554226e-02    8.429959e-06    8.867796e-03   -2.077233e-03    2.738386e-05   -2.286265e-01
   3.000000e+01    1.554736e-02    1.553929e-02    8.166822e-06    8.841941e-03    0.000000e+00    0.000000e+00   -2.286124e-01
