# All units in [AU] if not specified
{"name":"Al", "Z":13, "Zstar":4.144032140362588, "A":28,  "μ[AU]": 2.312e-01, "T[AU]": 3.675e-02, "rs[AU]": 3.000e+00 }
	 r[AU]  	 n[AU]  	 nf[AU]  	 nb[AU]     n_ion[AU]    (φ_e+φ_ions)[AU]   φtotal[AU]     δVxc/δρ[Au]  
   2.000000e-02    1.465780e+03    1.944718e+00    1.463498e+03   -5.315776e-23   -4.259272e+01    6.069740e+02   -8.530001e+00
   2.074867e-02    1.382476e+03    1.907140e+00    1.380252e+03   -5.847998e-23   -4.253168e+01    5.835812e+02   -8.367379e+00
   2.152536e-02    1.303753e+03    1.870215e+00    1.301586e+03   -6.333524e-23   -4.246295e+01    5.610424e+02   -8.207571e+00
   2.233113e-02    1.229365e+03    1.833930e+00    1.227253e+03   -6.767821e-23   -4.238667e+01    5.393269e+02   -8.050526e+00
   2.316707e-02    1.159077e+03    1.798274e+00    1.157018e+03   -7.146245e-23   -4.230296e+01    5.184051e+02   -7.896192e+00
   2.403429e-02    1.092668e+03    1.763235e+00    1.090660e+03   -7.464068e-23   -4.221194e+01    4.982486e+02   -7.744521e+00
   2.493398e-02    1.029927e+03    1.728802e+00    1.027970e+03   -7.716520e-23   -4.211372e+01    4.788299e+02   -7.595464e+00
   2.586734e-02    9.706570e+02    1.694963e+00    9.687477e+02   -7.898831e-23   -4.200842e+01    4.601225e+02   -7.448970e+00
   2.683565e-02    9.146684e+02    1.661709e+00    9.128066e+02   -8.006295e-23   -4.189612e+01    4.421008e+02   -7.304993e+00
   2.784020e-02    8.617855e+02    1.629027e+00    8.599687e+02   -8.034335e-23   -4.177694e+01    4.247404e+02   -7.163490e+00
   2.888235e-02    8.118381e+02    1.596908e+00    8.100658e+02   -7.978584e-23   -4.165097e+01    4.080175e+02   -7.024411e+00
   2.996352e-02    7.646681e+02    1.565340e+00    7.629388e+02   -7.834988e-23   -4.151831e+01    3.919093e+02   -6.887714e+00
   3.108516e-02    7.201246e+02    1.534315e+00    7.184370e+02   -7.599917e-23   -4.137903e+01    3.763936e+02   -6.753355e+00
   3.224878e-02    6.780650e+02    1.503822e+00    6.764181e+02   -7.270303e-23   -4.123322e+01    3.614494e+02   -6.621291e+00
   3.345597e-02    6.383544e+02    1.473852e+00    6.367471e+02   -6.843794e-23   -4.108097e+01    3.470561e+02   -6.491480e+00
   3.470834e-02    6.008655e+02    1.444394e+00    5.992964e+02   -6.318945e-23   -4.092235e+01    3.331941e+02   -6.363881e+00
   3.600760e-02    5.654768e+02    1.415440e+00    5.639453e+02   -5.695425e-23   -4.075744e+01    3.198442e+02   -6.238453e+00
   3.735548e-02    5.320750e+02    1.386980e+00    5.305797e+02   -4.974274e-23   -4.058630e+01    3.069882e+02   -6.115159e+00
   3.875383e-02    5.005513e+02    1.359006e+00    4.990912e+02   -4.158182e-23   -4.040902e+01    2.946084e+02   -5.993958e+00
   4.020452e-02    4.708033e+02    1.331509e+00    4.693778e+02   -3.251825e-23   -4.022566e+01    2.826877e+02   -5.874812e+00
   4.170952e-02    4.427343e+02    1.304479e+00    4.413425e+02   -2.262246e-23   -4.003628e+01    2.712099e+02   -5.757685e+00
   4.327085e-02    4.162529e+02    1.277909e+00    4.148939e+02   -1.199291e-23   -3.984095e+01    2.601589e+02   -5.642540e+00
   4.489063e-02    3.912724e+02    1.251791e+00    3.899451e+02   -7.611048e-25   -3.963974e+01    2.495197e+02   -5.529342e+00
   4.657104e-02    3.677106e+02    1.226115e+00    3.664143e+02    1.090261e-23   -3.943269e+01    2.392774e+02   -5.418056e+00
   4.831435e-02    3.454898e+02    1.200875e+00    3.442238e+02    2.278253e-23   -3.921989e+01    2.294180e+02   -5.308647e+00
   5.012293e-02    3.245367e+02    1.176063e+00    3.233003e+02    3.461005e-23   -3.900137e+01    2.199276e+02   -5.201082e+00
   5.199920e-02    3.047819e+02    1.151670e+00    3.035742e+02    4.605511e-23   -3.877722e+01    2.107933e+02   -5.095329e+00
   5.394571e-02    2.861595e+02    1.127691e+00    2.849799e+02    5.671647e-23   -3.854747e+01    2.020022e+02   -4.991355e+00
   5.596509e-02    2.686073e+02    1.104116e+00    2.674551e+02    6.611057e-23   -3.831219e+01    1.935421e+02   -4.889129e+00
   5.806006e-02    2.520663e+02    1.080940e+00    2.509410e+02    7.365896e-23   -3.807145e+01    1.854013e+02   -4.788619e+00
   6.023345e-02    2.364812e+02    1.058154e+00    2.353820e+02    7.867395e-23   -3.782528e+01    1.775683e+02   -4.689797e+00
   6.248820e-02    2.217989e+02    1.035754e+00    2.207253e+02    8.034236e-23   -3.757377e+01    1.700322e+02   -4.592633e+00
   6.482735e-02    2.079699e+02    1.013731e+00    2.069212e+02    7.770708e-23   -3.731696e+01    1.627824e+02   -4.497098e+00
   6.725406e-02    1.949466e+02    9.920787e-01    1.939224e+02    6.964620e-23   -3.705491e+01    1.558086e+02   -4.403162e+00
   6.977161e-02    1.826849e+02    9.707916e-01    1.816845e+02    5.484936e-23   -3.678769e+01    1.491012e+02   -4.310802e+00
   7.238341e-02    1.711422e+02    9.498632e-01    1.701651e+02    3.179100e-23   -3.651535e+01    1.426505e+02   -4.219987e+00
   7.509297e-02    1.602787e+02    9.292872e-01    1.593244e+02   -1.299878e-24   -3.623796e+01    1.364474e+02   -4.130693e+00
   7.790396e-02    1.500565e+02    9.090578e-01    1.491245e+02   -4.533795e-23   -3.595559e+01    1.304832e+02   -4.042893e+00
   8.082017e-02    1.404400e+02    8.891691e-01    1.395298e+02   -9.695385e-23   -3.566829e+01    1.247493e+02   -3.956562e+00
   8.384555e-02    1.313953e+02    8.696155e-01    1.305064e+02   -1.508010e-22   -3.537614e+01    1.192375e+02   -3.871677e+00
   8.698419e-02    1.228904e+02    8.503914e-01    1.220224e+02   -2.001941e-22   -3.507921e+01    1.139399e+02   -3.788213e+00
   9.024031e-02    1.148951e+02    8.314914e-01    1.140475e+02   -2.368901e-22   -3.477757e+01    1.088489e+02   -3.706147e+00
   9.361831e-02    1.073806e+02    8.129102e-01    1.065531e+02   -2.508373e-22   -3.447128e+01    1.039571e+02   -3.625455e+00
   9.712277e-02    1.003201e+02    7.946426e-01    9.951211e+01   -2.298906e-22   -3.416044e+01    9.925743e+01   -3.546117e+00
   1.007584e-01    9.368771e+01    7.766837e-01    9.289892e+01   -1.594869e-22   -3.384511e+01    9.474304e+01   -3.468109e+00
   1.045302e-01    8.745935e+01    7.590284e-01    8.668933e+01   -2.227663e-23   -3.352538e+01    9.040731e+01   -3.391412e+00
   1.084431e-01    8.161200e+01    7.416720e-01    8.086042e+01    1.947206e-22   -3.320134e+01    8.624389e+01   -3.316003e+00
   1.125025e-01    7.612412e+01    7.246098e-01    7.539053e+01    4.600984e-22   -3.287306e+01    8.224661e+01   -3.241863e+00
   1.167138e-01    7.097511e+01    7.078372e-01    7.025917e+01    7.164157e-22   -3.254065e+01    7.840955e+01   -3.168973e+00
   1.210828e-01    6.614560e+01    6.913498e-01    6.544696e+01    8.922742e-22   -3.220420e+01    7.472698e+01   -3.097314e+00
   1.256154e-01    6.161725e+01    6.751432e-01    6.093557e+01    9.000698e-22   -3.186380e+01    7.119337e+01   -3.026865e+00
   1.303176e-01    5.737273e+01    6.592133e-01    5.670767e+01    6.334080e-22   -3.151955e+01    6.780339e+01   -2.957610e+00
   1.351959e-01    5.339568e+01    6.435558e-01    5.274688e+01   -3.583295e-23   -3.117156e+01    6.455189e+01   -2.889531e+00
   1.402567e-01    4.967053e+01    6.281668e-01    4.903770e+01   -1.159742e-21   -3.081994e+01    6.143391e+01   -2.822610e+00
   1.455070e-01    4.618268e+01    6.130424e-01    4.556549e+01   -2.416210e-21   -3.046481e+01    5.844464e+01   -2.756831e+00
   1.509538e-01    4.291821e+01    5.981787e-01    4.231639e+01   -3.312748e-21   -3.010626e+01    5.557944e+01   -2.692176e+00
   1.566046e-01    3.986410e+01    5.835720e-01    3.927731e+01   -3.241709e-21   -2.974444e+01    5.283386e+01   -2.628631e+00
   1.624668e-01    3.700793e+01    5.692187e-01    3.643587e+01   -1.461747e-21   -2.937945e+01    5.020355e+01   -2.566180e+00
   1.685485e-01    3.433798e+01    5.551153e-01    3.378039e+01    2.852837e-21   -2.901144e+01    4.768436e+01   -2.504808e+00
   1.748579e-01    3.184321e+01    5.412583e-01    3.129981e+01    9.477701e-21   -2.864052e+01    4.527224e+01   -2.444499e+00
   1.814034e-01    2.951319e+01    5.276444e-01    2.898368e+01    1.705428e-20   -2.826684e+01    4.296331e+01   -2.385240e+00
   1.881940e-01    2.733800e+01    5.142703e-01    2.682213e+01    2.384345e-20   -2.789054e+01    4.075379e+01   -2.327017e+00
   1.952387e-01    2.530835e+01    5.011328e-01    2.480584e+01    2.769709e-20   -2.751176e+01    3.864006e+01   -2.269816e+00
   2.025472e-01    2.341539e+01    4.882289e-01    2.292601e+01    1.703331e-19   -2.713064e+01    3.661860e+01   -2.213623e+00
   2.101292e-01    2.165083e+01    4.755555e-01    2.117431e+01    1.178418e-18   -2.674735e+01    3.468600e+01   -2.158427e+00
   2.179951e-01    2.000679e+01    4.631096e-01    1.954289e+01    4.075697e-18   -2.636204e+01    3.283900e+01   -2.104214e+00
   2.261554e-01    1.847587e+01    4.508884e-01    1.802433e+01    1.014372e-17   -2.597486e+01    3.107440e+01   -2.050972e+00
   2.346212e-01    1.705105e+01    4.388891e-01    1.661164e+01    4.154744e-17   -2.558598e+01    2.938914e+01   -1.998690e+00
   2.434039e-01    1.572571e+01    4.271090e-01    1.529820e+01    1.832566e-16   -2.519558e+01    2.778026e+01   -1.947355e+00
   2.525153e-01    1.449363e+01    4.155453e-01    1.407778e+01    5.493937e-16   -2.480381e+01    2.624488e+01   -1.896957e+00
   2.619679e-01    1.334891e+01    4.041955e-01    1.294450e+01    1.469483e-15   -2.441085e+01    2.478022e+01   -1.847484e+00
   2.717742e-01    1.228601e+01    3.930569e-01    1.189281e+01    5.201091e-15   -2.401689e+01    2.338360e+01   -1.798926e+00
   2.819477e-01    1.129968e+01    3.821272e-01    1.091748e+01    1.556887e-14   -2.362209e+01    2.205242e+01   -1.751272e+00
   2.925020e-01    1.038500e+01    3.714038e-01    1.001357e+01    3.973987e-14   -2.322665e+01    2.078416e+01   -1.704513e+00
   3.034513e-01    9.537304e+00    3.608844e-01    9.176447e+00    1.130031e-13   -2.283074e+01    1.957640e+01   -1.658637e+00
   3.148106e-01    8.752226e+00    3.505665e-01    8.401721e+00    2.948103e-13   -2.243457e+01    1.842677e+01   -1.613635e+00
   3.265950e-01    8.025626e+00    3.404479e-01    7.685272e+00    7.087683e-13   -2.203830e+01    1.733301e+01   -1.569498e+00
   3.388206e-01    7.353623e+00    3.305263e-01    7.023216e+00    1.731843e-12   -2.164215e+01    1.629290e+01   -1.526216e+00
   3.515039e-01    6.732556e+00    3.207994e-01    6.411900e+00    3.918383e-12   -2.124630e+01    1.530432e+01   -1.483780e+00
   3.646619e-01    6.158994e+00    3.112651e-01    5.847885e+00    8.675225e-12   -2.085094e+01    1.436519e+01   -1.442181e+00
   3.783124e-01    5.629690e+00    3.019212e-01    5.327938e+00    1.848466e-11   -2.045627e+01    1.347353e+01   -1.401409e+00
   3.924740e-01    5.141608e+00    2.927654e-01    4.849020e+00    3.784661e-11   -2.006249e+01    1.262739e+01   -1.361457e+00
   4.071656e-01    4.691890e+00    2.837957e-01    4.408275e+00    7.529427e-11   -1.966979e+01    1.182491e+01   -1.322316e+00
   4.224073e-01    4.277853e+00    2.750100e-01    4.003023e+00    1.443016e-10   -1.927837e+01    1.106428e+01   -1.283976e+00
   4.382194e-01    3.896971e+00    2.664061e-01    3.630745e+00    2.687358e-10   -1.888843e+01    1.034374e+01   -1.246430e+00
   4.546235e-01    3.546886e+00    2.579819e-01    3.289081e+00    4.845343e-10   -1.850015e+01    9.661606e+00   -1.209670e+00
   4.716416e-01    3.225378e+00    2.497355e-01    2.975816e+00    8.489388e-10   -1.811374e+01    9.016230e+00   -1.173686e+00
   4.892968e-01    2.930371e+00    2.416646e-01    2.688874e+00    1.445385e-09   -1.772938e+01    8.406029e+00   -1.138472e+00
   5.076129e-01    2.659918e+00    2.337672e-01    2.426314e+00    2.393941e-09   -1.734726e+01    7.829469e+00   -1.104018e+00
   5.266146e-01    2.412203e+00    2.260413e-01    2.186315e+00    3.862285e-09   -1.696758e+01    7.285069e+00   -1.070317e+00
   5.463276e-01    2.185516e+00    2.184847e-01    1.967178e+00    6.073207e-09   -1.659052e+01    6.771394e+00   -1.037361e+00
   5.667786e-01    1.978269e+00    2.110954e-01    1.767312e+00    9.318446e-09   -1.621625e+01    6.287061e+00   -1.005142e+00
   5.879951e-01    1.788974e+00    2.038712e-01    1.585232e+00    1.396290e-08   -1.584496e+01    5.830730e+00   -9.736513e-01
   6.100058e-01    1.616241e+00    1.968101e-01    1.419552e+00    2.045015e-08   -1.547683e+01    5.401110e+00   -9.428819e-01
   6.328404e-01    1.458778e+00    1.899099e-01    1.268980e+00    2.930144e-08   -1.511202e+01    4.996953e+00   -9.128258e-01
   6.565298e-01    1.315377e+00    1.831684e-01    1.132312e+00    4.110629e-08   -1.475069e+01    4.617055e+00   -8.834749e-01
   6.811060e-01    1.184914e+00    1.765835e-01    1.008427e+00    5.650812e-08   -1.439302e+01    4.260253e+00   -8.548213e-01
   7.066022e-01    1.066346e+00    1.701529e-01    8.962809e-01    7.618145e-08   -1.403914e+01    3.925428e+00   -8.268576e-01
   7.330528e-01    9.586995e-01    1.638744e-01    7.949051e-01    1.008012e-07   -1.368922e+01    3.611499e+00   -7.995752e-01
   7.604935e-01    8.610726e-01    1.577458e-01    7.033996e-01    1.310070e-07   -1.334340e+01    3.317428e+00   -7.729669e-01
   7.889614e-01    7.726288e-01    1.517647e-01    6.209296e-01    1.673642e-07   -1.300181e+01    3.042211e+00   -7.470248e-01
   8.184950e-01    6.925970e-01    1.459292e-01    5.467264e-01    2.103259e-07   -1.266459e+01    2.784886e+00   -7.217479e-01
   8.491341e-01    6.203477e-01    1.402443e-01    4.801559e-01    2.601963e-07   -1.233186e+01    2.544525e+00   -6.974897e-01
   8.809201e-01    5.551180e-01    1.347009e-01    4.204640e-01    3.171011e-07   -1.200372e+01    2.320240e+00   -6.738868e-01
   9.138960e-01    4.962943e-01    1.292965e-01    3.670393e-01    3.809664e-07   -1.168030e+01    2.111177e+00   -6.509327e-01
   9.481063e-01    4.433102e-01    1.240289e-01    3.193176e-01    4.515089e-07   -1.136169e+01    1.916516e+00   -6.286217e-01
   9.835972e-01    3.956431e-01    1.188958e-01    2.767791e-01    5.282373e-07   -1.104799e+01    1.735471e+00   -6.069478e-01
   1.020417e+00    3.528122e-01    1.138947e-01    2.389451e-01    6.104659e-07   -1.073927e+01    1.567291e+00   -5.859058e-01
   1.058614e+00    3.143750e-01    1.090235e-01    2.053755e-01    6.973395e-07   -1.043561e+01    1.411256e+00   -5.654910e-01
   1.098242e+00    2.799253e-01    1.042797e-01    1.756662e-01    7.878656e-07   -1.013709e+01    1.266678e+00   -5.456991e-01
   1.139353e+00    2.490902e-01    9.966105e-02    1.494466e-01    8.809553e-07   -9.843751e+00    1.132899e+00   -5.265265e-01
   1.182003e+00    2.215279e-01    9.516532e-02    1.263774e-01    9.754671e-07   -9.555652e+00    1.009294e+00   -5.079705e-01
   1.226250e+00    1.969257e-01    9.079028e-02    1.061478e-01    1.070253e-06   -9.272832e+00    8.952658e-01   -4.900293e-01
   1.272152e+00    1.749981e-01    8.653381e-02    8.847452e-02    1.164208e-06   -8.995323e+00    7.902463e-01   -4.727024e-01
   1.319773e+00    1.554842e-01    8.239390e-02    7.309867e-02    1.256333e-06   -8.723146e+00    6.936968e-01   -4.559903e-01
   1.369177e+00    1.381467e-01    7.836868e-02    5.978469e-02    1.345834e-06   -8.456315e+00    6.051063e-01   -4.398956e-01
   1.420430e+00    1.227694e-01    7.445645e-02    4.831828e-02    1.432315e-06   -8.194833e+00    5.239910e-01   -4.244222e-01
   1.473602e+00    1.091565e-01    7.065576e-02    3.850484e-02    1.516239e-06   -7.938694e+00    4.498945e-01   -4.095767e-01
   1.528764e+00    9.713030e-02    6.696543e-02    3.016790e-02    1.600130e-06   -7.687883e+00    3.823866e-01   -3.953680e-01
   1.585991e+00    8.653024e-02    6.338467e-02    2.314772e-02    1.691426e-06   -7.442372e+00    3.210634e-01   -3.818082e-01
   1.645360e+00    7.721158e-02    5.991304e-02    1.729993e-02    1.809411e-06   -7.202127e+00    2.655467e-01   -3.689126e-01
   1.706951e+00    6.904417e-02    5.655057e-02    1.249436e-02    2.001685e-06   -6.967099e+00    2.154841e-01   -3.567005e-01
   1.770849e+00    6.191143e-02    5.329766e-02    8.614021e-03    2.382883e-06   -6.737231e+00    1.705488e-01   -3.451956e-01
   1.837138e+00    5.570941e-02    5.015490e-02    5.554337e-03    3.224417e-06   -6.512453e+00    1.304392e-01   -3.344263e-01
   1.905908e+00    5.034581e-02    4.712226e-02    3.223059e-03    5.155822e-06   -6.292683e+00    9.487983e-02   -3.244262e-01
   1.977253e+00    4.573941e-02    4.419683e-02    1.541802e-03    9.599073e-06   -6.077825e+00    6.362084e-02   -3.152344e-01
   2.051268e+00    4.181913e-02    4.136437e-02    4.537832e-04    1.998719e-05   -5.867771e+00    3.643878e-02   -3.068949e-01
   2.128054e+00    3.852360e-02    3.852247e-02   -7.560500e-22    4.525543e-05   -5.662397e+00    1.313630e-02   -2.994566e-01
   2.207715e+00    3.580025e-02    3.579898e-02   -2.844112e-20    1.039597e-04   -5.461568e+00   -6.459450e-03   -2.929707e-01
   2.290357e+00    3.360412e-02    3.360279e-02   -6.594415e-20    2.164609e-04   -5.265139e+00   -2.250204e-02   -2.874875e-01
   2.376093e+00    3.189669e-02    3.189527e-02   -1.023216e-19    4.094970e-04   -5.072965e+00   -3.513286e-02   -2.830506e-01
   2.465039e+00    3.064400e-02    3.064256e-02   -1.326964e-19    7.121082e-04   -4.884910e+00   -4.449239e-02   -2.796898e-01
   2.557314e+00    2.981441e-02    2.981300e-02   -1.544674e-19    1.147757e-03   -4.700861e+00   -5.073530e-02   -2.774115e-01
   2.653043e+00    2.937631e-02    2.937491e-02   -1.664887e-19    1.730182e-03   -4.520747e+00   -5.404678e-02   -2.761906e-01
   2.752355e+00    2.929555e-02    2.929420e-02   -1.687432e-19    2.446338e-03   -4.344552e+00   -5.465808e-02   -2.759641e-01
   2.855386e+00    2.953410e-02    2.953279e-02   -1.621149e-19    3.286684e-03   -4.172319e+00   -5.285197e-02   -2.766317e-01
   2.962273e+00    3.004815e-02    3.004690e-02   -1.481969e-19    4.218170e-03   -4.004160e+00   -4.897091e-02   -2.780578e-01
   3.073161e+00    3.078758e-02    3.078642e-02   -1.290547e-19    5.199940e-03   -3.840252e+00   -4.341293e-02   -2.800798e-01
   3.188200e+00    3.169638e-02    3.169531e-02   -1.069661e-19    6.169932e-03   -3.680824e+00   -3.662087e-02   -2.825194e-01
   3.307545e+00    3.271551e-02    3.271456e-02   -8.412617e-20    7.096329e-03   -3.526128e+00   -2.905381e-02   -2.851983e-01
   3.431358e+00    3.378425e-02    3.378340e-02   -6.244982e-20    7.937963e-03   -3.376427e+00   -2.117302e-02   -2.879464e-01
   3.559806e+00    3.484334e-02    3.484260e-02   -4.339827e-20    8.655103e-03   -3.231968e+00   -1.341686e-02   -2.906109e-01
   3.693062e+00    3.583932e-02    3.583870e-02   -2.786950e-20    9.229294e-03   -3.092951e+00   -6.169928e-03   -2.930661e-01
   3.831306e+00    3.672768e-02    3.672716e-02   -1.619490e-20    9.663239e-03   -2.959509e+00    2.566182e-04   -2.952166e-01
   3.974725e+00    3.747402e-02    3.747362e-02   -8.222176e-21    9.954211e-03   -2.831704e+00    5.629306e-03   -2.969956e-01
   4.123513e+00    3.805626e-02    3.805597e-02   -3.417660e-21    1.010879e-02   -2.709514e+00    9.804345e-03   -2.983666e-01
   4.277870e+00    3.846594e-02    3.846571e-02   -1.006976e-21    1.015114e-02   -2.592829e+00    1.273337e-02   -2.993226e-01
   4.438006e+00    3.870651e-02    3.870636e-02   -1.358331e-22    1.010060e-02   -2.481460e+00    1.445046e-02   -2.998807e-01
   4.604136e+00    3.879245e-02    3.879238e-02   -8.762393e-42    9.989406e-03   -2.375151e+00    1.506365e-02   -3.000795e-01
   4.776485e+00    3.874519e-02    3.874521e-02   -5.524050e-23    9.828902e-03   -2.273606e+00    1.472723e-02   -2.999702e-01
   4.955285e+00    3.859270e-02    3.859280e-02   -4.807856e-22    9.646739e-03   -2.176488e+00    1.364028e-02   -2.996170e-01
   5.140778e+00    3.836549e-02    3.836555e-02   -1.504999e-21    9.459529e-03   -2.083448e+00    1.201871e-02   -2.990888e-01
   5.333216e+00    3.809432e-02    3.809439e-02   -3.152899e-21    9.280042e-03   -1.994140e+00    1.008013e-02   -2.984557e-01
   5.532856e+00    3.780827e-02    3.780835e-02   -5.287845e-21    9.121467e-03   -1.908235e+00    8.031814e-03   -2.977845e-01
   5.739971e+00    3.753249e-02    3.753258e-02   -7.673945e-21    8.990121e-03   -1.825433e+00    6.053801e-03   -2.971340e-01
   5.954838e+00    3.728713e-02    3.728723e-02   -1.003811e-20    8.891481e-03   -1.745474e+00    4.291252e-03   -2.965525e-01
   6.177748e+00    3.708604e-02    3.708612e-02   -1.213216e-20    8.825725e-03   -1.668149e+00    2.844568e-03   -2.960739e-01
   6.409002e+00    3.693651e-02    3.693690e-02   -1.377546e-20    8.791510e-03   -1.593296e+00    1.767719e-03   -2.957169e-01
   6.648914e+00    3.683931e-02    3.683939e-02   -1.488180e-20    8.783773e-03   -1.520806e+00    1.067101e-03   -2.954842e-01
   6.897806e+00    3.678948e-02    3.678950e-02   -1.546026e-20    8.795543e-03   -1.450616e+00    7.077812e-04   -2.953648e-01
   7.156014e+00    3.677794e-02    3.677796e-02   -1.559562e-20    8.819974e-03   -1.382696e+00    6.243216e-04   -2.953371e-01
   7.423889e+00    3.679282e-02    3.679529e-02   -1.542166e-20    8.848637e-03   -1.317039e+00    7.315492e-04   -2.953728e-01
   7.701791e+00    3.682208e-02    3.682210e-02   -1.508149e-20    8.876621e-03   -1.253643e+00    9.424325e-04   -2.954430e-01
   7.990096e+00    3.685460e-02    3.685461e-02   -1.470664e-20    8.898584e-03   -1.192504e+00    1.176645e-03   -2.955209e-01
   8.289193e+00    3.688205e-02    3.688207e-02   -1.439277e-20    8.912578e-03   -1.133599e+00    1.374322e-03   -2.955866e-01
   8.599486e+00    3.689955e-02    3.689952e-02   -1.419377e-20    8.918476e-03   -1.076884e+00    1.500415e-03   -2.956285e-01
   8.921395e+00    3.690571e-02    3.690567e-02   -1.412408e-20    8.917812e-03   -1.022293e+00    1.544710e-03   -2.956432e-01
   9.255354e+00    3.690182e-02    3.690177e-02   -1.416818e-20    8.912702e-03   -9.697425e-01    1.516659e-03   -2.956339e-01
   9.601814e+00    3.689100e-02    3.689096e-02   -1.429104e-20    8.905485e-03   -9.191389e-01    1.438687e-03   -2.956080e-01
   9.961243e+00    3.687710e-02    3.687705e-02   -1.444938e-20    8.898621e-03   -8.703862e-01    1.338531e-03   -2.955747e-01
   1.033413e+01    3.686337e-02    3.686334e-02   -1.460634e-20    8.893272e-03   -8.233950e-01    1.239615e-03   -2.955418e-01
   1.072097e+01    3.685193e-02    3.685193e-02   -1.473754e-20    8.889911e-03   -7.780864e-01    1.157217e-03   -2.955145e-01
   1.112229e+01    3.684356e-02    3.684354e-02   -1.483370e-20    8.888304e-03   -7.343935e-01    1.096985e-03   -2.954944e-01
   1.153864e+01    3.683795e-02    3.683794e-02   -1.489836e-20    8.887801e-03   -6.922595e-01    1.056562e-03   -2.954810e-01
   1.197057e+01    3.683415e-02    3.683414e-02   -1.494212e-20    8.887684e-03   -6.516342e-01    1.029236e-03   -2.954719e-01
   1.241867e+01    3.683120e-02    3.683120e-02   -1.497618e-20    8.887456e-03   -6.124697e-01    1.007989e-03   -2.954648e-01
   1.288354e+01    3.682847e-02    3.682845e-02   -1.500778e-20    8.886885e-03   -5.747175e-01    9.882873e-04   -2.954583e-01
   1.336582e+01    3.682586e-02    3.682587e-02   -1.503787e-20    8.886264e-03   -5.383274e-01    9.695393e-04   -2.954520e-01
   1.386615e+01    3.682344e-02    3.682343e-02   -1.506597e-20    8.885683e-03   -5.032497e-01    9.520439e-04   -2.954462e-01
   1.438521e+01    3.682123e-02    3.682123e-02   -1.509155e-20    8.885348e-03   -4.694367e-01    9.361265e-04   -2.954409e-01
   1.492369e+01    3.681890e-02    3.681890e-02   -1.511852e-20    8.885266e-03   -4.368453e-01    9.193562e-04   -2.954353e-01
   1.548234e+01    3.681547e-02    3.681546e-02   -1.515826e-20    8.885332e-03   -4.054383e-01    8.946572e-04   -2.954271e-01
   1.606190e+01    3.680890e-02    3.680889e-02   -1.523461e-20    8.880826e-03   -3.751882e-01    8.472673e-04   -2.954114e-01
   1.666315e+01    3.680629e-02    3.680627e-02   -1.526497e-20    8.881293e-03   -3.460028e-01    8.284349e-04   -2.954051e-01
   1.728691e+01    3.680492e-02    3.680489e-02   -1.528095e-20    8.881429e-03   -3.178622e-01    8.185339e-04   -2.954018e-01
   1.793402e+01    3.680353e-02    3.680353e-02   -1.529703e-20    8.881035e-03   -2.907374e-01    8.085666e-04   -2.953985e-01
   1.860535e+01    3.680237e-02    3.680236e-02   -1.531063e-20    8.880987e-03   -2.645902e-01    8.001472e-04   -2.953957e-01
   1.930182e+01    3.680069e-02    3.680065e-02   -1.533018e-20    8.879970e-03   -2.393904e-01    7.880431e-04   -2.953917e-01
   2.002435e+01    3.680069e-02    3.680065e-02   -1.533013e-20    8.881068e-03   -2.150882e-01    7.880722e-04   -2.953917e-01
   2.077393e+01    3.679828e-02    3.679825e-02   -1.535827e-20    8.879811e-03   -1.916803e-01    7.706579e-04   -2.953859e-01
   2.155157e+01    3.679617e-02    3.679879e-02   -1.538294e-20    8.879258e-03   -1.691155e-01    7.553994e-04   -2.953809e-01
   2.235832e+01    3.679458e-02    3.679716e-02   -1.540144e-20    8.878918e-03   -1.473617e-01    7.439629e-04   -2.953771e-01
   2.319527e+01    3.679338e-02    3.679336e-02   -1.541552e-20    8.878691e-03   -1.263905e-01    7.352613e-04   -2.953742e-01
   2.406355e+01    3.679226e-02    3.679455e-02   -1.542857e-20    8.878459e-03   -1.061756e-01    7.271996e-04   -2.953715e-01
   2.496433e+01    3.679106e-02    3.679116e-02   -1.544262e-20    8.878207e-03   -8.669107e-02    7.185261e-04   -2.953686e-01
   2.589883e+01    3.678957e-02    3.678952e-02   -1.546003e-20    8.878120e-03   -6.791197e-02    7.077790e-04   -2.953650e-01
   2.686832e+01    3.678606e-02    3.678605e-02   -1.550107e-20    8.877225e-03   -4.982544e-02    6.824555e-04   -2.953566e-01
   2.787409e+01    3.678080e-02    3.678081e-02   -1.556261e-20    8.877753e-03   -3.240503e-02    6.445296e-04   -2.953440e-01
   2.891752e+01    3.676042e-02    3.676040e-02   -1.580193e-20    8.876953e-03   -1.572364e-02    4.975310e-04   -2.952951e-01
   3.000000e+01    3.669144e-02    3.669143e-02   -1.662111e-20    8.841941e-03    0.000000e+00    0.000000e+00   -2.951296e-01
