# All units in [AU] if not specified
{"name":"Al", "Z":13, "Zstar":5.794329128483285, "A":28,  "μ[AU]": -6.803e+00, "T[AU]": 1.838e+00, "rs[AU]": 5.441e+00 }
	 r[AU]  	 n[AU]  	 nf[AU]  	 nb[AU]     n_ion[AU]    (φ_e+φ_ions)[AU]   φtotal[AU]     δVxc/δρ[Au]  
    1.00000e-03     1.41364e+05     8.12364e-01     1.41358e+05     0.00000e+00    -4.66619e+01     1.29531e+04    -3.86601e+01
    1.27081e-03     9.85674e+04     7.20423e-01     9.85636e+04     0.00000e+00    -4.66618e+01     1.01828e+04    -3.42991e+01
    1.61496e-03     6.87023e+04     6.38826e-01     6.86995e+04     0.00000e+00    -4.65536e+01     8.00294e+03    -3.04279e+01
    2.05231e-03     4.78637e+04     5.66400e-01     4.78617e+04     0.00000e+00    -4.63494e+01     6.28774e+03    -2.69909e+01
    2.60810e-03     3.33260e+04     5.02105e-01     3.33245e+04     0.00000e+00    -4.60566e+01     4.93818e+03    -2.39390e+01
    3.31440e-03     2.31864e+04     4.45019e-01     2.31852e+04     0.00000e+00    -4.56791e+01     3.87636e+03    -2.12282e+01
    4.21198e-03     1.61163e+04     3.94324e-01     1.61154e+04     0.00000e+00    -4.52178e+01     3.04098e+03    -1.88199e+01
    5.35263e-03     1.11886e+04     3.49291e-01     1.11879e+04     0.00000e+00    -4.46714e+01     2.38380e+03    -1.66794e+01
    6.80218e-03     7.75580e+03     3.09278e-01     7.75526e+03     0.00000e+00    -4.40365e+01     1.86688e+03    -1.47763e+01
    8.64428e-03     5.36602e+03     2.73713e-01     5.36558e+03     0.00000e+00    -4.33079e+01     1.46034e+03    -1.30834e+01
    1.09852e-02     3.70380e+03     2.42090e-01     3.70345e+03     0.00000e+00    -4.24792e+01     1.14069e+03    -1.15766e+01
    1.39602e-02     2.54894e+03     2.13959e-01     2.54865e+03     0.00000e+00    -4.15428e+01     8.89439e+02    -1.02347e+01
    1.77407e-02     1.74777e+03     1.88923e-01     1.74753e+03     0.00000e+00    -4.04904e+01     6.92047e+02    -9.03851e+00
    2.25451e-02     1.19300e+03     1.66633e-01     1.19280e+03     0.00000e+00    -3.93132e+01     5.37069e+02    -7.97145e+00
    2.86506e-02     8.09807e+02     1.46778e-01     8.09637e+02     0.00000e+00    -3.80023e+01     4.15501e+02    -7.01864e+00
    3.64095e-02     5.45949e+02     1.29086e-01     5.45805e+02     0.00000e+00    -3.65499e+01     3.20261e+02    -6.16698e+00
    4.62696e-02     3.64998e+02     1.13319e-01     3.64875e+02     0.00000e+00    -3.49492e+01     2.45774e+02    -5.40494e+00
    5.87999e-02     2.41545e+02     9.92702e-02     2.41439e+02     0.00000e+00    -3.31961e+01     1.87654e+02    -4.72237e+00
    7.47236e-02     1.57872e+02     8.67600e-02     1.57781e+02     0.00000e+00    -3.12901e+01     1.42445e+02    -4.11036e+00
    9.49596e-02     1.01633e+02     7.56350e-02     1.01555e+02     0.00000e+00    -2.92359e+01     1.07425e+02    -3.56115e+00
    1.20676e-01     6.42296e+01     6.57650e-02     6.41625e+01     0.00000e+00    -2.70448e+01     8.04430e+01    -3.06791e+00
    1.53356e-01     3.96786e+01     5.70408e-02     3.96208e+01     0.00000e+00    -2.47362e+01     5.97949e+01    -2.62467e+00
    1.94887e-01     2.38255e+01     4.93703e-02     2.37757e+01     0.00000e+00    -2.23394e+01     4.41272e+01    -2.22605e+00
    2.47664e-01     1.37942e+01     4.26746e-02     1.37513e+01     0.00000e+00    -1.98944e+01     3.23572e+01    -1.86705e+00
    3.14734e-01     7.60504e+00     3.68806e-02     7.56808e+00     0.00000e+00    -1.74524e+01     2.36134e+01    -1.54271e+00
    3.99968e-01     3.91009e+00     3.19121e-02     3.87816e+00     0.00000e+00    -1.50758e+01     1.71880e+01    -1.24776e+00
    5.08283e-01     1.81277e+00     2.76776e-02     1.78510e+00     0.00000e+00    -1.28358e+01     1.25016e+01    -9.77730e-01
    6.45932e-01     7.34835e-01     2.40669e-02     7.10778e-01     0.00000e+00    -1.08068e+01     9.08023e+00    -7.35320e-01
    8.20857e-01     2.73490e-01     2.09742e-02     2.52521e-01     0.00000e+00    -9.04887e+00     6.54932e+00    -5.41821e-01
    1.04315e+00     1.08062e-01     1.83067e-02     8.97570e-02     0.00000e+00    -7.58094e+00     4.64235e+00    -4.08329e-01
    1.32565e+00     4.98767e-02     1.59855e-02     3.38918e-02     0.00000e+00    -6.37981e+00     3.18777e+00    -3.23517e-01
    1.68465e+00     2.71139e-02     1.39472e-02     1.31668e-02     0.00000e+00    -5.40280e+00     2.07500e+00    -2.69676e-01
    1.81377e+00     2.33190e-02     1.33963e-02     9.92282e-03     0.00000e+00    -5.12650e+00     1.80199e+00    -2.57846e-01
    1.96770e+00     2.00457e-02     1.28181e-02     7.22767e-03     0.00000e+00    -4.83912e+00     1.52867e+00    -2.46515e-01
    2.12163e+00     1.76650e-02     1.23114e-02     5.35367e-03     0.00000e+00    -4.58791e+00     1.30055e+00    -2.37436e-01
    2.14088e+00     1.74148e-02     1.22527e-02     5.16217e-03     0.00000e+00    -4.55854e+00     1.27482e+00    -2.36433e-01
    2.27556e+00     1.58799e-02     1.18647e-02     4.01527e-03     0.00000e+00    -4.36545e+00     1.10852e+00    -2.30051e-01
    2.42949e+00     1.45020e-02     1.14673e-02     3.03472e-03     0.00000e+00    -4.16700e+00     9.44999e-01    -2.23944e-01
    2.58342e+00     1.34174e-02     1.11125e-02     2.30488e-03     0.00000e+00    -3.98814e+00     8.05027e-01    -2.18846e-01
    2.73735e+00     1.25489e-02     1.07946e-02     1.75427e-03     0.00000e+00    -3.82563e+00     6.84568e-01    -2.14551e-01
    2.89129e+00     1.18436e-02     1.05090e-02     1.33462e-03     0.00000e+00    -3.67688e+00     5.80473e-01    -2.10907e-01
    3.04522e+00     1.12643e-02     1.02519e-02     1.01244e-03     0.00000e+00    -3.53983e+00     4.90249e-01    -2.07800e-01
    3.19915e+00     1.07843e-02     1.00203e-02     7.63965e-04     0.00000e+00    -3.41277e+00     4.11900e-01    -2.05138e-01
    3.35308e+00     1.03837e-02     9.81182e-03     5.71918e-04     0.00000e+00    -3.29431e+00     3.43809e-01    -2.02853e-01
    3.50701e+00     1.00478e-02     9.62424e-03     4.23550e-04     0.00000e+00    -3.18330e+00     2.84650e-01    -2.00888e-01
    3.66094e+00     9.76517e-03     9.45589e-03     3.09276e-04     0.00000e+00    -3.07875e+00     2.33332e-01    -1.99199e-01
    3.81487e+00     9.52714e-03     9.30535e-03     2.21783e-04     0.00000e+00    -2.97985e+00     1.88946e-01    -1.97750e-01
    3.96881e+00     9.32684e-03     9.17142e-03     1.55417e-04     0.00000e+00    -2.88590e+00     1.50729e-01    -1.96510e-01
    4.12274e+00     9.15885e-03     9.05310e-03     1.05745e-04     0.00000e+00    -2.79629e+00     1.18039e-01    -1.95456e-01
    4.27667e+00     9.01883e-03     8.94957e-03     6.92540e-05     0.00000e+00    -2.71050e+00     9.03313e-02    -1.94567e-01
    4.43060e+00     8.90328e-03     8.86015e-03     4.31245e-05     0.00000e+00    -2.62809e+00     6.71406e-02    -1.93826e-01
    4.58453e+00     8.80937e-03     8.78429e-03     2.50687e-05     0.00000e+00    -2.54864e+00     4.80690e-02    -1.93219e-01
    4.73846e+00     8.73477e-03     8.72155e-03     1.32089e-05     0.00000e+00    -2.47182e+00     3.27742e-02    -1.92733e-01
    4.89239e+00     8.67758e-03     8.67158e-03     5.98705e-06     0.00000e+00    -2.39731e+00     2.09606e-02    -1.92359e-01
    5.04632e+00     8.63624e-03     8.63414e-03     2.09438e-06     0.00000e+00    -2.32485e+00     1.23725e-02    -1.92088e-01
    5.20026e+00     8.60946e-03     8.60904e-03     4.18670e-07     0.00000e+00    -2.25418e+00     6.78803e-03    -1.91911e-01
    5.35419e+00     8.59619e-03     8.59618e-03     4.00386e-09     0.00000e+00    -2.18508e+00     4.01425e-03    -1.91824e-01
    5.50812e+00     8.59556e-03     8.59556e-03     0.00000e+00     1.48185e-03    -2.11736e+00     3.88333e-03    -1.91819e-01
    5.66205e+00     8.59498e-03     8.59499e-03    -2.18148e-25     1.48185e-03    -2.05331e+00     3.76222e-03    -1.91816e-01
    5.81598e+00     8.59445e-03     8.59444e-03    -5.83213e-25     1.48185e-03    -1.99266e+00     3.65002e-03    -1.91812e-01
    5.96991e+00     8.59395e-03     8.59394e-03    -1.01403e-24     1.48185e-03    -1.93513e+00     3.54598e-03    -1.91809e-01
    6.12384e+00     8.59349e-03     8.59348e-03    -1.47935e-24     1.48185e-03    -1.88049e+00     3.44938e-03    -1.91806e-01
    6.27778e+00     8.59306e-03     8.59305e-03    -1.96136e-24     1.48185e-03    -1.82852e+00     3.35961e-03    -1.91803e-01
    6.43171e+00     8.59266e-03     8.59267e-03    -2.44871e-24     1.48185e-03    -1.77905e+00     3.27609e-03    -1.91800e-01
    6.58564e+00     8.59228e-03     8.59229e-03    -2.93380e-24     1.48185e-03    -1.73188e+00     3.19832e-03    -1.91798e-01
    6.73957e+00     8.59194e-03     8.59194e-03    -3.41146e-24     1.48185e-03    -1.68687e+00     3.12585e-03    -1.91795e-01
    6.89350e+00     8.59161e-03     8.59163e-03    -3.87811e-24     1.48185e-03    -1.64386e+00     3.05825e-03    -1.91793e-01
    7.04743e+00     8.59131e-03     8.59129e-03    -4.33134e-24     1.48185e-03    -1.60273e+00     2.99514e-03    -1.91791e-01
    7.20136e+00     8.59103e-03     8.59104e-03    -4.76954e-24     1.48185e-03    -1.56336e+00     2.93620e-03    -1.91789e-01
    7.35530e+00     8.59077e-03     8.59075e-03    -5.19170e-24     1.48185e-03    -1.52564e+00     2.88109e-03    -1.91788e-01
    7.50923e+00     8.59052e-03     8.59050e-03    -5.59723e-24     1.48185e-03    -1.48946e+00     2.82955e-03    -1.91786e-01
    7.66316e+00     8.59029e-03     8.59031e-03    -5.98590e-24     1.48185e-03    -1.45473e+00     2.78130e-03    -1.91785e-01
    7.81709e+00     8.59007e-03     8.59011e-03    -6.35770e-24     1.48185e-03    -1.42137e+00     2.73612e-03    -1.91783e-01
    7.97102e+00     8.58987e-03     8.58991e-03    -6.71280e-24     1.48185e-03    -1.38930e+00     2.69378e-03    -1.91782e-01
    8.12495e+00     8.58968e-03     8.58968e-03    -7.05150e-24     1.48185e-03    -1.35844e+00     2.65409e-03    -1.91781e-01
    8.27888e+00     8.58950e-03     8.58951e-03    -7.37420e-24     1.48185e-03    -1.32873e+00     2.61686e-03    -1.91779e-01
    8.43281e+00     8.58934e-03     8.58934e-03    -7.68137e-24     1.48185e-03    -1.30010e+00     2.58192e-03    -1.91778e-01
    8.58675e+00     8.58918e-03     8.58919e-03    -7.97351e-24     1.48185e-03    -1.27250e+00     2.54912e-03    -1.91777e-01
    8.74068e+00     8.58903e-03     8.58903e-03    -8.25116e-24     1.48185e-03    -1.24587e+00     2.51832e-03    -1.91776e-01
    8.89461e+00     8.58890e-03     8.58889e-03    -8.51488e-24     1.48185e-03    -1.22016e+00     2.48938e-03    -1.91775e-01
    9.04854e+00     8.58877e-03     8.58876e-03    -8.76523e-24     1.48185e-03    -1.19532e+00     2.46218e-03    -1.91775e-01
    9.20247e+00     8.58864e-03     8.58864e-03    -9.00278e-24     1.48185e-03    -1.17131e+00     2.43661e-03    -1.91774e-01
    9.35640e+00     8.58853e-03     8.58853e-03    -9.22808e-24     1.48185e-03    -1.14810e+00     2.41256e-03    -1.91773e-01
    9.51033e+00     8.58842e-03     8.58842e-03    -9.44167e-24     1.48185e-03    -1.12563e+00     2.38995e-03    -1.91772e-01
    9.66427e+00     8.58832e-03     8.58832e-03    -9.64409e-24     1.48185e-03    -1.10388e+00     2.36867e-03    -1.91772e-01
    9.81820e+00     8.58822e-03     8.58823e-03    -9.83585e-24     1.48185e-03    -1.08281e+00     2.34866e-03    -1.91771e-01
    9.97213e+00     8.58813e-03     8.58814e-03    -1.00175e-23     1.48185e-03    -1.06239e+00     2.32982e-03    -1.91770e-01
    1.00000e+01     8.58812e-03     8.58813e-03    -1.00412e-23     1.48185e-03    -1.05876e+00     2.32736e-03    -1.91770e-01
    1.01261e+01     8.58806e-03     8.58806e-03    -1.01688e-23     1.48185e-03    -1.04259e+00     2.31420e-03    -1.91770e-01
    1.02800e+01     8.58798e-03     8.58798e-03    -1.03308e-23     1.48185e-03    -1.02338e+00     2.29758e-03    -1.91769e-01
    1.04339e+01     8.58791e-03     8.58791e-03    -1.04840e-23     1.48185e-03    -1.00474e+00     2.28194e-03    -1.91769e-01
    1.05879e+01     8.58784e-03     8.58784e-03    -1.06288e-23     1.48185e-03    -9.86641e-01     2.26722e-03    -1.91768e-01
    1.06729e+01     8.58781e-03     8.58781e-03    -1.06912e-23     1.48185e-03    -9.76861e-01     2.26089e-03    -1.91768e-01
    1.07418e+01     8.58778e-03     8.58778e-03    -1.07384e-23     1.48185e-03    -9.69058e-01     2.25612e-03    -1.91768e-01
    1.08957e+01     8.58772e-03     8.58772e-03    -1.08668e-23     1.48185e-03    -9.51973e-01     2.24317e-03    -1.91768e-01
    1.10496e+01     8.58766e-03     8.58767e-03    -1.09880e-23     1.48185e-03    -9.35364e-01     2.23100e-03    -1.91767e-01
    1.12036e+01     8.58761e-03     8.58762e-03    -1.11022e-23     1.48185e-03    -9.19210e-01     2.21956e-03    -1.91767e-01
    1.13458e+01     8.58756e-03     8.58757e-03    -1.11980e-23     1.48185e-03    -9.04670e-01     2.21000e-03    -1.91767e-01
    1.13575e+01     8.58756e-03     8.58757e-03    -1.12037e-23     1.48185e-03    -9.03494e-01     2.20943e-03    -1.91767e-01
    1.15114e+01     8.58751e-03     8.58752e-03    -1.13050e-23     1.48185e-03    -8.88198e-01     2.19935e-03    -1.91766e-01
    1.16654e+01     8.58747e-03     8.58748e-03    -1.14003e-23     1.48185e-03    -8.73306e-01     2.18990e-03    -1.91766e-01
    1.18193e+01     8.58743e-03     8.58743e-03    -1.14900e-23     1.48185e-03    -8.58801e-01     2.18103e-03    -1.91766e-01
    1.19732e+01     8.58739e-03     8.58739e-03    -1.15742e-23     1.48185e-03    -8.44669e-01     2.17272e-03    -1.91765e-01
    1.20188e+01     8.58738e-03     8.58739e-03    -1.15918e-23     1.48185e-03    -8.40557e-01     2.17098e-03    -1.91765e-01
    1.21272e+01     8.58736e-03     8.58736e-03    -1.16387e-23     1.48185e-03    -8.30894e-01     2.16636e-03    -1.91765e-01
    1.22811e+01     8.58732e-03     8.58733e-03    -1.17124e-23     1.48185e-03    -8.17465e-01     2.15912e-03    -1.91765e-01
    1.24350e+01     8.58729e-03     8.58730e-03    -1.17814e-23     1.48185e-03    -8.04368e-01     2.15235e-03    -1.91765e-01
    1.25890e+01     8.58726e-03     8.58727e-03    -1.18459e-23     1.48185e-03    -7.91591e-01     2.14604e-03    -1.91765e-01
    1.26917e+01     8.58724e-03     8.58725e-03    -1.18794e-23     1.48185e-03    -7.83235e-01     2.14276e-03    -1.91764e-01
    1.27429e+01     8.58724e-03     8.58725e-03    -1.18934e-23     1.48185e-03    -7.79122e-01     2.14139e-03    -1.91764e-01
    1.28968e+01     8.58721e-03     8.58722e-03    -1.19491e-23     1.48185e-03    -7.66951e-01     2.13595e-03    -1.91764e-01
    1.30508e+01     8.58719e-03     8.58720e-03    -1.20009e-23     1.48185e-03    -7.55067e-01     2.13091e-03    -1.91764e-01
    1.32047e+01     8.58717e-03     8.58717e-03    -1.20488e-23     1.48185e-03    -7.43459e-01     2.12624e-03    -1.91764e-01
    1.33586e+01     8.58715e-03     8.58715e-03    -1.20931e-23     1.48185e-03    -7.32119e-01     2.12194e-03    -1.91764e-01
    1.33646e+01     8.58715e-03     8.58715e-03    -1.20942e-23     1.48185e-03    -7.31682e-01     2.12183e-03    -1.91764e-01
    1.35125e+01     8.58713e-03     8.58715e-03    -1.21322e-23     1.48185e-03    -7.21037e-01     2.11814e-03    -1.91764e-01
    1.36665e+01     8.58711e-03     8.58713e-03    -1.21696e-23     1.48185e-03    -7.10204e-01     2.11451e-03    -1.91764e-01
    1.38204e+01     8.58709e-03     8.58711e-03    -1.22038e-23     1.48185e-03    -6.99613e-01     2.11120e-03    -1.91763e-01
    1.39743e+01     8.58708e-03     8.58710e-03    -1.22348e-23     1.48185e-03    -6.89255e-01     2.10820e-03    -1.91763e-01
    1.40375e+01     8.58708e-03     8.58710e-03    -1.22423e-23     1.48185e-03    -6.85067e-01     2.10747e-03    -1.91763e-01
    1.41283e+01     8.58707e-03     8.58709e-03    -1.22536e-23     1.48185e-03    -6.79121e-01     2.10638e-03    -1.91763e-01
    1.42822e+01     8.58706e-03     8.58708e-03    -1.22786e-23     1.48185e-03    -6.69206e-01     2.10397e-03    -1.91763e-01
    1.44361e+01     8.58705e-03     8.58707e-03    -1.23007e-23     1.48185e-03    -6.59503e-01     2.10183e-03    -1.91763e-01
    1.45901e+01     8.58704e-03     8.58706e-03    -1.23201e-23     1.48185e-03    -6.50004e-01     2.09996e-03    -1.91763e-01
    1.47105e+01     8.58704e-03     8.58705e-03    -1.23301e-23     1.48185e-03    -6.42712e-01     2.09898e-03    -1.91763e-01
    1.47440e+01     8.58704e-03     8.58705e-03    -1.23314e-23     1.48185e-03    -6.40702e-01     2.09886e-03    -1.91763e-01
    1.48979e+01     8.58703e-03     8.58705e-03    -1.23455e-23     1.48185e-03    -6.31593e-01     2.09750e-03    -1.91763e-01
    1.50519e+01     8.58703e-03     8.58704e-03    -1.23571e-23     1.48185e-03    -6.22671e-01     2.09639e-03    -1.91763e-01
    1.52058e+01     8.58702e-03     8.58704e-03    -1.23662e-23     1.48185e-03    -6.13928e-01     2.09550e-03    -1.91763e-01
    1.53597e+01     8.58702e-03     8.58703e-03    -1.23730e-23     1.48185e-03    -6.05361e-01     2.09484e-03    -1.91763e-01
    1.53834e+01     8.58702e-03     8.58704e-03    -1.23726e-23     1.48185e-03    -6.04059e-01     2.09489e-03    -1.91763e-01
    1.55137e+01     8.58702e-03     8.58703e-03    -1.23741e-23     1.48185e-03    -5.96963e-01     2.09474e-03    -1.91763e-01
    1.56676e+01     8.58702e-03     8.58703e-03    -1.23763e-23     1.48185e-03    -5.88730e-01     2.09453e-03    -1.91763e-01
    1.58215e+01     8.58702e-03     8.58703e-03    -1.23763e-23     1.48185e-03    -5.80658e-01     2.09453e-03    -1.91763e-01
    1.59755e+01     8.58702e-03     8.58703e-03    -1.23741e-23     1.48185e-03    -5.72740e-01     2.09474e-03    -1.91763e-01
    1.60563e+01     8.58702e-03     8.58704e-03    -1.23692e-23     1.48185e-03    -5.68641e-01     2.09521e-03    -1.91763e-01
    1.61294e+01     8.58702e-03     8.58704e-03    -1.23642e-23     1.48185e-03    -5.64973e-01     2.09570e-03    -1.91763e-01
    1.62833e+01     8.58703e-03     8.58704e-03    -1.23576e-23     1.48185e-03    -5.57354e-01     2.09633e-03    -1.91763e-01
    1.64372e+01     8.58703e-03     8.58705e-03    -1.23490e-23     1.48185e-03    -5.49876e-01     2.09716e-03    -1.91763e-01
    1.65912e+01     8.58703e-03     8.58705e-03    -1.23384e-23     1.48185e-03    -5.42537e-01     2.09818e-03    -1.91763e-01
    1.67292e+01     8.58704e-03     8.58706e-03    -1.23260e-23     1.48185e-03    -5.36070e-01     2.09938e-03    -1.91763e-01
    1.67451e+01     8.58704e-03     8.58706e-03    -1.23239e-23     1.48185e-03    -5.35333e-01     2.09957e-03    -1.91763e-01
    1.68990e+01     8.58705e-03     8.58706e-03    -1.23092e-23     1.48185e-03    -5.28260e-01     2.10099e-03    -1.91763e-01
    1.70530e+01     8.58706e-03     8.58707e-03    -1.22926e-23     1.48185e-03    -5.21314e-01     2.10260e-03    -1.91763e-01
    1.74022e+01     8.58705e-03     8.58707e-03    -1.23008e-23     1.48185e-03    -5.06018e-01     2.10180e-03    -1.91763e-01
    1.80751e+01     8.58692e-03     8.58693e-03    -1.25992e-23     1.48185e-03    -4.78235e-01     2.07310e-03    -1.91762e-01
    1.87480e+01     8.58680e-03     8.58682e-03    -1.28433e-23     1.48185e-03    -4.52443e-01     2.04979e-03    -1.91762e-01
    1.94209e+01     8.58671e-03     8.58673e-03    -1.30431e-23     1.48185e-03    -4.28436e-01     2.03082e-03    -1.91761e-01
    2.00939e+01     8.58664e-03     8.58665e-03    -1.32068e-23     1.48185e-03    -4.06035e-01     2.01534e-03    -1.91760e-01
    2.07668e+01     8.58658e-03     8.58659e-03    -1.33410e-23     1.48185e-03    -3.85083e-01     2.00270e-03    -1.91760e-01
    2.14397e+01     8.58653e-03     8.58654e-03    -1.34513e-23     1.48185e-03    -3.65446e-01     1.99235e-03    -1.91760e-01
    2.21126e+01     8.58649e-03     8.58650e-03    -1.35420e-23     1.48185e-03    -3.47002e-01     1.98386e-03    -1.91759e-01
    2.27856e+01     8.58646e-03     8.58647e-03    -1.36168e-23     1.48185e-03    -3.29646e-01     1.97687e-03    -1.91759e-01
    2.34585e+01     8.58643e-03     8.58644e-03    -1.36787e-23     1.48185e-03    -3.13286e-01     1.97110e-03    -1.91759e-01
    2.41314e+01     8.58641e-03     8.58642e-03    -1.37300e-23     1.48185e-03    -2.97837e-01     1.96631e-03    -1.91759e-01
    2.48043e+01     8.58639e-03     8.58640e-03    -1.37727e-23     1.48185e-03    -2.83226e-01     1.96234e-03    -1.91759e-01
    2.54773e+01     8.58637e-03     8.58638e-03    -1.38086e-23     1.48185e-03    -2.69387e-01     1.95900e-03    -1.91759e-01
    2.61502e+01     8.58636e-03     8.58637e-03    -1.38388e-23     1.48185e-03    -2.56259e-01     1.95619e-03    -1.91759e-01
    2.68231e+01     8.58635e-03     8.58636e-03    -1.38646e-23     1.48185e-03    -2.43789e-01     1.95380e-03    -1.91759e-01
    2.74960e+01     8.58634e-03     8.58635e-03    -1.38869e-23     1.48185e-03    -2.31930e-01     1.95173e-03    -1.91758e-01
    2.81690e+01     8.58633e-03     8.58634e-03    -1.39064e-23     1.48185e-03    -2.20638e-01     1.94992e-03    -1.91758e-01
    2.88419e+01     8.58632e-03     8.58633e-03    -1.39239e-23     1.48185e-03    -2.09872e-01     1.94830e-03    -1.91758e-01
    2.95148e+01     8.58631e-03     8.58633e-03    -1.39399e-23     1.48185e-03    -1.99597e-01     1.94682e-03    -1.91758e-01
    3.01877e+01     8.58631e-03     8.58632e-03    -1.39549e-23     1.48185e-03    -1.89780e-01     1.94544e-03    -1.91758e-01
    3.08607e+01     8.58630e-03     8.58631e-03    -1.39693e-23     1.48185e-03    -1.80391e-01     1.94410e-03    -1.91758e-01
    3.15336e+01     8.58629e-03     8.58631e-03    -1.39837e-23     1.48185e-03    -1.71403e-01     1.94277e-03    -1.91758e-01
    3.22065e+01     8.58629e-03     8.58630e-03    -1.39983e-23     1.48185e-03    -1.62790e-01     1.94141e-03    -1.91758e-01
    3.28794e+01     8.58628e-03     8.58629e-03    -1.40136e-23     1.48185e-03    -1.54531e-01     1.93999e-03    -1.91758e-01
    3.35523e+01     8.58627e-03     8.58628e-03    -1.40301e-23     1.48185e-03    -1.46602e-01     1.93848e-03    -1.91758e-01
    3.42253e+01     8.58626e-03     8.58628e-03    -1.40480e-23     1.48185e-03    -1.38986e-01     1.93682e-03    -1.91758e-01
    3.48982e+01     8.58626e-03     8.58627e-03    -1.40678e-23     1.48185e-03    -1.31664e-01     1.93499e-03    -1.91758e-01
    3.55711e+01     8.58625e-03     8.58626e-03    -1.40901e-23     1.48185e-03    -1.24619e-01     1.93293e-03    -1.91758e-01
    3.62440e+01     8.58624e-03     8.58625e-03    -1.41153e-23     1.48185e-03    -1.17836e-01     1.93061e-03    -1.91758e-01
    3.69170e+01     8.58622e-03     8.58623e-03    -1.41440e-23     1.48185e-03    -1.11300e-01     1.92796e-03    -1.91758e-01
    3.75899e+01     8.58621e-03     8.58622e-03    -1.41769e-23     1.48185e-03    -1.04999e-01     1.92493e-03    -1.91758e-01
    3.82628e+01     8.58619e-03     8.58620e-03    -1.42148e-23     1.48185e-03    -9.89205e-02     1.92144e-03    -1.91758e-01
    3.89357e+01     8.58617e-03     8.58618e-03    -1.42585e-23     1.48185e-03    -9.30525e-02     1.91742e-03    -1.91757e-01
    3.96087e+01     8.58615e-03     8.58613e-03    -1.43090e-23     1.48185e-03    -8.73847e-02     1.91278e-03    -1.91757e-01
    4.02816e+01     8.58612e-03     8.58611e-03    -1.43675e-23     1.48185e-03    -8.19072e-02     1.90741e-03    -1.91757e-01
    4.09545e+01     8.58609e-03     8.58609e-03    -1.44355e-23     1.48185e-03    -7.66106e-02     1.90118e-03    -1.91757e-01
    4.16274e+01     8.58606e-03     8.58606e-03    -1.45144e-23     1.48185e-03    -7.14866e-02     1.89396e-03    -1.91757e-01
    4.23004e+01     8.58602e-03     8.58602e-03    -1.46062e-23     1.48185e-03    -6.65269e-02     1.88558e-03    -1.91756e-01
    4.29733e+01     8.58597e-03     8.58597e-03    -1.47130e-23     1.48185e-03    -6.17242e-02     1.87585e-03    -1.91756e-01
    4.36462e+01     8.58592e-03     8.58592e-03    -1.48374e-23     1.48185e-03    -5.70714e-02     1.86455e-03    -1.91756e-01
    4.43191e+01     8.58586e-03     8.58585e-03    -1.49824e-23     1.48185e-03    -5.25621e-02     1.85141e-03    -1.91755e-01
    4.49921e+01     8.58578e-03     8.58578e-03    -1.51516e-23     1.48185e-03    -4.81902e-02     1.83613e-03    -1.91755e-01
    4.56650e+01     8.58570e-03     8.58569e-03    -1.53492e-23     1.48185e-03    -4.39502e-02     1.81837e-03    -1.91754e-01
    4.63379e+01     8.58560e-03     8.58555e-03    -1.55801e-23     1.48185e-03    -3.98366e-02     1.79771e-03    -1.91754e-01
    4.70108e+01     8.58549e-03     8.58546e-03    -1.58501e-23     1.48185e-03    -3.58448e-02     1.77367e-03    -1.91753e-01
    4.76838e+01     8.58535e-03     8.58532e-03    -1.61663e-23     1.48185e-03    -3.19703e-02     1.74570e-03    -1.91752e-01
    4.83567e+01     8.58520e-03     8.58517e-03    -1.65370e-23     1.48185e-03    -2.82090e-02     1.71314e-03    -1.91751e-01
    4.90296e+01     8.58502e-03     8.58505e-03    -1.69719e-23     1.48185e-03    -2.45572e-02     1.67523e-03    -1.91750e-01
    4.97025e+01     8.58481e-03     8.58476e-03    -1.74831e-23     1.48185e-03    -2.10115e-02     1.63111e-03    -1.91748e-01
    5.03755e+01     8.58456e-03     8.58456e-03    -1.80846e-23     1.48185e-03    -1.75690e-02     1.57972e-03    -1.91747e-01
    5.10484e+01     8.58427e-03     8.58436e-03    -1.87937e-23     1.48185e-03    -1.42270e-02     1.51987e-03    -1.91745e-01
    5.17213e+01     8.58394e-03     8.58394e-03    -1.96310e-23     1.48185e-03    -1.09835e-02     1.45015e-03    -1.91743e-01
    5.23942e+01     8.58355e-03     8.58355e-03    -2.06217e-23     1.48185e-03    -7.83651e-03     1.36894e-03    -1.91740e-01
    5.30672e+01     8.58310e-03     8.58310e-03    -2.17963e-23     1.48185e-03    -4.78484e-03     1.27431e-03    -1.91737e-01
    5.37401e+01     8.58258e-03     8.58256e-03    -2.31921e-23     1.48185e-03    -1.82760e-03     1.16403e-03    -1.91734e-01
    5.44130e+01     8.57702e-03     8.57705e-03    -3.95685e-23     1.48185e-03     0.00000e+00     0.00000e+00    -1.91697e-01
