# All units in [AU] if not specified
{"name":"Al", "Z":13, "Zstar":3.568133465496756, "A":28,  "μ[AU]": 1.917e-01, "T[AU]": 4.410e-02, "rs[AU]": 3.000e+00 }
	 r[AU]  	 n[AU]  	 nf[AU]  	 nb[AU]     n_ion[AU]    (φ_e+φ_ions)[AU]   φtotal[AU]     δVxc/δρ[Au]  
    2.00000e-02     1.46293e+03     1.90295e+00     1.45876e+03    8.21001e-100    -4.22486e+01     6.07318e+02    -8.52454e+00
    2.32192e-02     1.15270e+03     1.75756e+00     1.14916e+03     1.34960e-99    -4.19856e+01     5.17461e+02    -7.88188e+00
    2.69567e-02     9.06346e+02     1.62212e+00     9.03332e+02     1.96329e-99    -4.15952e+01     4.40227e+02    -7.28309e+00
    3.12957e-02     7.10946e+02     1.49593e+00     7.08363e+02     2.67576e-99    -4.10860e+01     3.73873e+02    -6.72498e+00
    3.63331e-02     5.56173e+02     1.37830e+00     5.53948e+02     3.50290e-99    -4.04650e+01     3.16902e+02    -6.20461e+00
    4.21814e-02     4.33775e+02     1.26862e+00     4.31851e+02     4.46319e-99    -3.97385e+01     2.68021e+02    -5.71926e+00
    4.89710e-02     3.37162e+02     1.16632e+00     3.35489e+02     1.84929e-74    -3.89115e+01     2.26118e+02    -5.26643e+00
    5.68535e-02     2.61065e+02     1.07089e+00     2.59605e+02     5.52015e-74    -3.79889e+01     1.90236e+02    -4.84383e+00
    6.60048e-02     2.01279e+02     9.81840e-01     1.99999e+02     9.78187e-74    -3.69751e+01     1.59547e+02    -4.44934e+00
    7.66291e-02     1.54444e+02     8.98738e-01     1.53319e+02     3.97778e-61    -3.58744e+01     1.33341e+02    -4.08105e+00
    8.89635e-02     1.17878e+02     8.21184e-01     1.16886e+02     3.40949e-60    -3.46915e+01     1.11003e+02    -3.73719e+00
    1.03283e-01     8.94386e+01     7.48815e-01     8.85618e+01     6.90597e-60    -3.34313e+01     9.20028e+01    -3.41617e+00
    1.19908e-01     6.74185e+01     6.81300e-01     6.66421e+01     2.73784e-51    -3.20993e+01     7.58838e+01    -3.11653e+00
    1.39209e-01     5.04547e+01     6.18342e-01     4.97663e+01     2.06769e-45    -3.07018e+01     6.22498e+01    -2.83697e+00
    1.61616e-01     3.74614e+01     5.59673e-01     3.68506e+01     1.30761e-44    -2.92461e+01     5.07581e+01    -2.57631e+00
    1.87630e-01     2.75740e+01     5.05051e-01     2.70322e+01     7.73155e-40    -2.77404e+01     4.11114e+01    -2.33348e+00
    2.17832e-01     2.01054e+01     4.54258e-01     1.96249e+01     5.93988e-36    -2.61940e+01     3.30517e+01    -2.10755e+00
    2.52894e-01     1.45102e+01     4.07099e-01     1.40847e+01     1.18553e-32    -2.46172e+01     2.63543e+01    -1.89765e+00
    2.93601e-01     1.03569e+01     3.63397e-01     9.98075e+00     2.46625e-28    -2.30214e+01     2.08231e+01    -1.70303e+00
    3.40860e-01     7.30520e+00     3.22990e-01     6.97351e+00     7.50478e-26    -2.14185e+01     1.62870e+01    -1.52300e+00
    3.95725e-01     5.08793e+00     2.85729e-01     4.79638e+00     9.20324e-23    -1.98215e+01     1.25962e+01    -1.35691e+00
    4.59422e-01     3.49659e+00     2.51472e-01     3.24129e+00     3.83322e-20    -1.82432e+01     9.61984e+00    -1.20419e+00
    5.33372e-01     2.36959e+00     2.20087e-01     2.14705e+00     1.44200e-17    -1.66967e+01     7.24323e+00    -1.06429e+00
    6.19225e-01     1.58284e+00     1.91440e-01     1.38986e+00     2.31917e-15    -1.51942e+01     5.36643e+00    -9.36678e-01
    7.18897e-01     1.04201e+00     1.65400e-01     8.75664e-01     2.77993e-13    -1.37474e+01     3.90252e+00    -8.20859e-01
    8.34612e-01     6.76310e-01     1.41836e-01     5.33913e-01     2.01393e-11    -1.23664e+01     2.77639e+00    -7.16435e-01
    9.68953e-01     4.33665e-01     1.20652e-01     3.12689e-01     9.62649e-10    -1.10596e+01     1.92364e+00    -6.24368e-01
    1.12492e+00     2.75525e-01     1.01709e-01     1.73637e-01     3.12068e-08    -9.83326e+00     1.28980e+00    -5.43054e-01
    1.30599e+00     1.74641e-01     8.49249e-02     8.96220e-02     6.98795e-07    -8.69140e+00     8.29410e-01    -4.72409e-01
    1.51620e+00     1.11955e-01     7.02932e-02     4.16149e-02     1.09415e-05    -7.63530e+00     5.05414e-01    -4.12727e-01
    1.76026e+00     7.45053e-02     5.79903e-02     1.64949e-02     1.21199e-04    -6.66336e+00     2.88599e-01    -3.64969e-01
    2.04359e+00     5.38413e-02     4.85749e-02     5.26075e-03     9.48334e-04    -5.77081e+00     1.57213e-01    -3.31022e-01
    2.37253e+00     4.46363e-02     4.30803e-02     1.55854e-03     4.89501e-03    -4.95117e+00     9.48755e-02    -3.12939e-01
    2.75442e+00     4.20795e-02     4.12925e-02     7.94286e-04     1.33792e-02    -4.20929e+00     7.70654e-02    -3.07465e-01
    3.19778e+00     3.77071e-02     3.77148e-02    -1.14722e-41     9.98897e-03    -3.58605e+00     4.59427e-02    -2.97546e-01
    3.71250e+00     3.42982e-02     3.43049e-02    -3.53026e-20     8.78930e-03    -3.04725e+00     2.10947e-02    -2.89246e-01
    4.31007e+00     3.24379e-02     3.24437e-02    -6.87952e-20     8.51241e-03    -2.57556e+00     7.29863e-03    -2.84474e-01
    5.00384e+00     3.18439e-02     3.18488e-02    -8.11324e-20     8.67793e-03    -2.16182e+00     2.85086e-03    -2.82911e-01
    5.80926e+00     3.17917e-02     3.17958e-02    -8.22669e-20     8.83398e-03    -1.80202e+00     2.45234e-03    -2.82772e-01
    6.74434e+00     3.17894e-02     3.17929e-02    -8.23304e-20     8.86325e-03    -1.49178e+00     2.42839e-03    -2.82766e-01
    7.82992e+00     3.18094e-02     3.18126e-02    -8.19126e-20     8.89041e-03    -1.22439e+00     2.57261e-03    -2.82820e-01
    9.09025e+00     3.18071e-02     3.18095e-02    -8.19734e-20     8.89985e-03    -9.94221e-01     2.55008e-03    -2.82813e-01
    1.05534e+01     3.17750e-02     3.17770e-02    -8.26713e-20     8.89553e-03    -7.96187e-01     2.30576e-03    -2.82728e-01
    1.22521e+01     3.17289e-02     3.17306e-02    -8.36729e-20     8.88567e-03    -6.25748e-01     1.95706e-03    -2.82606e-01
    1.42243e+01     3.16814e-02     3.16829e-02    -8.47063e-20     8.87453e-03    -4.78998e-01     1.59895e-03    -2.82480e-01
    1.65139e+01     3.16397e-02     3.16411e-02    -8.56166e-20     8.86441e-03    -3.52599e-01     1.28491e-03    -2.82369e-01
    1.91720e+01     3.16049e-02     3.16062e-02    -8.63788e-20     8.85590e-03    -2.43717e-01     1.02299e-03    -2.82276e-01
    2.22579e+01     3.15664e-02     3.15676e-02    -8.72250e-20     8.84635e-03    -1.49995e-01     7.33179e-04    -2.82173e-01
    2.58406e+01     3.14851e-02     3.14863e-02    -8.90167e-20     8.82260e-03    -6.96273e-02     1.23141e-04    -2.81957e-01
    3.00000e+01     3.14686e-02     3.14698e-02    -8.93807e-20     8.84194e-03     0.00000e+00     0.00000e+00    -2.81913e-01
