# All units in [AU] if not specified
{"name":"Al", "Z":13, "Zstar":3.181646108685527, "A":28,  "μ[AU]": 1.669e-01, "T[AU]": 3.675e-02, "rs[AU]": 3.000e+00 }
	 r[AU]  	 n[AU]  	 nf[AU]  	 nb[AU]     n_ion[AU]    (φ_e+φ_ions)[AU]   φtotal[AU]     δVxc/δρ[Au]  
   2.000000e-02    1.458686e+03    1.640091e+00    1.459181e+03   -1.088671e-19   -4.215186e+01    6.074148e+02   -8.516397e+00
   2.321925e-02    1.149396e+03    1.514804e+00    1.149561e+03   -1.467903e-19   -4.188959e+01    5.175574e+02   -7.874450e+00
   2.695668e-02    9.037833e+02    1.398099e+00    9.037035e+02   -1.641285e-19   -4.150033e+01    4.403216e+02   -7.276323e+00
   3.129569e-02    7.089662e+02    1.289354e+00    7.087093e+02   -1.545532e-19   -4.099255e+01    3.739668e+02   -6.718832e+00
   3.633312e-02    5.546516e+02    1.187992e+00    5.542693e+02   -1.132087e-19   -4.037337e+01    3.169935e+02   -6.199041e+00
   4.218140e-02    4.326132e+02    1.093483e+00    4.321465e+02   -3.981530e-20   -3.964883e+01    2.681106e+02   -5.714234e+00
   4.897102e-02    3.362793e+02    1.005338e+00    3.357598e+02    5.560213e-20   -3.882416e+01    2.262056e+02   -5.261916e+00
   5.685351e-02    2.604003e+02    9.231081e-01    2.598520e+02    1.425593e-19   -3.790407e+01    1.903204e+02   -4.839794e+00
   6.600480e-02    2.007825e+02    8.463802e-01    2.002238e+02    1.526035e-19   -3.689295e+01    1.596291e+02   -4.445759e+00
   7.662909e-02    1.540767e+02    7.747778e-01    1.535216e+02   -4.987472e-20   -3.579519e+01    1.334198e+02   -4.077887e+00
   8.896351e-02    1.176091e+02    7.079568e-01    1.170678e+02   -4.603214e-19   -3.461531e+01    1.110787e+02   -3.734421e+00
   1.032833e-01    8.924481e+01    6.456043e-01    8.872487e+01   -1.548621e-19   -3.335824e+01    9.207583e+01   -3.413762e+00
   1.199080e-01    6.728088e+01    5.874367e-01    6.678739e+01    1.757355e-18   -3.202949e+01    7.595360e+01   -3.114466e+00
   1.392087e-01    5.035879e+01    5.331974e-01    4.989525e+01   -1.854316e-18   -3.063535e+01    6.231627e+01   -2.835221e+00
   1.616161e-01    3.739605e+01    4.826552e-01    3.696454e+01   -3.794540e-18   -2.918299e+01    5.082121e+01   -2.574852e+00
   1.876302e-01    2.753082e+01    4.356024e-01    2.713236e+01    4.785649e-17   -2.768058e+01    4.117129e+01   -2.332301e+00
   2.178317e-01    2.007790e+01    3.918520e-01    1.971271e+01    8.171266e-15   -2.613738e+01    3.310840e+01   -2.106619e+00
   2.528944e-01    1.449365e+01    3.512359e-01    1.416130e+01    1.169440e-12   -2.456367e+01    2.640785e+01   -1.896958e+00
   2.936009e-01    1.034778e+01    3.136024e-01    1.004737e+01    9.024642e-11   -2.297071e+01    2.087374e+01   -1.702553e+00
   3.408596e-01    7.300990e+00    2.788134e-01    7.031241e+00    4.077623e-09   -2.137060e+01    1.633493e+01   -1.522716e+00
   3.957253e-01    5.086854e+00    2.467419e-01    4.846232e+00    9.078539e-08   -1.977599e+01    1.264175e+01   -1.356818e+00
   4.594222e-01    3.497419e+00    2.172691e-01    3.284204e+00    1.168566e-06   -1.819985e+01    9.663226e+00   -1.204281e+00
   5.333719e-01    2.371522e+00    1.902818e-01    2.183870e+00    9.281061e-06   -1.665505e+01    7.284852e+00   -1.064562e+00
   6.192248e-01    1.585355e+00    1.656706e-01    1.421353e+00    4.863058e-05   -1.515396e+01    5.406693e+00   -9.371483e-01
   7.188968e-01    1.044801e+00    1.433280e-01    9.025058e-01    1.783439e-04   -1.370806e+01    3.941869e+00   -8.215522e-01
   8.346122e-01    6.791987e-01    1.231491e-01    5.566716e-01    4.831540e-04   -1.232750e+01    2.815261e+00   -7.173832e-01
   9.689534e-01    4.365254e-01    1.050596e-01    3.318302e-01    1.016243e-03   -1.102084e+01    1.962362e+00   -6.256364e-01
   1.124919e+00    2.782088e-01    8.894475e-02    1.894710e-01    1.737601e-03   -9.794760e+00    1.328298e+00   -5.446706e-01
   1.305988e+00    1.768993e-01    7.471882e-02    1.022942e-01    2.519266e-03   -8.654044e+00    8.667700e-01   -4.742614e-01
   1.516203e+00    1.133738e-01    6.231276e-02    5.112122e-02    3.217801e-03   -7.601527e+00    5.391865e-01   -4.143049e-01
   1.760255e+00    7.443306e-02    5.169172e-02    2.277176e-02    3.746958e-03   -6.638024e+00    3.139354e-01   -3.648621e-01
   2.043590e+00    5.127259e-02    4.289200e-02    8.395037e-03    4.121502e-03   -5.762219e+00    1.658008e-01   -3.262048e-01
   2.372532e+00    3.823809e-02    3.608587e-02    2.158414e-03    4.549530e-03   -4.970575e+00    7.547077e-02   -2.987918e-01
   2.754420e+00    3.183670e-02    3.162398e-02    2.148163e-04    5.497480e-03   -4.257741e+00    2.861162e-02   -2.828918e-01
   3.197779e+00    2.976669e-02    2.976689e-02   -1.498025e-21    7.235081e-03   -3.618962e+00    1.302698e-02   -2.772791e-01
   3.712501e+00    2.992437e-02    2.992383e-02   -6.920419e-22    9.057332e-03   -3.054136e+00    1.421294e-02   -2.777160e-01
   4.310075e+00    3.015801e-02    3.015741e-02    5.038793e-26    9.628666e-03   -2.566877e+00    1.597852e-02   -2.783604e-01
   5.003835e+00    2.966894e-02    2.966852e-02   -2.100030e-21    9.342935e-03   -2.152394e+00    1.228002e-02   -2.770075e-01
   5.809265e+00    2.887946e-02    2.887920e-02   -8.939030e-21    8.952530e-03   -1.798191e+00    6.280810e-03   -2.747906e-01
   6.744339e+00    2.839566e-02    2.839551e-02   -1.452883e-20    8.811663e-03   -1.491622e+00    2.586920e-03   -2.734112e-01
   7.829924e+00    2.831416e-02    2.831394e-02   -1.555944e-20    8.859266e-03   -1.225000e+00    1.963479e-03   -2.731773e-01
   9.090248e+00    2.831033e-02    2.831019e-02   -1.560783e-20    8.883929e-03   -9.948359e-01    1.934704e-03   -2.731663e-01
   1.055344e+01    2.825923e-02    2.825911e-02   -1.626686e-20    8.868271e-03   -7.969490e-01    1.543867e-03   -2.730193e-01
   1.225214e+01    2.823198e-02    2.823189e-02   -1.662224e-20    8.864978e-03   -6.263701e-01    1.335311e-03   -2.729409e-01
   1.422428e+01    2.821731e-02    2.821722e-02   -1.681477e-20    8.863683e-03   -4.793740e-01    1.222938e-03   -2.728986e-01
   1.651386e+01    2.820590e-02    2.820582e-02   -1.696505e-20    8.861892e-03   -3.527488e-01    1.135532e-03   -2.728657e-01
   1.917197e+01    2.819839e-02    2.819831e-02   -1.706409e-20    8.860756e-03   -2.436619e-01    1.078066e-03   -2.728441e-01
   2.225794e+01    2.819267e-02    2.819258e-02   -1.713982e-20    8.859795e-03   -1.496938e-01    1.034203e-03   -2.728276e-01
   2.584063e+01    2.818351e-02    2.818342e-02   -1.726139e-20    8.858910e-03   -6.878650e-02    9.639103e-04   -2.728012e-01
   3.000000e+01    2.805788e-02    2.805769e-02   -1.895756e-20    8.841941e-03    0.000000e+00    0.000000e+00   -2.724385e-01
