# All units in [AU] if not specified
{"name":"Al", "Z":13, "Zstar":3.455060235467882, "A":28,  "μ[AU]": 1.876e-01, "T[AU]": 1.838e-02, "rs[AU]": 3.000e+00 }
	 r[AU]  	 n[AU]  	 nf[AU]  	 nb[AU]     n_ion[AU]    (φ_e+φ_ions)[AU]   φtotal[AU]     δVxc/δρ[Au]  
   2.000000e-02    1.460971e+03    1.846748e+00    1.459409e+03    0.000000e+00   -4.255669e+01    6.070100e+02   -8.520783e+00
   2.036996e-02    1.418976e+03    1.828873e+00    1.417423e+03    0.000000e+00   -4.252654e+01    5.952349e+02   -8.439416e+00
   2.074676e-02    1.378148e+03    1.811154e+00    1.376605e+03    0.000000e+00   -4.249448e+01    5.836761e+02   -8.358754e+00
   2.113053e-02    1.338457e+03    1.793589e+00    1.336922e+03    0.000000e+00   -4.246052e+01    5.723297e+02   -8.278792e+00
   2.152140e-02    1.299870e+03    1.776177e+00    1.298345e+03    0.000000e+00   -4.242468e+01    5.611919e+02   -8.199523e+00
   2.191950e-02    1.262357e+03    1.758916e+00    1.260842e+03    0.000000e+00   -4.238697e+01    5.502589e+02   -8.120940e+00
   2.232496e-02    1.225890e+03    1.741804e+00    1.224385e+03    0.000000e+00   -4.234741e+01    5.395270e+02   -8.043037e+00
   2.273793e-02    1.190440e+03    1.724842e+00    1.188945e+03    0.000000e+00   -4.230602e+01    5.289926e+02   -7.965808e+00
   2.315853e-02    1.155978e+03    1.708027e+00    1.154493e+03    0.000000e+00   -4.226281e+01    5.186520e+02   -7.889246e+00
   2.358692e-02    1.122479e+03    1.691357e+00    1.121003e+03    0.000000e+00   -4.221780e+01    5.085019e+02   -7.813348e+00
   2.402322e-02    1.089915e+03    1.674832e+00    1.088449e+03    0.000000e+00   -4.217099e+01    4.985387e+02   -7.738104e+00
   2.446760e-02    1.058262e+03    1.658450e+00    1.056805e+03    0.000000e+00   -4.212240e+01    4.887591e+02   -7.663510e+00
   2.492020e-02    1.027493e+03    1.642210e+00    1.026046e+03    0.000000e+00   -4.207205e+01    4.791598e+02   -7.589559e+00
   2.538117e-02    9.975846e+02    1.626110e+00    9.961482e+02    0.000000e+00   -4.201995e+01    4.697374e+02   -7.516245e+00
   2.585067e-02    9.685136e+02    1.610150e+00    9.670875e+02    0.000000e+00   -4.196611e+01    4.604889e+02   -7.443562e+00
   2.632885e-02    9.402569e+02    1.594327e+00    9.388411e+02    0.000000e+00   -4.191054e+01    4.514110e+02   -7.371505e+00
   2.681588e-02    9.127922e+02    1.578641e+00    9.113868e+02    0.000000e+00   -4.185325e+01    4.425008e+02   -7.300068e+00
   2.731192e-02    8.860984e+02    1.563091e+00    8.847028e+02    0.000000e+00   -4.179427e+01    4.337551e+02   -7.229246e+00
   2.781713e-02    8.601537e+02    1.547674e+00    8.587682e+02    0.000000e+00   -4.173359e+01    4.251710e+02   -7.159033e+00
   2.833169e-02    8.349377e+02    1.532391e+00    8.335622e+02    0.000000e+00   -4.167124e+01    4.167456e+02   -7.089422e+00
   2.885576e-02    8.104302e+02    1.517239e+00    8.090650e+02    0.000000e+00   -4.160721e+01    4.084760e+02   -7.020409e+00
   2.938953e-02    7.866118e+02    1.502218e+00    7.852572e+02    0.000000e+00   -4.154153e+01    4.003595e+02   -6.951987e+00
   2.993318e-02    7.634641e+02    1.487326e+00    7.621197e+02    0.000000e+00   -4.147420e+01    3.923932e+02   -6.884152e+00
   3.048688e-02    7.409687e+02    1.472562e+00    7.396343e+02    0.000000e+00   -4.140524e+01    3.845744e+02   -6.816899e+00
   3.105082e-02    7.191072e+02    1.457925e+00    7.177829e+02    0.000000e+00   -4.133466e+01    3.769005e+02   -6.750222e+00
   3.162519e-02    6.978621e+02    1.443414e+00    6.965483e+02    0.000000e+00   -4.126245e+01    3.693689e+02   -6.684114e+00
   3.221019e-02    6.772167e+02    1.429028e+00    6.759134e+02    0.000000e+00   -4.118865e+01    3.619770e+02   -6.618572e+00
   3.280601e-02    6.571552e+02    1.414765e+00    6.558619e+02    0.000000e+00   -4.111324e+01    3.547222e+02   -6.553591e+00
   3.341286e-02    6.376608e+02    1.400624e+00    6.363776e+02    0.000000e+00   -4.103625e+01    3.476022e+02   -6.489165e+00
   3.403092e-02    6.187178e+02    1.386604e+00    6.174450e+02    0.000000e+00   -4.095769e+01    3.406145e+02   -6.425288e+00
   3.466042e-02    6.003114e+02    1.372705e+00    5.990489e+02    0.000000e+00   -4.087756e+01    3.337567e+02   -6.361956e+00
   3.530157e-02    5.824271e+02    1.358925e+00    5.811746e+02    0.000000e+00   -4.079587e+01    3.270264e+02   -6.299165e+00
   3.595457e-02    5.650499e+02    1.345262e+00    5.638077e+02    0.000000e+00   -4.071263e+01    3.204214e+02   -6.236908e+00
   3.661965e-02    5.481659e+02    1.331717e+00    5.469342e+02    0.000000e+00   -4.062785e+01    3.139394e+02   -6.175181e+00
   3.729704e-02    5.317624e+02    1.318287e+00    5.305406e+02    0.000000e+00   -4.054154e+01    3.075783e+02   -6.113981e+00
   3.798696e-02    5.158253e+02    1.304972e+00    5.146136e+02    0.000000e+00   -4.045370e+01    3.013357e+02   -6.053300e+00
   3.868963e-02    5.003416e+02    1.291771e+00    4.991403e+02    0.000000e+00   -4.036436e+01    2.952096e+02   -5.993135e+00
   3.940531e-02    4.852998e+02    1.278682e+00    4.841084e+02    0.000000e+00   -4.027350e+01    2.891979e+02   -5.933483e+00
   4.013422e-02    4.706868e+02    1.265706e+00    4.695055e+02    0.000000e+00   -4.018115e+01    2.832986e+02   -5.874336e+00
   4.087662e-02    4.564911e+02    1.252839e+00    4.553200e+02    0.000000e+00   -4.008730e+01    2.775096e+02   -5.815691e+00
   4.163275e-02    4.427014e+02    1.240083e+00    4.415401e+02    0.000000e+00   -3.999198e+01    2.718288e+02   -5.757544e+00
   4.240287e-02    4.293058e+02    1.227435e+00    4.281549e+02    0.000000e+00   -3.989517e+01    2.662545e+02   -5.699889e+00
   4.318723e-02    4.162945e+02    1.214895e+00    4.151533e+02    0.000000e+00   -3.979691e+01    2.607846e+02   -5.642724e+00
   4.398611e-02    4.036558e+02    1.202461e+00    4.025247e+02    0.000000e+00   -3.969718e+01    2.554174e+02   -5.586042e+00
   4.479976e-02    3.913801e+02    1.190134e+00    3.902589e+02    0.000000e+00   -3.959600e+01    2.501508e+02   -5.529840e+00
   4.562846e-02    3.794571e+02    1.177911e+00    3.783458e+02    0.000000e+00   -3.949338e+01    2.449832e+02   -5.474114e+00
   4.647249e-02    3.678771e+02    1.165792e+00    3.667756e+02    0.000000e+00   -3.938931e+01    2.399128e+02   -5.418859e+00
   4.733213e-02    3.566306e+02    1.153776e+00    3.555389e+02    0.000000e+00   -3.928382e+01    2.349377e+02   -5.364071e+00
   4.820767e-02    3.457083e+02    1.141862e+00    3.446265e+02    0.000000e+00   -3.917691e+01    2.300564e+02   -5.309745e+00
   4.909941e-02    3.351014e+02    1.130049e+00    3.340293e+02    0.000000e+00   -3.906858e+01    2.252670e+02   -5.255879e+00
   5.000765e-02    3.248009e+02    1.118336e+00    3.237386e+02    0.000000e+00   -3.895885e+01    2.205681e+02   -5.202467e+00
   5.093268e-02    3.147985e+02    1.106723e+00    3.137458e+02    0.000000e+00   -3.884771e+01    2.159578e+02   -5.149505e+00
   5.187483e-02    3.050859e+02    1.095208e+00    3.040429e+02    0.000000e+00   -3.873518e+01    2.114347e+02   -5.096991e+00
   5.283440e-02    2.956549e+02    1.083790e+00    2.946216e+02    0.000000e+00   -3.862127e+01    2.069972e+02   -5.044918e+00
   5.381173e-02    2.864980e+02    1.072470e+00    2.854741e+02    0.000000e+00   -3.850597e+01    2.026437e+02   -4.993285e+00
   5.480713e-02    2.776072e+02    1.061245e+00    2.765929e+02    0.000000e+00   -3.838931e+01    1.983728e+02   -4.942086e+00
   5.582095e-02    2.689754e+02    1.050115e+00    2.679706e+02    0.000000e+00   -3.827127e+01    1.941829e+02   -4.891318e+00
   5.685351e-02    2.605953e+02    1.039079e+00    2.595999e+02    0.000000e+00   -3.815188e+01    1.900726e+02   -4.840978e+00
   5.790518e-02    2.524597e+02    1.028137e+00    2.514738e+02    0.000000e+00   -3.803114e+01    1.860405e+02   -4.791060e+00
   5.897631e-02    2.445622e+02    1.017287e+00    2.435856e+02    0.000000e+00   -3.790906e+01    1.820851e+02   -4.741563e+00
   6.006724e-02    2.368959e+02    1.006529e+00    2.359285e+02    0.000000e+00   -3.778564e+01    1.782051e+02   -4.692482e+00
   6.117836e-02    2.294542e+02    9.958622e-01    2.284961e+02    0.000000e+00   -3.766089e+01    1.743992e+02   -4.643813e+00
   6.231003e-02    2.222311e+02    9.852853e-01    2.212822e+02    0.000000e+00   -3.753481e+01    1.706660e+02   -4.595553e+00
   6.346263e-02    2.152204e+02    9.747977e-01    2.142807e+02    0.000000e+00   -3.740743e+01    1.670042e+02   -4.547699e+00
   6.463656e-02    2.084162e+02    9.643987e-01    2.074856e+02    0.000000e+00   -3.727873e+01    1.634125e+02   -4.500246e+00
   6.583220e-02    2.018125e+02    9.540875e-01    2.008911e+02    0.000000e+00   -3.714873e+01    1.598897e+02   -4.453191e+00
   6.704995e-02    1.954041e+02    9.438634e-01    1.944916e+02    0.000000e+00   -3.701744e+01    1.564345e+02   -4.406532e+00
   6.829023e-02    1.891852e+02    9.337255e-01    1.882817e+02    0.000000e+00   -3.688487e+01    1.530458e+02   -4.360264e+00
   6.955346e-02    1.831506e+02    9.236733e-01    1.822561e+02    0.000000e+00   -3.675102e+01    1.497222e+02   -4.314384e+00
   7.084005e-02    1.772951e+02    9.137059e-01    1.764095e+02    0.000000e+00   -3.661589e+01    1.464628e+02   -4.268889e+00
   7.215044e-02    1.716137e+02    9.038226e-01    1.707369e+02    0.000000e+00   -3.647951e+01    1.432662e+02   -4.223775e+00
   7.348507e-02    1.661014e+02    8.940227e-01    1.652335e+02    0.000000e+00   -3.634186e+01    1.401315e+02   -4.179040e+00
   7.484439e-02    1.607537e+02    8.843055e-01    1.598944e+02    0.000000e+00   -3.620297e+01    1.370574e+02   -4.134680e+00
   7.622885e-02    1.555657e+02    8.746703e-01    1.547152e+02    0.000000e+00   -3.606284e+01    1.340429e+02   -4.090692e+00
   7.763892e-02    1.505331e+02    8.651164e-01    1.496911e+02    0.000000e+00   -3.592148e+01    1.310870e+02   -4.047073e+00
   7.907508e-02    1.456513e+02    8.556432e-01    1.448180e+02    0.000000e+00   -3.577890e+01    1.281885e+02   -4.003820e+00
   8.053780e-02    1.409163e+02    8.462499e-01    1.400914e+02    0.000000e+00   -3.563510e+01    1.253465e+02   -3.960929e+00
   8.202758e-02    1.363237e+02    8.369359e-01    1.355073e+02    0.000000e+00   -3.549009e+01    1.225599e+02   -3.918398e+00
   8.354491e-02    1.318696e+02    8.277005e-01    1.310617e+02    0.000000e+00   -3.534389e+01    1.198277e+02   -3.876224e+00
   8.509032e-02    1.275501e+02    8.185432e-01    1.267505e+02    0.000000e+00   -3.519649e+01    1.171490e+02   -3.834403e+00
   8.666431e-02    1.233613e+02    8.094631e-01    1.225701e+02    0.000000e+00   -3.504792e+01    1.145228e+02   -3.792933e+00
   8.826741e-02    1.192995e+02    8.004598e-01    1.185166e+02    0.000000e+00   -3.489817e+01    1.119482e+02   -3.751811e+00
   8.990017e-02    1.153612e+02    7.915325e-01    1.145865e+02    0.000000e+00   -3.474726e+01    1.094242e+02   -3.711034e+00
   9.156314e-02    1.115428e+02    7.826806e-01    1.107763e+02    0.000000e+00   -3.459519e+01    1.069500e+02   -3.670600e+00
   9.325686e-02    1.078410e+02    7.739037e-01    1.070826e+02    0.000000e+00   -3.444198e+01    1.045246e+02   -3.630505e+00
   9.498191e-02    1.042523e+02    7.652009e-01    1.035020e+02    0.000000e+00   -3.428763e+01    1.021472e+02   -3.590747e+00
   9.673888e-02    1.007735e+02    7.565718e-01    1.000312e+02    0.000000e+00   -3.413216e+01    9.981688e+01   -3.551323e+00
   9.852834e-02    9.740158e+01    7.480157e-01    9.666728e+01    0.000000e+00   -3.397557e+01    9.753283e+01   -3.512230e+00
   1.003509e-01    9.413339e+01    7.395321e-01    9.340703e+01    0.000000e+00   -3.381788e+01    9.529421e+01   -3.473465e+00
   1.022072e-01    9.096605e+01    7.311204e-01    9.024752e+01    0.000000e+00   -3.365909e+01    9.310020e+01   -3.435028e+00
   1.040978e-01    8.789657e+01    7.227800e-01    8.718585e+01    0.000000e+00   -3.349921e+01    9.095002e+01   -3.396913e+00
   1.060234e-01    8.492213e+01    7.145103e-01    8.421921e+01    0.000000e+00   -3.333826e+01    8.884286e+01   -3.359119e+00
   1.079846e-01    8.204010e+01    7.063109e-01    8.134487e+01    0.000000e+00   -3.317624e+01    8.677797e+01   -3.321644e+00
   1.099821e-01    7.924776e+01    6.981810e-01    7.856017e+01    0.000000e+00   -3.301317e+01    8.475457e+01   -3.284485e+00
   1.120165e-01    7.654246e+01    6.901203e-01    7.586253e+01    0.000000e+00   -3.284905e+01    8.277192e+01   -3.247639e+00
   1.140886e-01    7.392184e+01    6.821282e-01    7.324942e+01    0.000000e+00   -3.268391e+01    8.082930e+01   -3.211105e+00
   1.161990e-01    7.138331e+01    6.742041e-01    7.071840e+01    0.000000e+00   -3.251774e+01    7.892598e+01   -3.174879e+00
   1.183484e-01    6.892456e+01    6.663475e-01    6.826710e+01    0.000000e+00   -3.235057e+01    7.706125e+01   -3.138959e+00
   1.205376e-01    6.654326e+01    6.585580e-01    6.589319e+01    0.000000e+00   -3.218240e+01    7.523442e+01   -3.103344e+00
   1.227673e-01    6.423715e+01    6.508349e-01    6.359444e+01    0.000000e+00   -3.201324e+01    7.344481e+01   -3.068030e+00
   1.250382e-01    6.200406e+01    6.431778e-01    6.136864e+01    0.000000e+00   -3.184311e+01    7.169175e+01   -3.033015e+00
   1.273512e-01    5.984186e+01    6.355863e-01    5.921367e+01    0.000000e+00   -3.167202e+01    6.997458e+01   -2.998298e+00
   1.297069e-01    5.774844e+01    6.280597e-01    5.712747e+01    0.000000e+00   -3.149999e+01    6.829264e+01   -2.963876e+00
   1.321062e-01    5.572187e+01    6.205977e-01    5.510801e+01    0.000000e+00   -3.132702e+01    6.664532e+01   -2.929747e+00
   1.345499e-01    5.376011e+01    6.131997e-01    5.315335e+01    0.000000e+00   -3.115313e+01    6.503197e+01   -2.895908e+00
   1.370388e-01    5.186130e+01    6.058653e-01    5.126158e+01    0.000000e+00   -3.097833e+01    6.345199e+01   -2.862357e+00
   1.395737e-01    5.002360e+01    5.985940e-01    4.943084e+01    0.000000e+00   -3.080264e+01    6.190478e+01   -2.829094e+00
   1.421555e-01    4.824516e+01    5.913854e-01    4.765935e+01    0.000000e+00   -3.062607e+01    6.038974e+01   -2.796114e+00
   1.447851e-01    4.652426e+01    5.842389e-01    4.594534e+01    0.000000e+00   -3.044863e+01    5.890628e+01   -2.763417e+00
   1.474633e-01    4.485921e+01    5.771543e-01    4.428712e+01    0.000000e+00   -3.027034e+01    5.745385e+01   -2.731000e+00
   1.501911e-01    4.324836e+01    5.701309e-01    4.268303e+01    0.000000e+00   -3.009121e+01    5.603186e+01   -2.698861e+00
   1.529693e-01    4.169007e+01    5.631685e-01    4.113146e+01    0.000000e+00   -2.991126e+01    5.463978e+01   -2.666999e+00
   1.557989e-01    4.018278e+01    5.562664e-01    3.963085e+01    0.000000e+00   -2.973051e+01    5.327706e+01   -2.635411e+00
   1.586808e-01    3.872499e+01    5.494245e-01    3.817968e+01    0.000000e+00   -2.954896e+01    5.194316e+01   -2.604096e+00
   1.616161e-01    3.731520e+01    5.426421e-01    3.677648e+01    0.000000e+00   -2.936664e+01    5.063756e+01   -2.573051e+00
   1.646057e-01    3.595199e+01    5.359189e-01    3.541979e+01    0.000000e+00   -2.918355e+01    4.935974e+01   -2.542275e+00
   1.676505e-01    3.463396e+01    5.292545e-01    3.410823e+01    0.000000e+00   -2.899972e+01    4.810920e+01   -2.511765e+00
   1.707517e-01    3.335974e+01    5.226485e-01    3.284043e+01    0.000000e+00   -2.881517e+01    4.688544e+01   -2.481521e+00
   1.739102e-01    3.212801e+01    5.161005e-01    3.161507e+01    0.000000e+00   -2.862990e+01    4.568797e+01   -2.451541e+00
   1.771272e-01    3.093750e+01    5.096101e-01    3.043088e+01    0.000000e+00   -2.844394e+01    4.451630e+01   -2.421821e+00
   1.804037e-01    2.978694e+01    5.031769e-01    2.928660e+01    0.000000e+00   -2.825730e+01    4.336997e+01   -2.392362e+00
   1.837408e-01    2.867513e+01    4.968006e-01    2.818102e+01    0.000000e+00   -2.807000e+01    4.224851e+01   -2.363160e+00
   1.871396e-01    2.760089e+01    4.904807e-01    2.711295e+01    0.000000e+00   -2.788206e+01    4.115147e+01   -2.334215e+00
   1.906013e-01    2.656308e+01    4.842169e-01    2.608126e+01    0.000000e+00   -2.769350e+01    4.007838e+01   -2.305525e+00
   1.941270e-01    2.556057e+01    4.780088e-01    2.508482e+01    0.000000e+00   -2.750433e+01    3.902881e+01   -2.277088e+00
   1.977179e-01    2.459228e+01    4.718561e-01    2.412256e+01    0.000000e+00   -2.731457e+01    3.800233e+01   -2.248902e+00
   2.013753e-01    2.365717e+01    4.657583e-01    2.319341e+01    0.000000e+00   -2.712424e+01    3.699851e+01   -2.220966e+00
   2.051003e-01    2.275420e+01    4.597152e-01    2.229637e+01    0.000000e+00   -2.693336e+01    3.601693e+01   -2.193279e+00
   2.088942e-01    2.188237e+01    4.537265e-01    2.143043e+01    0.000000e+00   -2.674195e+01    3.505717e+01   -2.165837e+00
   2.127583e-01    2.104075e+01    4.477917e-01    2.059462e+01    0.000000e+00   -2.655002e+01    3.411884e+01   -2.138642e+00
   2.166939e-01    2.022835e+01    4.419105e-01    1.978802e+01    0.000000e+00   -2.635761e+01    3.320152e+01   -2.111690e+00
   2.207023e-01    1.944431e+01    4.360825e-01    1.900970e+01    0.000000e+00   -2.616472e+01    3.230483e+01   -2.084980e+00
   2.247848e-01    1.868770e+01    4.303076e-01    1.825877e+01    0.000000e+00   -2.597137e+01    3.142838e+01   -2.058511e+00
   2.289428e-01    1.795769e+01    4.245853e-01    1.753439e+01    1.290169e-19   -2.577760e+01    3.057180e+01   -2.032282e+00
   2.331778e-01    1.725342e+01    4.189152e-01    1.683570e+01    2.675922e-19   -2.558341e+01    2.973470e+01   -2.006290e+00
   2.374911e-01    1.657407e+01    4.132972e-01    1.616190e+01    4.087307e-19   -2.538883e+01    2.891673e+01   -1.980534e+00
   2.418842e-01    1.591888e+01    4.077309e-01    1.551220e+01    5.524801e-19   -2.519388e+01    2.811752e+01   -1.955013e+00
   2.463585e-01    1.528707e+01    4.022159e-01    1.488582e+01    6.988885e-19   -2.499858e+01    2.733671e+01   -1.929727e+00
   2.509156e-01    1.467788e+01    3.967519e-01    1.428203e+01    8.480051e-19   -2.480295e+01    2.657396e+01   -1.904672e+00
   2.555570e-01    1.409060e+01    3.913388e-01    1.370010e+01    1.200923e-17   -2.460701e+01    2.582892e+01   -1.879848e+00
   2.602843e-01    1.352452e+01    3.859761e-01    1.313932e+01    1.055933e-16   -2.441079e+01    2.510126e+01   -1.855254e+00
   2.650990e-01    1.297896e+01    3.806635e-01    1.259902e+01    2.009084e-16   -2.421431e+01    2.439064e+01   -1.830888e+00
   2.700028e-01    1.245326e+01    3.754008e-01    1.207853e+01    2.979867e-16   -2.401758e+01    2.369674e+01   -1.806749e+00
   2.749973e-01    1.194677e+01    3.701877e-01    1.157720e+01    3.968607e-16   -2.382063e+01    2.301923e+01   -1.782836e+00
   2.800841e-01    1.145887e+01    3.650239e-01    1.109441e+01    4.975636e-16   -2.362349e+01    2.235780e+01   -1.759148e+00
   2.852651e-01    1.098894e+01    3.599092e-01    1.062955e+01    1.187195e-15   -2.342617e+01    2.171214e+01   -1.735682e+00
   2.905419e-01    1.053641e+01    3.548431e-01    1.018203e+01    1.297770e-14   -2.322870e+01    2.108194e+01   -1.712439e+00
   2.959163e-01    1.010069e+01    3.498255e-01    9.751290e+00    2.498631e-14   -2.303111e+01    2.046690e+01   -1.689417e+00
   3.013901e-01    9.681224e+00    3.448561e-01    9.336758e+00    3.721705e-14   -2.283340e+01    1.986673e+01   -1.666613e+00
   3.069652e-01    9.277481e+00    3.399347e-01    8.937902e+00    4.967403e-14   -2.263562e+01    1.928113e+01   -1.644029e+00
   3.126434e-01    8.888941e+00    3.350608e-01    8.554197e+00    6.236144e-14   -2.243777e+01    1.870981e+01   -1.621662e+00
   3.184266e-01    8.515084e+00    3.302344e-01    8.185135e+00    4.042378e-13   -2.223989e+01    1.815250e+01   -1.599511e+00
   3.243169e-01    8.155422e+00    3.254551e-01    7.830222e+00    9.828542e-13   -2.204200e+01    1.760892e+01   -1.577574e+00
   3.303160e-01    7.809480e+00    3.207227e-01    7.488982e+00    1.572174e-12   -2.184412e+01    1.707880e+01   -1.555852e+00
   3.364262e-01    7.476785e+00    3.160368e-01    7.160948e+00    2.172394e-12   -2.164627e+01    1.656186e+01   -1.534342e+00
   3.426493e-01    7.156896e+00    3.113974e-01    6.845672e+00    2.783718e-12   -2.144848e+01    1.605784e+01   -1.513044e+00
   3.489876e-01    6.849370e+00    3.068040e-01    6.542715e+00    1.144836e-11   -2.125078e+01    1.556649e+01   -1.491957e+00
   3.554432e-01    6.553782e+00    3.022565e-01    6.251655e+00    2.510162e-11   -2.105318e+01    1.508755e+01   -1.471079e+00
   3.620181e-01    6.269728e+00    2.977546e-01    5.972080e+00    3.900745e-11   -2.085571e+01    1.462076e+01   -1.450409e+00
   3.687147e-01    5.996802e+00    2.932980e-01    5.703592e+00    5.317049e-11   -2.065839e+01    1.416589e+01   -1.429947e+00
   3.755351e-01    5.734619e+00    2.888866e-01    5.445804e+00    8.048488e-11   -2.046126e+01    1.372268e+01   -1.409691e+00
   3.824817e-01    5.482805e+00    2.845201e-01    5.198342e+00    2.625006e-10   -2.026432e+01    1.329090e+01   -1.389640e+00
   3.895568e-01    5.241000e+00    2.801982e-01    4.960842e+00    4.478832e-10   -2.006762e+01    1.287031e+01   -1.369794e+00
   3.967628e-01    5.008848e+00    2.759207e-01    4.732952e+00    6.366950e-10   -1.987116e+01    1.246068e+01   -1.350151e+00
   4.041021e-01    4.786007e+00    2.716874e-01    4.514331e+00    8.289994e-10   -1.967498e+01    1.206178e+01   -1.330710e+00
   4.115771e-01    4.572146e+00    2.674980e-01    4.304649e+00    2.233939e-09   -1.947910e+01    1.167339e+01   -1.311470e+00
   4.191904e-01    4.366946e+00    2.633523e-01    4.103584e+00    3.832990e-09   -1.928354e+01    1.129529e+01   -1.292431e+00
   4.269445e-01    4.170096e+00    2.592501e-01    3.910827e+00    5.461620e-09   -1.908832e+01    1.092727e+01   -1.273591e+00
   4.348421e-01    3.981296e+00    2.551912e-01    3.726076e+00    7.120377e-09   -1.889348e+01    1.056910e+01   -1.254949e+00
   4.428857e-01    3.800254e+00    2.511753e-01    3.549040e+00    1.652912e-08   -1.869903e+01    1.022058e+01   -1.236505e+00
   4.510782e-01    3.626685e+00    2.472021e-01    3.379438e+00    2.626933e-08   -1.850500e+01    9.881502e+00   -1.218257e+00
   4.594222e-01    3.460317e+00    2.432716e-01    3.216995e+00    3.618972e-08   -1.831141e+01    9.551666e+00   -1.200205e+00
   4.679205e-01    3.300889e+00    2.393834e-01    3.061448e+00    5.765703e-08   -1.811829e+01    9.230871e+00   -1.182348e+00
   4.765761e-01    3.148140e+00    2.355373e-01    2.912540e+00    1.016255e-07   -1.792566e+01    8.918920e+00   -1.164684e+00
   4.853917e-01    3.001825e+00    2.317331e-01    2.770024e+00    1.464073e-07   -1.773354e+01    8.615622e+00   -1.147213e+00
   4.943704e-01    2.861702e+00    2.279707e-01    2.633660e+00    1.920175e-07   -1.754195e+01    8.320785e+00   -1.129934e+00
   5.035152e-01    2.727541e+00    2.242497e-01    2.503215e+00    3.420845e-07   -1.735093e+01    8.034225e+00   -1.112846e+00
   5.128292e-01    2.599113e+00    2.205700e-01    2.378466e+00    5.027299e-07   -1.716048e+01    7.755757e+00   -1.095949e+00
   5.223154e-01    2.476207e+00    2.169313e-01    2.259195e+00    6.663469e-07   -1.697064e+01    7.485201e+00   -1.079241e+00
   5.319772e-01    2.358608e+00    2.133334e-01    2.145192e+00    1.050740e-06   -1.678143e+01    7.222380e+00   -1.062721e+00
   5.418176e-01    2.246115e+00    2.097762e-01    2.036254e+00    1.527576e-06   -1.659286e+01    6.967120e+00   -1.046389e+00
   5.518401e-01    2.138529e+00    2.062594e-01    1.932184e+00    2.013232e-06   -1.640497e+01    6.719250e+00   -1.030244e+00
   5.620480e-01    2.035663e+00    2.027828e-01    1.832794e+00    2.986117e-06   -1.621776e+01    6.478601e+00   -1.014284e+00
   5.724447e-01    1.937333e+00    1.993463e-01    1.737900e+00    4.195382e-06   -1.603128e+01    6.245008e+00   -9.985104e-01
   5.830337e-01    1.843360e+00    1.959495e-01    1.647323e+00    5.427016e-06   -1.584553e+01    6.018309e+00   -9.829209e-01
   5.938186e-01    1.753574e+00    1.925923e-01    1.560895e+00    7.814004e-06   -1.566053e+01    5.798345e+00   -9.675150e-01
   6.048029e-01    1.667810e+00    1.892745e-01    1.478448e+00    1.050235e-05   -1.547631e+01    5.584957e+00   -9.522921e-01
   6.159905e-01    1.585907e+00    1.859959e-01    1.399823e+00    1.345457e-05   -1.529290e+01    5.377992e+00   -9.372513e-01
   6.273850e-01    1.507711e+00    1.827563e-01    1.324867e+00    1.870668e-05   -1.511030e+01    5.177300e+00   -9.223919e-01
   6.389903e-01    1.433072e+00    1.795555e-01    1.253430e+00    2.405593e-05   -1.492853e+01    4.982730e+00   -9.077131e-01
   6.508103e-01    1.361847e+00    1.763934e-01    1.185369e+00    3.141772e-05   -1.474763e+01    4.794137e+00   -8.932141e-01
   6.628489e-01    1.293899e+00    1.732696e-01    1.120545e+00    4.093154e-05   -1.456760e+01    4.611378e+00   -8.788946e-01
   6.751102e-01    1.229092e+00    1.701841e-01    1.058825e+00    5.067210e-05   -1.438847e+01    4.434312e+00   -8.647535e-01
   6.875983e-01    1.167297e+00    1.671366e-01    1.000079e+00    6.629252e-05   -1.421025e+01    4.262801e+00   -8.507904e-01
   7.003174e-01    1.108391e+00    1.641270e-01    9.441840e-01    8.220189e-05   -1.403297e+01    4.096709e+00   -8.370045e-01
   7.132718e-01    1.052252e+00    1.611551e-01    8.910191e-01    1.033526e-04   -1.385664e+01    3.935903e+00   -8.233952e-01
   7.264658e-01    9.987657e-01    1.582206e-01    8.404690e-01    1.277469e-04   -1.368127e+01    3.780252e+00   -8.099620e-01
   7.399039e-01    9.478206e-01    1.553235e-01    7.924227e-01    1.561627e-04   -1.350689e+01    3.629628e+00   -7.967042e-01
   7.535905e-01    8.993084e-01    1.524636e-01    7.467726e-01    1.914325e-04   -1.333351e+01    3.483905e+00   -7.836211e-01
   7.675304e-01    8.531265e-01    1.496406e-01    7.034155e-01    2.294734e-04   -1.316115e+01    3.342959e+00   -7.707125e-01
   7.817280e-01    8.091751e-01    1.468545e-01    6.622520e-01    2.779474e-04   -1.298982e+01    3.206671e+00   -7.579777e-01
   7.961883e-01    7.673578e-01    1.441051e-01    6.231861e-01    3.284057e-04   -1.281954e+01    3.074919e+00   -7.454161e-01
   8.109161e-01    7.275824e-01    1.413921e-01    5.861257e-01    3.921679e-04   -1.265033e+01    2.947589e+00   -7.330273e-01
   8.259164e-01    6.897665e-01    1.387160e-01    5.509881e-01    4.579849e-04   -1.248219e+01    2.824565e+00   -7.208306e-01
   8.411941e-01    6.538608e-01    1.360793e-01    5.177213e-01    5.387214e-04   -1.231515e+01    2.705735e+00   -7.089671e-01
   8.567544e-01    6.197394e-01    1.334788e-01    4.862024e-01    6.226276e-04   -1.214922e+01    2.590990e+00   -6.972776e-01
   8.726025e-01    5.873232e-01    1.309145e-01    4.563525e-01    7.215200e-04   -1.198441e+01    2.480222e+00   -6.857617e-01
   8.887438e-01    5.565360e-01    1.283862e-01    4.280956e-01    8.256770e-04   -1.182073e+01    2.373324e+00   -6.744193e-01
   9.051837e-01    5.273047e-01    1.258937e-01    4.013588e-01    9.433465e-04   -1.165820e+01    2.270195e+00   -6.632500e-01
   9.219277e-01    4.995591e-01    1.234370e-01    3.760719e-01    1.069058e-03   -1.149683e+01    2.170730e+00   -6.522536e-01
   9.389814e-01    4.732317e-01    1.210160e-01    3.521675e-01    1.205559e-03   -1.133662e+01    2.074832e+00   -6.414301e-01
   9.563505e-01    4.482577e-01    1.186305e-01    3.295809e-01    1.353093e-03   -1.117761e+01    1.982403e+00   -6.307791e-01
   9.740410e-01    4.245747e-01    1.162805e-01    3.082499e-01    1.507949e-03   -1.101978e+01    1.893345e+00   -6.203007e-01
   9.920587e-01    4.021230e-01    1.139657e-01    2.881147e-01    1.676480e-03   -1.086316e+01    1.807567e+00   -6.099946e-01
   1.010410e+00    3.808450e-01    1.116863e-01    2.691180e-01    1.851490e-03   -1.070776e+01    1.724974e+00   -5.998608e-01
   1.029100e+00    3.606857e-01    1.094419e-01    2.512048e-01    2.036420e-03   -1.055358e+01    1.645478e+00   -5.898991e-01
   1.048136e+00    3.415922e-01    1.072326e-01    2.343224e-01    2.229714e-03   -1.040065e+01    1.568989e+00   -5.801095e-01
   1.067525e+00    3.235138e-01    1.050583e-01    2.184201e-01    2.429469e-03   -1.024895e+01    1.495420e+00   -5.704920e-01
   1.087271e+00    3.064019e-01    1.029189e-01    2.034493e-01    2.637171e-03   -1.009851e+01    1.424687e+00   -5.610466e-01
   1.107384e+00    2.902099e-01    1.008143e-01    1.893636e-01    2.850265e-03   -9.949343e+00    1.356706e+00   -5.517731e-01
   1.127868e+00    2.748932e-01    9.874434e-02    1.761183e-01    3.068324e-03   -9.801445e+00    1.291394e+00   -5.426717e-01
   1.148731e+00    2.604089e-01    9.670907e-02    1.636708e-01    3.290645e-03   -9.654829e+00    1.228672e+00   -5.337423e-01
   1.169980e+00    2.467160e-01    9.470837e-02    1.519801e-01    3.515768e-03   -9.509505e+00    1.168461e+00   -5.249848e-01
   1.191622e+00    2.337753e-01    9.274215e-02    1.410071e-01    3.743339e-03   -9.365480e+00    1.110684e+00   -5.163992e-01
   1.213665e+00    2.215493e-01    9.081034e-02    1.307143e-01    3.972447e-03   -9.222761e+00    1.055265e+00   -5.079855e-01
   1.236115e+00    2.100020e-01    8.891287e-02    1.210658e-01    4.200554e-03   -9.081357e+00    1.002130e+00   -4.997437e-01
   1.258981e+00    1.990991e-01    8.704966e-02    1.120274e-01    4.428232e-03   -8.941274e+00    9.512072e-01   -4.916738e-01
   1.282269e+00    1.888079e-01    8.522064e-02    1.035664e-01    4.654746e-03   -8.802519e+00    9.024251e-01   -4.837757e-01
   1.305988e+00    1.790969e-01    8.342574e-02    9.565147e-02    4.879257e-03   -8.665100e+00    8.557144e-01   -4.760493e-01
   1.330146e+00    1.699360e-01    8.166487e-02    8.825267e-02    5.098851e-03   -8.529021e+00    8.110070e-01   -4.684944e-01
   1.354751e+00    1.612969e-01    7.993798e-02    8.134152e-02    5.314268e-03   -8.394288e+00    7.682362e-01   -4.611111e-01
   1.379811e+00    1.531521e-01    7.824497e-02    7.489082e-02    5.525186e-03   -8.260908e+00    7.273372e-01   -4.538992e-01
   1.405335e+00    1.454758e-01    7.658578e-02    6.887462e-02    5.730912e-03   -8.128885e+00    6.882461e-01   -4.468584e-01
   1.431331e+00    1.382428e-01    7.496032e-02    6.326818e-02    5.930796e-03   -7.998224e+00    6.509009e-01   -4.399885e-01
   1.457807e+00    1.314299e-01    7.336852e-02    5.804796e-02    6.124253e-03   -7.868930e+00    6.152406e-01   -4.332895e-01
   1.484773e+00    1.250144e-01    7.181029e-02    5.319152e-02    6.310678e-03   -7.741005e+00    5.812059e-01   -4.267607e-01
   1.512239e+00    1.189748e-01    7.028555e-02    4.867750e-02    6.488784e-03   -7.614455e+00    5.487388e-01   -4.204020e-01
   1.540212e+00    1.132907e-01    6.879421e-02    4.448562e-02    6.659485e-03   -7.489282e+00    5.177827e-01   -4.142129e-01
   1.568702e+00    1.079429e-01    6.733619e-02    4.059657e-02    6.822537e-03   -7.365488e+00    4.882825e-01   -4.081930e-01
   1.597720e+00    1.029128e-01    6.591138e-02    3.699200e-02    6.977769e-03   -7.243076e+00    4.601844e-01   -4.023416e-01
   1.627275e+00    9.818301e-02    6.451970e-02    3.365452e-02    7.125085e-03   -7.122049e+00    4.334360e-01   -3.966583e-01
   1.657376e+00    9.373674e-02    6.316104e-02    3.056759e-02    7.264459e-03   -7.002406e+00    4.079861e-01   -3.911423e-01
   1.688034e+00    8.955832e-02    6.183529e-02    2.771552e-02    7.395926e-03   -6.884150e+00    3.837850e-01   -3.857928e-01
   1.719259e+00    8.563274e-02    6.054235e-02    2.508347e-02    7.519582e-03   -6.767281e+00    3.607843e-01   -3.806089e-01
   1.751061e+00    8.194578e-02    5.928208e-02    2.265734e-02    7.635570e-03   -6.651799e+00    3.389369e-01   -3.755897e-01
   1.783452e+00    7.848402e-02    5.805437e-02    2.042381e-02    7.744076e-03   -6.537704e+00    3.181970e-01   -3.707342e-01
   1.816442e+00    7.523465e-02    5.685907e-02    1.837025e-02    7.844975e-03   -6.424994e+00    2.985200e-01   -3.660412e-01
   1.850043e+00    7.218563e-02    5.569603e-02    1.648474e-02    7.938430e-03   -6.313669e+00    2.798629e-01   -3.615093e-01
   1.884264e+00    6.932553e-02    5.456511e-02    1.475599e-02    8.025135e-03   -6.203727e+00    2.621835e-01   -3.571373e-01
   1.919119e+00    6.664346e-02    5.346612e-02    1.317336e-02    8.105400e-03   -6.095166e+00    2.454412e-01   -3.529234e-01
   1.954619e+00    6.412928e-02    5.239888e-02    1.172679e-02    8.179540e-03   -5.987983e+00    2.295964e-01   -3.488663e-01
   1.990775e+00    6.177324e-02    5.136320e-02    1.040680e-02    8.247877e-03   -5.882175e+00    2.146109e-01   -3.449639e-01
   2.027600e+00    5.956618e-02    5.035884e-02    9.204452e-03    8.310367e-03   -5.777739e+00    2.004475e-01   -3.412144e-01
   2.065107e+00    5.749947e-02    4.938559e-02    8.111331e-03    8.367117e-03   -5.674671e+00    1.870703e-01   -3.376158e-01
   2.103307e+00    5.556491e-02    4.844317e-02    7.119514e-03    8.419091e-03   -5.572966e+00    1.744443e-01   -3.341658e-01
   2.142214e+00    5.375482e-02    4.753132e-02    6.221564e-03    8.466601e-03   -5.472620e+00    1.625361e-01   -3.308621e-01
   2.181840e+00    5.206190e-02    4.664972e-02    5.410485e-03    8.509309e-03   -5.373628e+00    1.513128e-01   -3.277023e-01
   2.222199e+00    5.047921e-02    4.579806e-02    4.679715e-03    8.547946e-03   -5.275984e+00    1.407431e-01   -3.246836e-01
   2.263305e+00    4.900028e-02    4.497597e-02    4.023110e-03    8.583066e-03   -5.179682e+00    1.307965e-01   -3.218034e-01
   2.305172e+00    4.761896e-02    4.418306e-02    3.434913e-03    8.614261e-03   -5.084716e+00    1.214436e-01   -3.190586e-01
   2.347812e+00    4.632943e-02    4.341892e-02    2.909747e-03    8.642412e-03   -4.991080e+00    1.126560e-01   -3.164464e-01
   2.391242e+00    4.512629e-02    4.268310e-02    2.442601e-03    8.667553e-03   -4.898766e+00    1.044063e-01   -3.139635e-01
   2.435475e+00    4.400430e-02    4.197508e-02    2.028799e-03    8.689898e-03   -4.807767e+00    9.666810e-02   -3.116067e-01
   2.480526e+00    4.295860e-02    4.129435e-02    1.664005e-03    8.709828e-03   -4.718075e+00    8.941594e-02   -3.093726e-01
   2.526410e+00    4.198460e-02    4.064031e-02    1.344203e-03    8.727409e-03   -4.629682e+00    8.262528e-02   -3.072576e-01
   2.573144e+00    4.107794e-02    4.001231e-02    1.065691e-03    8.742969e-03   -4.542580e+00    7.627252e-02   -3.052583e-01
   2.620741e+00    4.023455e-02    3.940965e-02    8.250788e-04    8.756688e-03   -4.456760e+00    7.033490e-02   -3.033709e-01
   2.669220e+00    3.945055e-02    3.883154e-02    6.192875e-04    8.768662e-03   -4.372214e+00    6.479058e-02   -3.015918e-01
   2.718594e+00    3.872226e-02    3.827708e-02    4.455641e-04    8.779220e-03   -4.288931e+00    5.961855e-02   -2.999172e-01
   2.768883e+00    3.804623e-02    3.774520e-02    3.015202e-04    8.788372e-03   -4.206903e+00    5.479860e-02   -2.983431e-01
   2.820101e+00    3.741922e-02    3.723458e-02    1.852125e-04    8.796327e-03   -4.126119e+00    5.031137e-02   -2.968658e-01
   2.872267e+00    3.683815e-02    3.674344e-02    9.534464e-05    8.803250e-03   -4.046570e+00    4.613825e-02   -2.954815e-01
   2.925398e+00    3.630009e-02    3.626893e-02    3.188020e-05    8.809241e-03   -3.968245e+00    4.226143e-02   -2.941860e-01
   2.979512e+00    3.580234e-02    3.580311e-02    2.622409e-25    8.814358e-03   -3.891134e+00    3.866381e-02   -2.929758e-01
   3.034626e+00    3.534228e-02    3.534309e-02   -1.746326e-21    8.818757e-03   -3.815226e+00    3.532905e-02   -2.918468e-01
   3.090760e+00    3.491746e-02    3.491831e-02   -4.672391e-21    8.822525e-03   -3.740510e+00    3.224151e-02   -2.907953e-01
   3.147933e+00    3.452557e-02    3.452646e-02   -8.120814e-21    8.825737e-03   -3.666975e+00    2.938622e-02   -2.898174e-01
   3.206163e+00    3.416447e-02    3.416539e-02   -1.183019e-20    8.828466e-03   -3.594609e+00    2.674891e-02   -2.889095e-01
   3.265470e+00    3.383204e-02    3.383299e-02   -1.564664e-20    8.830774e-03   -3.523401e+00    2.431595e-02   -2.880678e-01
   3.325874e+00    3.352639e-02    3.352734e-02   -1.946904e-20    8.832719e-03   -3.453339e+00    2.207434e-02   -2.872889e-01
   3.387396e+00    3.324567e-02    3.324664e-02   -2.322826e-20    8.834353e-03   -3.384411e+00    2.001171e-02   -2.865692e-01
   3.450056e+00    3.298814e-02    3.298911e-02   -2.687633e-20    8.835721e-03   -3.316606e+00    1.811629e-02   -2.859052e-01
   3.513874e+00    3.275221e-02    3.275317e-02   -3.037995e-20    8.836861e-03   -3.249910e+00    1.637686e-02   -2.852937e-01
   3.578874e+00    3.253630e-02    3.253725e-02   -3.371698e-20    8.837810e-03   -3.184312e+00    1.478282e-02   -2.847315e-01
   3.645075e+00    3.233898e-02    3.233992e-02   -3.687332e-20    8.838595e-03   -3.119799e+00    1.332407e-02   -2.842154e-01
   3.712501e+00    3.215890e-02    3.215981e-02   -3.984092e-20    8.839238e-03   -3.056358e+00    1.199106e-02   -2.837425e-01
   3.781175e+00    3.199479e-02    3.199568e-02   -4.261655e-20    8.839767e-03   -2.993977e+00    1.077475e-02   -2.833099e-01
   3.851118e+00    3.184542e-02    3.184630e-02   -4.520065e-20    8.840201e-03   -2.932643e+00    9.666612e-03   -2.829149e-01
   3.922356e+00    3.170968e-02    3.171051e-02   -4.759630e-20    8.840553e-03   -2.872343e+00    8.658573e-03   -2.825548e-01
   3.994911e+00    3.158651e-02    3.158731e-02   -4.980868e-20    8.840839e-03   -2.813064e+00    7.743036e-03   -2.822271e-01
   4.068809e+00    3.147491e-02    3.147567e-02   -5.184451e-20    8.841070e-03   -2.754792e+00    6.912850e-03   -2.819294e-01
   4.144073e+00    3.137395e-02    3.137475e-02   -5.371165e-20    8.841255e-03   -2.697516e+00    6.161293e-03   -2.816595e-01
   4.220729e+00    3.128278e-02    3.128347e-02   -5.541855e-20    8.841403e-03   -2.641221e+00    5.482056e-03   -2.814152e-01
   4.298804e+00    3.120059e-02    3.120124e-02   -5.697424e-20    8.841521e-03   -2.585894e+00    4.869226e-03   -2.811946e-01
   4.378323e+00    3.112658e-02    3.112721e-02   -5.838818e-20    8.841615e-03   -2.531523e+00    4.317273e-03   -2.809956e-01
   4.459312e+00    3.106012e-02    3.106069e-02   -5.966941e-20    8.841689e-03   -2.478093e+00    3.821031e-03   -2.808166e-01
   4.541800e+00    3.100046e-02    3.100108e-02   -6.082754e-20    8.841747e-03   -2.425592e+00    3.375684e-03   -2.806557e-01
   4.625814e+00    3.094709e-02    3.094757e-02   -6.187129e-20    8.841793e-03   -2.374006e+00    2.976746e-03   -2.805116e-01
   4.711382e+00    3.089936e-02    3.089981e-02   -6.280982e-20    8.841828e-03   -2.323322e+00    2.620053e-03   -2.803825e-01
   4.798532e+00    3.085680e-02    3.085720e-02   -6.365142e-20    8.841855e-03   -2.273527e+00    2.301738e-03   -2.802674e-01
   4.887295e+00    3.081891e-02    3.081926e-02   -6.440420e-20    8.841876e-03   -2.224607e+00    2.018225e-03   -2.801647e-01
   4.977699e+00    3.078524e-02    3.078555e-02   -6.507596e-20    8.841893e-03   -2.176549e+00    1.766207e-03   -2.800734e-01
   5.069776e+00    3.075537e-02    3.075630e-02   -6.567393e-20    8.841905e-03   -2.129340e+00    1.542637e-03   -2.799924e-01
   5.163556e+00    3.072895e-02    3.072922e-02   -6.620479e-20    8.841914e-03   -2.082967e+00    1.344707e-03   -2.799207e-01
   5.259071e+00    3.070562e-02    3.070581e-02   -6.667499e-20    8.841921e-03   -2.037416e+00    1.169841e-03   -2.798573e-01
   5.356353e+00    3.068505e-02    3.068527e-02   -6.709050e-20    8.841927e-03   -1.992676e+00    1.015678e-03   -2.798014e-01
   5.455434e+00    3.066695e-02    3.066709e-02   -6.745677e-20    8.841931e-03   -1.948732e+00    8.800580e-04   -2.797523e-01
   5.556348e+00    3.065108e-02    3.065118e-02   -6.777885e-20    8.841933e-03   -1.905572e+00    7.610095e-04   -2.797091e-01
   5.659129e+00    3.063717e-02    3.063725e-02   -6.806139e-20    8.841936e-03   -1.863183e+00    6.567376e-04   -2.796712e-01
   5.763810e+00    3.062502e-02    3.062504e-02   -6.830864e-20    8.841937e-03   -1.821553e+00    5.656112e-04   -2.796382e-01
   5.870429e+00    3.061443e-02    3.061446e-02   -6.852444e-20    8.841938e-03   -1.780670e+00    4.861521e-04   -2.796094e-01
   5.979019e+00    3.060523e-02    3.060523e-02   -6.871235e-20    8.841939e-03   -1.740519e+00    4.170246e-04   -2.795843e-01
   6.089618e+00    3.059724e-02    3.059722e-02   -6.887559e-20    8.841940e-03   -1.701090e+00    3.570246e-04   -2.795625e-01
   6.202263e+00    3.059032e-02    3.059029e-02   -6.901705e-20    8.841940e-03   -1.662371e+00    3.050688e-04   -2.795437e-01
   6.316992e+00    3.058435e-02    3.058430e-02   -6.913934e-20    8.841941e-03   -1.624348e+00    2.601848e-04   -2.795274e-01
   6.433843e+00    3.057920e-02    3.057935e-02   -6.924480e-20    8.841941e-03   -1.587010e+00    2.215019e-04   -2.795134e-01
   6.552856e+00    3.057477e-02    3.057469e-02   -6.933553e-20    8.841941e-03   -1.550346e+00    1.882431e-04   -2.795013e-01
   6.674069e+00    3.057097e-02    3.057088e-02   -6.941338e-20    8.841941e-03   -1.514344e+00    1.597160e-04   -2.794910e-01
   6.797526e+00    3.056772e-02    3.056762e-02   -6.948002e-20    8.841941e-03   -1.478992e+00    1.353061e-04   -2.794821e-01
   6.923265e+00    3.056494e-02    3.056484e-02   -6.953694e-20    8.841941e-03   -1.444279e+00    1.144688e-04   -2.794745e-01
   7.051331e+00    3.056257e-02    3.056248e-02   -6.958543e-20    8.841941e-03   -1.410193e+00    9.672348e-05   -2.794681e-01
   7.181766e+00    3.056056e-02    3.056046e-02   -6.962665e-20    8.841941e-03   -1.376725e+00    8.164665e-05   -2.794626e-01
   7.314613e+00    3.055885e-02    3.055875e-02   -6.966160e-20    8.841941e-03   -1.343862e+00    6.886651e-05   -2.794580e-01
   7.449918e+00    3.055741e-02    3.055730e-02   -6.969118e-20    8.841941e-03   -1.311594e+00    5.805748e-05   -2.794540e-01
   7.587726e+00    3.055618e-02    3.055608e-02   -6.971615e-20    8.841941e-03   -1.279911e+00    4.893536e-05   -2.794507e-01
   7.728082e+00    3.055515e-02    3.055505e-02   -6.973720e-20    8.841941e-03   -1.248802e+00    4.125277e-05   -2.794479e-01
   7.871036e+00    3.055429e-02    3.055419e-02   -6.975490e-20    8.841941e-03   -1.218257e+00    3.479506e-05   -2.794455e-01
   8.016633e+00    3.055355e-02    3.055347e-02   -6.976976e-20    8.841941e-03   -1.188266e+00    2.937655e-05   -2.794435e-01
   8.164924e+00    3.055294e-02    3.055285e-02   -6.978223e-20    8.841941e-03   -1.158818e+00    2.483709e-05   -2.794418e-01
   8.315958e+00    3.055243e-02    3.055235e-02   -6.979266e-20    8.841941e-03   -1.129905e+00    2.103904e-05   -2.794404e-01
   8.469785e+00    3.055199e-02    3.055192e-02   -6.980139e-20    8.841941e-03   -1.101517e+00    1.786446e-05   -2.794393e-01
   8.626458e+00    3.055163e-02    3.055157e-02   -6.980870e-20    8.841941e-03   -1.073643e+00    1.521262e-05   -2.794383e-01
   8.786029e+00    3.055133e-02    3.055127e-02   -6.981480e-20    8.841941e-03   -1.046275e+00    1.299775e-05   -2.794374e-01
   8.948552e+00    3.055107e-02    3.055102e-02   -6.981991e-20    8.841941e-03   -1.019404e+00    1.114713e-05   -2.794368e-01
   9.114081e+00    3.055086e-02    3.055082e-02   -6.982419e-20    8.841941e-03   -9.930213e-01    9.599238e-06   -2.794362e-01
   9.282673e+00    3.055068e-02    3.055064e-02   -6.982778e-20    8.841941e-03   -9.671171e-01    8.302265e-06   -2.794357e-01
   9.454382e+00    3.055053e-02    3.055048e-02   -6.983080e-20    8.841941e-03   -9.416832e-01    7.212712e-06   -2.794353e-01
   9.629268e+00    3.055040e-02    3.055036e-02   -6.983334e-20    8.841941e-03   -9.167110e-01    6.294197e-06   -2.794349e-01
   9.807389e+00    3.055029e-02    3.055025e-02   -6.983550e-20    8.841941e-03   -8.921923e-01    5.516402e-06   -2.794346e-01
   9.988805e+00    3.055020e-02    3.055017e-02   -6.983734e-20    8.841941e-03   -8.681188e-01    4.854160e-06   -2.794344e-01
   1.017358e+01    3.055012e-02    3.055009e-02   -6.983892e-20    8.841941e-03   -8.444824e-01    4.286663e-06   -2.794341e-01
   1.036177e+01    3.055005e-02    3.055002e-02   -6.984028e-20    8.841941e-03   -8.212752e-01    3.796780e-06   -2.794340e-01
   1.055344e+01    3.054999e-02    3.054997e-02   -6.984147e-20    8.841941e-03   -7.984894e-01    3.370461e-06   -2.794338e-01
   1.074865e+01    3.054993e-02    3.054991e-02   -6.984250e-20    8.841941e-03   -7.761175e-01    2.996240e-06   -2.794336e-01
   1.094748e+01    3.054989e-02    3.054987e-02   -6.984342e-20    8.841941e-03   -7.541518e-01    2.664798e-06   -2.794335e-01
   1.114999e+01    3.054985e-02    3.054983e-02   -6.984424e-20    8.841941e-03   -7.325851e-01    2.368598e-06   -2.794334e-01
   1.135624e+01    3.054981e-02    3.054979e-02   -6.984497e-20    8.841941e-03   -7.114100e-01    2.101571e-06   -2.794333e-01
   1.156630e+01    3.054978e-02    3.054976e-02   -6.984564e-20    8.841941e-03   -6.906194e-01    1.858857e-06   -2.794332e-01
   1.178026e+01    3.054975e-02    3.054973e-02   -6.984625e-20    8.841941e-03   -6.702065e-01    1.636581e-06   -2.794331e-01
   1.199817e+01    3.054972e-02    3.054970e-02   -6.984681e-20    8.841941e-03   -6.501643e-01    1.431666e-06   -2.794331e-01
   1.222011e+01    3.054970e-02    3.054968e-02   -6.984733e-20    8.841941e-03   -6.304860e-01    1.241680e-06   -2.794330e-01
   1.244615e+01    3.054967e-02    3.054965e-02   -6.984781e-20    8.841941e-03   -6.111652e-01    1.064706e-06   -2.794329e-01
   1.267638e+01    3.054965e-02    3.054963e-02   -6.984826e-20    8.841941e-03   -5.921952e-01    8.992318e-07   -2.794329e-01
   1.291087e+01    3.054963e-02    3.054961e-02   -6.984868e-20    8.841941e-03   -5.735698e-01    7.440686e-07   -2.794328e-01
   1.314969e+01    3.054961e-02    3.054959e-02   -6.984907e-20    8.841941e-03   -5.552826e-01    5.982736e-07   -2.794328e-01
   1.339293e+01    3.054960e-02    3.054957e-02   -6.984944e-20    8.841941e-03   -5.373276e-01    4.610937e-07   -2.794327e-01
   1.364067e+01    3.054958e-02    3.054955e-02   -6.984979e-20    8.841941e-03   -5.196986e-01    3.319175e-07   -2.794327e-01
   1.389299e+01    3.054956e-02    3.054954e-02   -6.985012e-20    8.841941e-03   -5.023899e-01    2.102386e-07   -2.794326e-01
   1.414999e+01    3.054955e-02    3.054952e-02   -6.985042e-20    8.841941e-03   -4.853954e-01    9.562479e-08   -2.794326e-01
   1.441173e+01    3.054954e-02    3.054951e-02   -6.985072e-20    8.841941e-03   -4.687097e-01   -1.230395e-08   -2.794326e-01
   1.467832e+01    3.054952e-02    3.054950e-02   -6.985099e-20    8.841941e-03   -4.523269e-01   -1.138939e-07   -2.794325e-01
   1.494983e+01    3.054951e-02    3.054948e-02   -6.985125e-20    8.841941e-03   -4.362417e-01   -2.094657e-07   -2.794325e-01
   1.522637e+01    3.054950e-02    3.054947e-02   -6.985149e-20    8.841941e-03   -4.204487e-01   -2.993251e-07   -2.794325e-01
   1.550803e+01    3.054949e-02    3.054946e-02   -6.985172e-20    8.841941e-03   -4.049425e-01   -3.837699e-07   -2.794324e-01
   1.579490e+01    3.054948e-02    3.054945e-02   -6.985194e-20    8.841941e-03   -3.897178e-01   -4.630939e-07   -2.794324e-01
   1.608707e+01    3.054947e-02    3.054944e-02   -6.985214e-20    8.841941e-03   -3.747697e-01   -5.375881e-07   -2.794324e-01
   1.638464e+01    3.054946e-02    3.054943e-02   -6.985233e-20    8.841941e-03   -3.600931e-01   -6.075405e-07   -2.794324e-01
   1.668773e+01    3.054945e-02    3.054942e-02   -6.985251e-20    8.841941e-03   -3.456830e-01   -6.732349e-07   -2.794323e-01
   1.699641e+01    3.054944e-02    3.054941e-02   -6.985268e-20    8.841941e-03   -3.315347e-01   -7.349490e-07   -2.794323e-01
   1.731081e+01    3.054943e-02    3.054941e-02   -6.985284e-20    8.841941e-03   -3.176433e-01   -7.929526e-07   -2.794323e-01
   1.763102e+01    3.054943e-02    3.054940e-02   -6.985299e-20    8.841941e-03   -3.040042e-01   -8.475051e-07   -2.794323e-01
   1.795716e+01    3.054942e-02    3.054939e-02   -6.985313e-20    8.841941e-03   -2.906128e-01   -8.988537e-07   -2.794322e-01
   1.828933e+01    3.054941e-02    3.054939e-02   -6.985326e-20    8.841941e-03   -2.774646e-01   -9.472318e-07   -2.794322e-01
   1.862764e+01    3.054941e-02    3.054938e-02   -6.985339e-20    8.841941e-03   -2.645552e-01   -9.928569e-07   -2.794322e-01
   1.897222e+01    3.054940e-02    3.054937e-02   -6.985351e-20    8.841941e-03   -2.518803e-01   -1.035930e-06   -2.794322e-01
   1.932316e+01    3.054940e-02    3.054937e-02   -6.985362e-20    8.841941e-03   -2.394355e-01   -1.076636e-06   -2.794322e-01
   1.968060e+01    3.054939e-02    3.054936e-02   -6.985372e-20    8.841941e-03   -2.272168e-01   -1.115141e-06   -2.794322e-01
   2.004465e+01    3.054939e-02    3.054936e-02   -6.985382e-20    8.841941e-03   -2.152200e-01   -1.151596e-06   -2.794322e-01
   2.041543e+01    3.054938e-02    3.054935e-02   -6.985392e-20    8.841941e-03   -2.034411e-01   -1.186134e-06   -2.794321e-01
   2.079307e+01    3.054938e-02    3.054935e-02   -6.985401e-20    8.841941e-03   -1.918761e-01   -1.218875e-06   -2.794321e-01
   2.117770e+01    3.054937e-02    3.054935e-02   -6.985409e-20    8.841941e-03   -1.805211e-01   -1.249922e-06   -2.794321e-01
   2.156944e+01    3.054937e-02    3.054934e-02   -6.985418e-20    8.841941e-03   -1.693724e-01   -1.279369e-06   -2.794321e-01
   2.196843e+01    3.054936e-02    3.054934e-02   -6.985425e-20    8.841941e-03   -1.584262e-01   -1.307294e-06   -2.794321e-01
   2.237480e+01    3.054936e-02    3.054934e-02   -6.985432e-20    8.841941e-03   -1.476787e-01   -1.333767e-06   -2.794321e-01
   2.278869e+01    3.054936e-02    3.054933e-02   -6.985439e-20    8.841941e-03   -1.371265e-01   -1.358841e-06   -2.794321e-01
   2.321023e+01    3.054935e-02    3.054933e-02   -6.985446e-20    8.841941e-03   -1.267659e-01   -1.382557e-06   -2.794321e-01
   2.363957e+01    3.054935e-02    3.054933e-02   -6.985452e-20    8.841941e-03   -1.165935e-01   -1.404929e-06   -2.794321e-01
   2.407685e+01    3.054935e-02    3.054932e-02   -6.985458e-20    8.841941e-03   -1.066058e-01   -1.425932e-06   -2.794321e-01
   2.452222e+01    3.054935e-02    3.054932e-02   -6.985463e-20    8.841941e-03   -9.679949e-02   -1.445473e-06   -2.794320e-01
   2.497583e+01    3.054934e-02    3.054932e-02   -6.985468e-20    8.841941e-03   -8.717130e-02   -1.463333e-06   -2.794320e-01
   2.543783e+01    3.054934e-02    3.054932e-02   -6.985472e-20    8.841941e-03   -7.771798e-02   -1.479057e-06   -2.794320e-01
   2.590838e+01    3.054934e-02    3.054931e-02   -6.985476e-20    8.841941e-03   -6.843635e-02   -1.491756e-06   -2.794320e-01
   2.638763e+01    3.054934e-02    3.054931e-02   -6.985478e-20    8.841941e-03   -5.932328e-02   -1.499714e-06   -2.794320e-01
   2.687574e+01    3.054934e-02    3.054931e-02   -6.985478e-20    8.841941e-03   -5.037572e-02   -1.499636e-06   -2.794320e-01
   2.737289e+01    3.054934e-02    3.054931e-02   -6.985474e-20    8.841941e-03   -4.159065e-02   -1.485172e-06   -2.794320e-01
   2.787923e+01    3.054935e-02    3.054932e-02   -6.985463e-20    8.841941e-03   -3.296510e-02   -1.444000e-06   -2.794320e-01
   2.839493e+01    3.054936e-02    3.054933e-02   -6.985437e-20    8.841941e-03   -2.449616e-02   -1.351964e-06   -2.794321e-01
   2.892018e+01    3.054938e-02    3.054936e-02   -6.985385e-20    8.841941e-03   -1.618093e-02   -1.161181e-06   -2.794321e-01
   2.945514e+01    3.054944e-02    3.054941e-02   -6.985280e-20    8.841941e-03   -8.016523e-03   -7.755830e-07   -2.794323e-01
   3.000000e+01    3.054954e-02    3.054951e-02   -6.985068e-20    8.841941e-03    0.000000e+00    0.000000e+00   -2.794326e-01
