# All units in [AU] if not specified
{"name":"Aluminum", "Z":13, "Zstar":2.844224096221545, "A":28,  "μ[AU]": -4.322e-03, "T[AU]": 3.675e-02, "rs[AU]": 3.000e+00 }
	 r[AU]  	 n[AU]  	 nf[AU]  	 nb[AU]     n_ion[AU]    (φ_e+φ_ions)[AU]   φtotal[AU]     δVxc/δρ[Au]  
    6.00000e-03     9.46947e+03     2.75010e-23     9.46759e+03     0.00000e+00    -4.14132e+01     2.12092e+03    -2.09942e+01
    1.20000e-02     3.26102e+03     1.31829e+00     3.25970e+03     0.00000e+00    -4.14132e+01     1.03759e+03    -1.47500e+01
    1.80000e-02     1.72841e+03     1.06683e+00     1.72735e+03     0.00000e+00    -4.06361e+01     6.77253e+02    -1.19576e+01
    2.40000e-02     1.09347e+03     9.15799e-01     1.09256e+03     0.00000e+00    -3.96962e+01     4.97637e+02    -1.02799e+01
    3.00000e-02     7.62436e+02     8.12051e-01     7.61624e+02     0.00000e+00    -3.87430e+01     3.90257e+02    -9.12717e+00
    3.60000e-02     5.65444e+02     7.35014e-01     5.64709e+02     0.00000e+00    -3.78217e+01     3.18956e+02    -8.27104e+00
    4.20000e-02     4.37641e+02     6.74821e-01     4.36966e+02     0.00000e+00    -3.69447e+01     2.68246e+02    -7.60196e+00
    4.80000e-02     3.49510e+02     6.26064e-01     3.48884e+02     0.00000e+00    -3.61137e+01     2.30386e+02    -7.05989e+00
    5.40000e-02     2.85912e+02     5.85498e-01     2.85326e+02     0.00000e+00    -3.53268e+01     2.01081e+02    -6.60881e+00
    6.00000e-02     2.38374e+02     5.51040e-01     2.37823e+02     0.00000e+00    -3.45807e+01     1.77753e+02    -6.22559e+00
    6.60000e-02     2.01829e+02     5.21282e-01     2.01308e+02     0.00000e+00    -3.38721e+01     1.58764e+02    -5.89459e+00
    7.20000e-02     1.73086e+02     4.95237e-01     1.72590e+02     0.00000e+00    -3.31979e+01     1.43024e+02    -5.60484e+00
    7.80000e-02     1.50043e+02     4.72184e-01     1.49570e+02     0.00000e+00    -3.25550e+01     1.29778e+02    -5.34835e+00
    8.40000e-02     1.31270e+02     4.51586e-01     1.30818e+02     0.00000e+00    -3.19409e+01     1.18488e+02    -5.11915e+00
    9.00000e-02     1.15763e+02     4.33034e-01     1.15330e+02     0.00000e+00    -3.13532e+01     1.08758e+02    -4.91268e+00
    9.60000e-02     1.02801e+02     4.16208e-01     1.02385e+02     0.00000e+00    -3.07898e+01     1.00293e+02    -4.72539e+00
    1.02000e-01     9.18520e+01     4.00853e-01     9.14511e+01     0.00000e+00    -3.02489e+01     9.28687e+01    -4.55446e+00
    1.08000e-01     8.25174e+01     3.86767e-01     8.21307e+01     0.00000e+00    -2.97289e+01     8.63082e+01    -4.39763e+00
    1.14000e-01     7.44939e+01     3.73782e-01     7.41202e+01     0.00000e+00    -2.92281e+01     8.04736e+01    -4.25304e+00
    1.20000e-01     6.75467e+01     3.61762e-01     6.71849e+01     0.00000e+00    -2.87455e+01     7.52545e+01    -4.11919e+00
    1.26000e-01     6.14914e+01     3.50592e-01     6.11408e+01     0.00000e+00    -2.82796e+01     7.05616e+01    -3.99479e+00
    1.32000e-01     5.61819e+01     3.40177e-01     5.58417e+01     0.00000e+00    -2.78296e+01     6.63219e+01    -3.87879e+00
    1.38000e-01     5.15011e+01     3.30436e-01     5.11706e+01     0.00000e+00    -2.73943e+01     6.24752e+01    -3.77028e+00
    1.44000e-01     4.73539e+01     3.21298e-01     4.70326e+01     0.00000e+00    -2.69730e+01     5.89714e+01    -3.66848e+00
    1.50000e-01     4.36628e+01     3.12705e-01     4.33501e+01     0.00000e+00    -2.65648e+01     5.57685e+01    -3.57273e+00
    1.56000e-01     4.03638e+01     3.04603e-01     4.00592e+01     0.00000e+00    -2.61690e+01     5.28310e+01    -3.48246e+00
    1.62000e-01     3.74038e+01     2.96949e-01     3.71069e+01     0.00000e+00    -2.57850e+01     5.01286e+01    -3.39717e+00
    1.68000e-01     3.47385e+01     2.89703e-01     3.44488e+01     0.00000e+00    -2.54120e+01     4.76356e+01    -3.31641e+00
    1.74000e-01     3.23304e+01     2.82830e-01     3.20476e+01     0.00000e+00    -2.50496e+01     4.53297e+01    -3.23980e+00
    1.80000e-01     3.01481e+01     2.76299e-01     2.98718e+01     0.00000e+00    -2.46972e+01     4.31917e+01    -3.16700e+00
    1.86000e-01     2.81646e+01     2.70083e-01     2.78945e+01     0.00000e+00    -2.43544e+01     4.12048e+01    -3.09771e+00
    1.92000e-01     2.63568e+01     2.64158e-01     2.60926e+01     0.00000e+00    -2.40206e+01     3.93544e+01    -3.03166e+00
    1.98000e-01     2.47051e+01     2.58503e-01     2.44466e+01     0.00000e+00    -2.36955e+01     3.76278e+01    -2.96860e+00
    2.04000e-01     2.31922e+01     2.53097e-01     2.29391e+01     0.00000e+00    -2.33786e+01     3.60135e+01    -2.90832e+00
    2.10000e-01     2.18035e+01     2.47923e-01     2.15556e+01     0.00000e+00    -2.30697e+01     3.45017e+01    -2.85062e+00
    2.16000e-01     2.05260e+01     2.42965e-01     2.02830e+01     0.00000e+00    -2.27683e+01     3.30835e+01    -2.79532e+00
    2.22000e-01     1.93484e+01     2.38209e-01     1.91102e+01     0.00000e+00    -2.24742e+01     3.17510e+01    -2.74228e+00
    2.28000e-01     1.82609e+01     2.33641e-01     1.80272e+01     0.00000e+00    -2.21870e+01     3.04972e+01    -2.69134e+00
    2.34000e-01     1.72547e+01     2.29251e-01     1.70254e+01     0.00000e+00    -2.19066e+01     2.93157e+01    -2.64236e+00
    2.40000e-01     1.63221e+01     2.25026e-01     1.60971e+01     0.00000e+00    -2.16325e+01     2.82009e+01    -2.59523e+00
    2.46000e-01     1.54564e+01     2.20957e-01     1.52355e+01     0.00000e+00    -2.13646e+01     2.71476e+01    -2.54984e+00
    2.52000e-01     1.46515e+01     2.17035e-01     1.44345e+01     0.00000e+00    -2.11026e+01     2.61514e+01    -2.50608e+00
    2.58000e-01     1.39021e+01     2.13252e-01     1.36888e+01     0.00000e+00    -2.08463e+01     2.52079e+01    -2.46387e+00
    2.64000e-01     1.32032e+01     2.09599e-01     1.29936e+01     0.00000e+00    -2.05955e+01     2.43135e+01    -2.42310e+00
    2.70000e-01     1.25507e+01     2.06070e-01     1.23446e+01     0.00000e+00    -2.03501e+01     2.34647e+01    -2.38372e+00
    2.76000e-01     1.19406e+01     2.02657e-01     1.17380e+01     0.00000e+00    -2.01097e+01     2.26584e+01    -2.34564e+00
    2.82000e-01     1.13696e+01     1.99356e-01     1.11702e+01     0.00000e+00    -1.98743e+01     2.18916e+01    -2.30879e+00
    2.88000e-01     1.08343e+01     1.96159e-01     1.06382e+01     0.00000e+00    -1.96437e+01     2.11619e+01    -2.27311e+00
    2.94000e-01     1.03322e+01     1.93063e-01     1.01391e+01     0.00000e+00    -1.94176e+01     2.04667e+01    -2.23855e+00
    3.00000e-01     9.86046e+00     1.90061e-01     9.67039e+00     0.00000e+00    -1.91961e+01     1.98039e+01    -2.20504e+00
    3.06000e-01     9.41692e+00     1.87149e-01     9.22977e+00     0.00000e+00    -1.89788e+01     1.91715e+01    -2.17254e+00
    3.12000e-01     8.99944e+00     1.84324e-01     8.81512e+00     0.00000e+00    -1.87657e+01     1.85676e+01    -2.14099e+00
    3.18000e-01     8.60611e+00     1.81581e-01     8.42453e+00     0.00000e+00    -1.85567e+01     1.79905e+01    -2.11036e+00
    3.24000e-01     8.23517e+00     1.78915e-01     8.05626e+00     0.00000e+00    -1.83516e+01     1.74385e+01    -2.08061e+00
    3.30000e-01     7.88505e+00     1.76325e-01     7.70872e+00     0.00000e+00    -1.81503e+01     1.69103e+01    -2.05168e+00
    3.36000e-01     7.55427e+00     1.73806e-01     7.38046e+00     0.00000e+00    -1.79526e+01     1.64045e+01    -2.02356e+00
    3.42000e-01     7.24151e+00     1.71356e-01     7.07016e+00     0.00000e+00    -1.77586e+01     1.59198e+01    -1.99619e+00
    3.48000e-01     6.94555e+00     1.68971e-01     6.77658e+00     0.00000e+00    -1.75680e+01     1.54550e+01    -1.96956e+00
    3.54000e-01     6.66526e+00     1.66648e-01     6.49861e+00     0.00000e+00    -1.73808e+01     1.50090e+01    -1.94363e+00
    3.60000e-01     6.39960e+00     1.64386e-01     6.23522e+00     0.00000e+00    -1.71969e+01     1.45809e+01    -1.91836e+00
    3.66000e-01     6.14764e+00     1.62182e-01     5.98546e+00     0.00000e+00    -1.70161e+01     1.41697e+01    -1.89374e+00
    3.72000e-01     5.90849e+00     1.60033e-01     5.74846e+00     0.00000e+00    -1.68385e+01     1.37744e+01    -1.86974e+00
    3.78000e-01     5.68134e+00     1.57937e-01     5.52340e+00     0.00000e+00    -1.66638e+01     1.33944e+01    -1.84633e+00
    3.84000e-01     5.46545e+00     1.55892e-01     5.30955e+00     0.00000e+00    -1.64921e+01     1.30288e+01    -1.82349e+00
    3.90000e-01     5.26012e+00     1.53897e-01     5.10622e+00     0.00000e+00    -1.63232e+01     1.26768e+01    -1.80120e+00
    3.96000e-01     5.06471e+00     1.51949e-01     4.91276e+00     0.00000e+00    -1.61571e+01     1.23378e+01    -1.77944e+00
    4.02000e-01     4.87864e+00     1.50047e-01     4.72859e+00     0.00000e+00    -1.59937e+01     1.20113e+01    -1.75819e+00
    4.08000e-01     4.70134e+00     1.48188e-01     4.55315e+00     0.00000e+00    -1.58329e+01     1.16965e+01    -1.73743e+00
    4.14000e-01     4.53231e+00     1.46372e-01     4.38594e+00     0.00000e+00    -1.56747e+01     1.13929e+01    -1.71714e+00
    4.20000e-01     4.37107e+00     1.44597e-01     4.22647e+00     0.00000e+00    -1.55190e+01     1.11000e+01    -1.69731e+00
    4.26000e-01     4.21717e+00     1.42862e-01     4.07431e+00     0.00000e+00    -1.53658e+01     1.08173e+01    -1.67792e+00
    4.32000e-01     4.07021e+00     1.41164e-01     3.92905e+00     0.00000e+00    -1.52149e+01     1.05444e+01    -1.65895e+00
    4.38000e-01     3.92980e+00     1.39503e-01     3.79029e+00     0.00000e+00    -1.50663e+01     1.02808e+01    -1.64040e+00
    4.44000e-01     3.79557e+00     1.37878e-01     3.65769e+00     0.00000e+00    -1.49200e+01     1.00260e+01    -1.62224e+00
    4.50000e-01     3.66720e+00     1.36287e-01     3.53091e+00     0.00000e+00    -1.47759e+01     9.77970e+00    -1.60447e+00
    4.56000e-01     3.54436e+00     1.34730e-01     3.40963e+00     0.00000e+00    -1.46339e+01     9.54154e+00    -1.58706e+00
    4.62000e-01     3.42677e+00     1.33204e-01     3.29356e+00     0.00000e+00    -1.44940e+01     9.31115e+00    -1.57002e+00
    4.68000e-01     3.31414e+00     1.31710e-01     3.18243e+00     0.00000e+00    -1.43563e+01     9.08819e+00    -1.55332e+00
    4.74000e-01     3.20622e+00     1.30246e-01     3.07598e+00     0.00000e+00    -1.42205e+01     8.87236e+00    -1.53696e+00
    4.80000e-01     3.10278e+00     1.28811e-01     2.97397e+00     0.00000e+00    -1.40866e+01     8.66336e+00    -1.52093e+00
    4.86000e-01     3.00357e+00     1.27405e-01     2.87616e+00     0.00000e+00    -1.39547e+01     8.46090e+00    -1.50522e+00
    4.92000e-01     2.90839e+00     1.26026e-01     2.78236e+00     0.00000e+00    -1.38247e+01     8.26473e+00    -1.48981e+00
    4.98000e-01     2.81704e+00     1.24674e-01     2.69236e+00     0.00000e+00    -1.36965e+01     8.07458e+00    -1.47470e+00
    5.04000e-01     2.72932e+00     1.23347e-01     2.60598e+00     0.00000e+00    -1.35701e+01     7.89022e+00    -1.45987e+00
    5.10000e-01     2.64507e+00     1.22046e-01     2.52302e+00     0.00000e+00    -1.34454e+01     7.71142e+00    -1.44533e+00
    5.16000e-01     2.56411e+00     1.20769e-01     2.44334e+00     0.00000e+00    -1.33225e+01     7.53796e+00    -1.43106e+00
    5.22000e-01     2.48628e+00     1.19515e-01     2.36677e+00     0.00000e+00    -1.32013e+01     7.36963e+00    -1.41706e+00
    5.28000e-01     2.41144e+00     1.18285e-01     2.29316e+00     0.00000e+00    -1.30816e+01     7.20624e+00    -1.40331e+00
    5.34000e-01     2.33945e+00     1.17077e-01     2.22237e+00     0.00000e+00    -1.29636e+01     7.04760e+00    -1.38981e+00
    5.40000e-01     2.27017e+00     1.15891e-01     2.15428e+00     0.00000e+00    -1.28472e+01     6.89354e+00    -1.37655e+00
    5.46000e-01     2.20349e+00     1.14725e-01     2.08876e+00     0.00000e+00    -1.27323e+01     6.74387e+00    -1.36353e+00
    5.52000e-01     2.13927e+00     1.13581e-01     2.02569e+00     0.00000e+00    -1.26189e+01     6.59845e+00    -1.35074e+00
    5.58000e-01     2.07741e+00     1.12456e-01     1.96495e+00     0.00000e+00    -1.25070e+01     6.45711e+00    -1.33817e+00
    5.64000e-01     2.01781e+00     1.11351e-01     1.90646e+00     0.00000e+00    -1.23966e+01     6.31971e+00    -1.32582e+00
    5.70000e-01     1.96036e+00     1.10265e-01     1.85009e+00     0.00000e+00    -1.22876e+01     6.18610e+00    -1.31369e+00
    5.76000e-01     1.90496e+00     1.09197e-01     1.79577e+00     0.00000e+00    -1.21800e+01     6.05616e+00    -1.30176e+00
    5.82000e-01     1.85154e+00     1.08147e-01     1.74339e+00     0.00000e+00    -1.20737e+01     5.92974e+00    -1.29003e+00
    5.88000e-01     1.80000e+00     1.07115e-01     1.69288e+00     0.00000e+00    -1.19688e+01     5.80674e+00    -1.27849e+00
    5.94000e-01     1.75026e+00     1.06099e-01     1.64416e+00     0.00000e+00    -1.18652e+01     5.68703e+00    -1.26715e+00
    6.00000e-01     1.70225e+00     1.05101e-01     1.59715e+00     0.00000e+00    -1.17628e+01     5.57049e+00    -1.25599e+00
    6.06000e-01     1.65589e+00     1.04118e-01     1.55177e+00     0.00000e+00    -1.16618e+01     5.45703e+00    -1.24501e+00
    6.12000e-01     1.61111e+00     1.03152e-01     1.50796e+00     0.00000e+00    -1.15620e+01     5.34653e+00    -1.23422e+00
    6.18000e-01     1.56785e+00     1.02201e-01     1.46565e+00     0.00000e+00    -1.14634e+01     5.23891e+00    -1.22359e+00
    6.24000e-01     1.52605e+00     1.01264e-01     1.42479e+00     0.00000e+00    -1.13660e+01     5.13405e+00    -1.21313e+00
    6.30000e-01     1.48565e+00     1.00343e-01     1.38530e+00     0.00000e+00    -1.12697e+01     5.03187e+00    -1.20284e+00
    6.36000e-01     1.44658e+00     9.94358e-02     1.34714e+00     0.00000e+00    -1.11746e+01     4.93229e+00    -1.19271e+00
    6.42000e-01     1.40880e+00     9.85427e-02     1.31025e+00     0.00000e+00    -1.10807e+01     4.83522e+00    -1.18273e+00
    6.48000e-01     1.37225e+00     9.76632e-02     1.27459e+00     0.00000e+00    -1.09878e+01     4.74058e+00    -1.17291e+00
    6.54000e-01     1.33689e+00     9.67971e-02     1.24009e+00     0.00000e+00    -1.08961e+01     4.64828e+00    -1.16323e+00
    6.60000e-01     1.30266e+00     9.59441e-02     1.20672e+00     0.00000e+00    -1.08054e+01     4.55827e+00    -1.15370e+00
    6.66000e-01     1.26954e+00     9.51037e-02     1.17443e+00     0.00000e+00    -1.07157e+01     4.47046e+00    -1.14432e+00
    6.72000e-01     1.23746e+00     9.42759e-02     1.14318e+00     0.00000e+00    -1.06271e+01     4.38479e+00    -1.13508e+00
    6.78000e-01     1.20639e+00     9.34602e-02     1.11293e+00     0.00000e+00    -1.05395e+01     4.30119e+00    -1.12597e+00
    6.84000e-01     1.17630e+00     9.26564e-02     1.08364e+00     0.00000e+00    -1.04529e+01     4.21960e+00    -1.11699e+00
    6.90000e-01     1.14714e+00     9.18642e-02     1.05528e+00     0.00000e+00    -1.03673e+01     4.13996e+00    -1.10815e+00
    6.96000e-01     1.11889e+00     9.10835e-02     1.02780e+00     0.00000e+00    -1.02826e+01     4.06220e+00    -1.09943e+00
    7.02000e-01     1.09150e+00     9.03138e-02     1.00118e+00     0.00000e+00    -1.01989e+01     3.98628e+00    -1.09084e+00
    7.08000e-01     1.06494e+00     8.95551e-02     9.75387e-01     0.00000e+00    -1.01161e+01     3.91213e+00    -1.08237e+00
    7.14000e-01     1.03919e+00     8.88070e-02     9.50385e-01     0.00000e+00    -1.00342e+01     3.83970e+00    -1.07402e+00
    7.20000e-01     1.01422e+00     8.80694e-02     9.26148e-01     0.00000e+00    -9.95327e+00     3.76895e+00    -1.06578e+00
    7.26000e-01     9.89989e-01     8.73419e-02     9.02647e-01     0.00000e+00    -9.87318e+00     3.69982e+00    -1.05766e+00
    7.32000e-01     9.66480e-01     8.66245e-02     8.79855e-01     0.00000e+00    -9.79396e+00     3.63227e+00    -1.04966e+00
    7.38000e-01     9.43665e-01     8.59169e-02     8.57748e-01     0.00000e+00    -9.71559e+00     3.56626e+00    -1.04176e+00
    7.44000e-01     9.21519e-01     8.52189e-02     8.36300e-01     0.00000e+00    -9.63806e+00     3.50173e+00    -1.03397e+00
    7.50000e-01     9.00019e-01     8.45302e-02     8.15488e-01     0.00000e+00    -9.56136e+00     3.43864e+00    -1.02629e+00
    7.56000e-01     8.79141e-01     8.38508e-02     7.95290e-01     0.00000e+00    -9.48547e+00     3.37697e+00    -1.01871e+00
    7.62000e-01     8.58865e-01     8.31803e-02     7.75685e-01     0.00000e+00    -9.41038e+00     3.31666e+00    -1.01123e+00
    7.68000e-01     8.39169e-01     8.25187e-02     7.56650e-01     0.00000e+00    -9.33608e+00     3.25767e+00    -1.00385e+00
    7.74000e-01     8.20033e-01     8.18658e-02     7.38167e-01     0.00000e+00    -9.26255e+00     3.19998e+00    -9.96563e-01
    7.80000e-01     8.01439e-01     8.12214e-02     7.20217e-01     0.00000e+00    -9.18979e+00     3.14354e+00    -9.89375e-01
    7.86000e-01     7.83367e-01     8.05852e-02     7.02781e-01     0.00000e+00    -9.11778e+00     3.08833e+00    -9.82281e-01
    7.92000e-01     7.65800e-01     7.99573e-02     6.85842e-01     0.00000e+00    -9.04650e+00     3.03430e+00    -9.75279e-01
    7.98000e-01     7.48721e-01     7.93373e-02     6.69383e-01     0.00000e+00    -8.97596e+00     2.98143e+00    -9.68367e-01
    8.04000e-01     7.32114e-01     7.87252e-02     6.53388e-01     0.00000e+00    -8.90613e+00     2.92969e+00    -9.61542e-01
    8.10000e-01     7.15963e-01     7.81208e-02     6.37842e-01     0.00000e+00    -8.83701e+00     2.87904e+00    -9.54805e-01
    8.16000e-01     7.00252e-01     7.75240e-02     6.22728e-01     0.00000e+00    -8.76858e+00     2.82946e+00    -9.48152e-01
    8.22000e-01     6.84969e-01     7.69345e-02     6.08034e-01     0.00000e+00    -8.70084e+00     2.78091e+00    -9.41582e-01
    8.28000e-01     6.70098e-01     7.63523e-02     5.93746e-01     0.00000e+00    -8.63377e+00     2.73338e+00    -9.35095e-01
    8.34000e-01     6.55626e-01     7.57773e-02     5.79849e-01     0.00000e+00    -8.56736e+00     2.68683e+00    -9.28687e-01
    8.40000e-01     6.41541e-01     7.52092e-02     5.66332e-01     0.00000e+00    -8.50161e+00     2.64124e+00    -9.22359e-01
    8.46000e-01     6.27830e-01     7.46481e-02     5.53182e-01     0.00000e+00    -8.43651e+00     2.59659e+00    -9.16107e-01
    8.52000e-01     6.14481e-01     7.40937e-02     5.40387e-01     0.00000e+00    -8.37203e+00     2.55285e+00    -9.09932e-01
    8.58000e-01     6.01482e-01     7.35459e-02     5.27937e-01     0.00000e+00    -8.30819e+00     2.50999e+00    -9.03831e-01
    8.64000e-01     5.88824e-01     7.30046e-02     5.15819e-01     0.00000e+00    -8.24496e+00     2.46801e+00    -8.97804e-01
    8.70000e-01     5.76494e-01     7.24697e-02     5.04024e-01     0.00000e+00    -8.18233e+00     2.42686e+00    -8.91848e-01
    8.76000e-01     5.64483e-01     7.19411e-02     4.92542e-01     0.00000e+00    -8.12031e+00     2.38654e+00    -8.85963e-01
    8.82000e-01     5.52781e-01     7.14187e-02     4.81362e-01     0.00000e+00    -8.05888e+00     2.34702e+00    -8.80148e-01
    8.88000e-01     5.41378e-01     7.09023e-02     4.70475e-01     0.00000e+00    -7.99802e+00     2.30828e+00    -8.74401e-01
    8.94000e-01     5.30265e-01     7.03919e-02     4.59873e-01     0.00000e+00    -7.93775e+00     2.27031e+00    -8.68721e-01
    9.00000e-01     5.19434e-01     6.98873e-02     4.49546e-01     0.00000e+00    -7.87803e+00     2.23308e+00    -8.63107e-01
    9.06000e-01     5.08875e-01     6.93885e-02     4.39487e-01     0.00000e+00    -7.81888e+00     2.19658e+00    -8.57558e-01
    9.12000e-01     4.98581e-01     6.88953e-02     4.29686e-01     0.00000e+00    -7.76027e+00     2.16078e+00    -8.52072e-01
    9.18000e-01     4.88544e-01     6.84077e-02     4.20136e-01     0.00000e+00    -7.70221e+00     2.12568e+00    -8.46649e-01
    9.24000e-01     4.78756e-01     6.79256e-02     4.10830e-01     0.00000e+00    -7.64468e+00     2.09126e+00    -8.41288e-01
    9.30000e-01     4.69209e-01     6.74488e-02     4.01760e-01     0.00000e+00    -7.58767e+00     2.05749e+00    -8.35987e-01
    9.36000e-01     4.59897e-01     6.69773e-02     3.92920e-01     0.00000e+00    -7.53119e+00     2.02437e+00    -8.30746e-01
    9.42000e-01     4.50813e-01     6.65110e-02     3.84302e-01     0.00000e+00    -7.47522e+00     1.99187e+00    -8.25563e-01
    9.48000e-01     4.41950e-01     6.60497e-02     3.75900e-01     0.00000e+00    -7.41975e+00     1.95999e+00    -8.20438e-01
    9.54000e-01     4.33301e-01     6.55936e-02     3.67707e-01     0.00000e+00    -7.36479e+00     1.92871e+00    -8.15370e-01
    9.60000e-01     4.24860e-01     6.51423e-02     3.59718e-01     0.00000e+00    -7.31031e+00     1.89802e+00    -8.10357e-01
    9.66000e-01     4.16622e-01     6.46959e-02     3.51926e-01     0.00000e+00    -7.25633e+00     1.86790e+00    -8.05400e-01
    9.72000e-01     4.08581e-01     6.42543e-02     3.44326e-01     0.00000e+00    -7.20282e+00     1.83834e+00    -8.00496e-01
    9.78000e-01     4.00730e-01     6.38174e-02     3.36913e-01     0.00000e+00    -7.14978e+00     1.80932e+00    -7.95645e-01
    9.84000e-01     3.93065e-01     6.33851e-02     3.29680e-01     0.00000e+00    -7.09721e+00     1.78084e+00    -7.90847e-01
    9.90000e-01     3.85581e-01     6.29574e-02     3.22623e-01     0.00000e+00    -7.04510e+00     1.75288e+00    -7.86100e-01
    9.96000e-01     3.78272e-01     6.25341e-02     3.15737e-01     0.00000e+00    -6.99345e+00     1.72543e+00    -7.81404e-01
    1.00200e+00     3.71133e-01     6.21153e-02     3.09018e-01     0.00000e+00    -6.94224e+00     1.69848e+00    -7.76758e-01
    1.00800e+00     3.64160e-01     6.17008e-02     3.02459e-01     0.00000e+00    -6.89147e+00     1.67202e+00    -7.72161e-01
    1.01400e+00     3.57348e-01     6.12906e-02     2.96057e-01     0.00000e+00    -6.84115e+00     1.64603e+00    -7.67612e-01
    1.02000e+00     3.50692e-01     6.08846e-02     2.89808e-01     0.00000e+00    -6.79125e+00     1.62051e+00    -7.63111e-01
    1.02600e+00     3.44189e-01     6.04827e-02     2.83707e-01     0.00000e+00    -6.74178e+00     1.59545e+00    -7.58657e-01
    1.03200e+00     3.37835e-01     6.00849e-02     2.77750e-01     0.00000e+00    -6.69273e+00     1.57084e+00    -7.54248e-01
    1.03800e+00     3.31624e-01     5.96911e-02     2.71933e-01     0.00000e+00    -6.64410e+00     1.54666e+00    -7.49886e-01
    1.04400e+00     3.25554e-01     5.93013e-02     2.66252e-01     0.00000e+00    -6.59587e+00     1.52290e+00    -7.45568e-01
    1.05000e+00     3.19620e-01     5.89154e-02     2.60705e-01     0.00000e+00    -6.54805e+00     1.49957e+00    -7.41295e-01
    1.05600e+00     3.13819e-01     5.85333e-02     2.55286e-01     0.00000e+00    -6.50063e+00     1.47664e+00    -7.37065e-01
    1.06200e+00     3.08148e-01     5.81550e-02     2.49993e-01     0.00000e+00    -6.45360e+00     1.45412e+00    -7.32877e-01
    1.06800e+00     3.02603e-01     5.77805e-02     2.44822e-01     0.00000e+00    -6.40697e+00     1.43199e+00    -7.28733e-01
    1.07400e+00     2.97180e-01     5.74096e-02     2.39770e-01     0.00000e+00    -6.36071e+00     1.41024e+00    -7.24629e-01
    1.08000e+00     2.91876e-01     5.70423e-02     2.34834e-01     0.00000e+00    -6.31484e+00     1.38886e+00    -7.20567e-01
    1.08600e+00     2.86689e-01     5.66786e-02     2.30010e-01     0.00000e+00    -6.26934e+00     1.36786e+00    -7.16545e-01
    1.09200e+00     2.81615e-01     5.63184e-02     2.25297e-01     0.00000e+00    -6.22422e+00     1.34721e+00    -7.12563e-01
    1.09800e+00     2.76651e-01     5.59616e-02     2.20690e-01     0.00000e+00    -6.17946e+00     1.32692e+00    -7.08620e-01
    1.10400e+00     2.71795e-01     5.56083e-02     2.16187e-01     0.00000e+00    -6.13506e+00     1.30697e+00    -7.04716e-01
    1.11000e+00     2.67044e-01     5.52583e-02     2.11785e-01     0.00000e+00    -6.09102e+00     1.28736e+00    -7.00851e-01
    1.11600e+00     2.62394e-01     5.49117e-02     2.07482e-01     0.00000e+00    -6.04734e+00     1.26808e+00    -6.97023e-01
    1.12200e+00     2.57844e-01     5.45683e-02     2.03276e-01     0.00000e+00    -6.00400e+00     1.24912e+00    -6.93232e-01
    1.12800e+00     2.53391e-01     5.42281e-02     1.99163e-01     0.00000e+00    -5.96101e+00     1.23048e+00    -6.89477e-01
    1.13400e+00     2.49032e-01     5.38911e-02     1.95141e-01     0.00000e+00    -5.91835e+00     1.21216e+00    -6.85759e-01
    1.14000e+00     2.44766e-01     5.35572e-02     1.91209e-01     0.00000e+00    -5.87604e+00     1.19414e+00    -6.82076e-01
    1.14600e+00     2.40589e-01     5.32265e-02     1.87363e-01     0.00000e+00    -5.83406e+00     1.17641e+00    -6.78429e-01
    1.15200e+00     2.36500e-01     5.28987e-02     1.83601e-01     0.00000e+00    -5.79240e+00     1.15898e+00    -6.74816e-01
    1.15800e+00     2.32496e-01     5.25740e-02     1.79922e-01     0.00000e+00    -5.75108e+00     1.14184e+00    -6.71237e-01
    1.16400e+00     2.28575e-01     5.22522e-02     1.76323e-01     0.00000e+00    -5.71007e+00     1.12498e+00    -6.67692e-01
    1.17000e+00     2.24736e-01     5.19334e-02     1.72803e-01     0.00000e+00    -5.66938e+00     1.10840e+00    -6.64181e-01
    1.17600e+00     2.20976e-01     5.16174e-02     1.69358e-01     0.00000e+00    -5.62901e+00     1.09208e+00    -6.60702e-01
    1.18200e+00     2.17293e-01     5.13043e-02     1.65989e-01     0.00000e+00    -5.58894e+00     1.07603e+00    -6.57255e-01
    1.18800e+00     2.13686e-01     5.09939e-02     1.62692e-01     0.00000e+00    -5.54918e+00     1.06024e+00    -6.53841e-01
    1.19400e+00     2.10152e-01     5.06864e-02     1.59465e-01     0.00000e+00    -5.50973e+00     1.04471e+00    -6.50458e-01
    1.20000e+00     2.06690e-01     5.03816e-02     1.56308e-01     0.00000e+00    -5.47057e+00     1.02943e+00    -6.47106e-01
    1.20600e+00     2.03298e-01     5.00794e-02     1.53218e-01     0.00000e+00    -5.43172e+00     1.01439e+00    -6.43785e-01
    1.21200e+00     1.99974e-01     4.97800e-02     1.50194e-01     0.00000e+00    -5.39315e+00     9.99589e-01    -6.40495e-01
    1.21800e+00     1.96718e-01     4.94831e-02     1.47235e-01     0.00000e+00    -5.35488e+00     9.85026e-01    -6.37234e-01
    1.22400e+00     1.93526e-01     4.91888e-02     1.44337e-01     0.00000e+00    -5.31689e+00     9.70695e-01    -6.34003e-01
    1.23000e+00     1.90398e-01     4.88971e-02     1.41501e-01     0.00000e+00    -5.27918e+00     9.56592e-01    -6.30801e-01
    1.23600e+00     1.87333e-01     4.86079e-02     1.38725e-01     0.00000e+00    -5.24176e+00     9.42710e-01    -6.27628e-01
    1.24200e+00     1.84328e-01     4.83212e-02     1.36006e-01     0.00000e+00    -5.20461e+00     9.29048e-01    -6.24483e-01
    1.24800e+00     1.81382e-01     4.80370e-02     1.33345e-01     0.00000e+00    -5.16773e+00     9.15599e-01    -6.21367e-01
    1.25400e+00     1.78494e-01     4.77551e-02     1.30739e-01     0.00000e+00    -5.13113e+00     9.02362e-01    -6.18278e-01
    1.26000e+00     1.75663e-01     4.74757e-02     1.28187e-01     0.00000e+00    -5.09480e+00     8.89330e-01    -6.15216e-01
    1.26600e+00     1.72887e-01     4.71986e-02     1.25688e-01     0.00000e+00    -5.05873e+00     8.76502e-01    -6.12182e-01
    1.27200e+00     1.70165e-01     4.69239e-02     1.23241e-01     0.00000e+00    -5.02292e+00     8.63872e-01    -6.09175e-01
    1.27800e+00     1.67496e-01     4.66515e-02     1.20844e-01     0.00000e+00    -4.98737e+00     8.51438e-01    -6.06193e-01
    1.28400e+00     1.64878e-01     4.63813e-02     1.18497e-01     0.00000e+00    -4.95208e+00     8.39196e-01    -6.03238e-01
    1.29000e+00     1.62311e-01     4.61134e-02     1.16197e-01     0.00000e+00    -4.91704e+00     8.27141e-01    -6.00309e-01
    1.29600e+00     1.59793e-01     4.58477e-02     1.13945e-01     0.00000e+00    -4.88226e+00     8.15272e-01    -5.97405e-01
    1.30200e+00     1.57323e-01     4.55842e-02     1.11739e-01     0.00000e+00    -4.84772e+00     8.03584e-01    -5.94527e-01
    1.30800e+00     1.54900e-01     4.53229e-02     1.09577e-01     0.00000e+00    -4.81343e+00     7.92074e-01    -5.91673e-01
    1.31400e+00     1.52523e-01     4.50637e-02     1.07459e-01     0.00000e+00    -4.77938e+00     7.80739e-01    -5.88844e-01
    1.32000e+00     1.50191e-01     4.48066e-02     1.05385e-01     0.00000e+00    -4.74558e+00     7.69576e-01    -5.86039e-01
    1.32600e+00     1.47903e-01     4.45516e-02     1.03352e-01     0.00000e+00    -4.71201e+00     7.58581e-01    -5.83258e-01
    1.33200e+00     1.45658e-01     4.42987e-02     1.01360e-01     0.00000e+00    -4.67867e+00     7.47753e-01    -5.80501e-01
    1.33800e+00     1.43455e-01     4.40478e-02     9.94075e-02     0.00000e+00    -4.64557e+00     7.37087e-01    -5.77767e-01
    1.34400e+00     1.41294e-01     4.37989e-02     9.74946e-02     0.00000e+00    -4.61270e+00     7.26581e-01    -5.75056e-01
    1.35000e+00     1.39172e-01     4.35520e-02     9.56199e-02     0.00000e+00    -4.58006e+00     7.16232e-01    -5.72369e-01
    1.35600e+00     1.37090e-01     4.33071e-02     9.37826e-02     0.00000e+00    -4.54765e+00     7.06038e-01    -5.69704e-01
    1.36200e+00     1.35046e-01     4.30641e-02     9.19819e-02     0.00000e+00    -4.51546e+00     6.95995e-01    -5.67061e-01
    1.36800e+00     1.33040e-01     4.28230e-02     9.02169e-02     0.00000e+00    -4.48349e+00     6.86101e-01    -5.64440e-01
    1.37400e+00     1.31071e-01     4.25838e-02     8.84868e-02     0.00000e+00    -4.45174e+00     6.76354e-01    -5.61842e-01
    1.38000e+00     1.29137e-01     4.23465e-02     8.67909e-02     0.00000e+00    -4.42021e+00     6.66751e-01    -5.59265e-01
    1.38600e+00     1.27239e-01     4.21110e-02     8.51284e-02     0.00000e+00    -4.38889e+00     6.57289e-01    -5.56709e-01
    1.39200e+00     1.25376e-01     4.18774e-02     8.34986e-02     0.00000e+00    -4.35778e+00     6.47965e-01    -5.54174e-01
    1.39800e+00     1.23546e-01     4.16456e-02     8.19008e-02     0.00000e+00    -4.32689e+00     6.38779e-01    -5.51661e-01
    1.40400e+00     1.21750e-01     4.14155e-02     8.03342e-02     0.00000e+00    -4.29620e+00     6.29727e-01    -5.49168e-01
    1.41000e+00     1.19986e-01     4.11873e-02     7.87983e-02     0.00000e+00    -4.26572e+00     6.20806e-01    -5.46695e-01
    1.41600e+00     1.18253e-01     4.09608e-02     7.72923e-02     0.00000e+00    -4.23544e+00     6.12016e-01    -5.44243e-01
    1.42200e+00     1.16552e-01     4.07360e-02     7.58156e-02     0.00000e+00    -4.20537e+00     6.03353e-01    -5.41811e-01
    1.42800e+00     1.14880e-01     4.05129e-02     7.43676e-02     0.00000e+00    -4.17549e+00     5.94815e-01    -5.39399e-01
    1.43400e+00     1.13239e-01     4.02915e-02     7.29476e-02     0.00000e+00    -4.14582e+00     5.86401e-01    -5.37006e-01
    1.44000e+00     1.11627e-01     4.00718e-02     7.15550e-02     0.00000e+00    -4.11634e+00     5.78108e-01    -5.34632e-01
    1.44600e+00     1.10043e-01     3.98537e-02     7.01894e-02     0.00000e+00    -4.08705e+00     5.69934e-01    -5.32278e-01
    1.45200e+00     1.08487e-01     3.96373e-02     6.88500e-02     0.00000e+00    -4.05796e+00     5.61878e-01    -5.29943e-01
    1.45800e+00     1.06959e-01     3.94225e-02     6.75363e-02     0.00000e+00    -4.02905e+00     5.53936e-01    -5.27626e-01
    1.46400e+00     1.05457e-01     3.92092e-02     6.62479e-02     0.00000e+00    -4.00034e+00     5.46108e-01    -5.25328e-01
    1.47000e+00     1.03982e-01     3.89976e-02     6.49841e-02     0.00000e+00    -3.97181e+00     5.38392e-01    -5.23049e-01
    1.47600e+00     1.02532e-01     3.87875e-02     6.37445e-02     0.00000e+00    -3.94347e+00     5.30785e-01    -5.20787e-01
    1.48200e+00     1.01108e-01     3.85790e-02     6.25285e-02     0.00000e+00    -3.91531e+00     5.23286e-01    -5.18544e-01
    1.48800e+00     9.97077e-02     3.83720e-02     6.13357e-02     0.00000e+00    -3.88733e+00     5.15893e-01    -5.16318e-01
    1.49400e+00     9.83320e-02     3.81665e-02     6.01655e-02     0.00000e+00    -3.85953e+00     5.08605e-01    -5.14111e-01
    1.50000e+00     9.69801e-02     3.79625e-02     5.90176e-02     0.00000e+00    -3.83191e+00     5.01419e-01    -5.11920e-01
    1.50600e+00     9.56514e-02     3.77600e-02     5.78914e-02     0.00000e+00    -3.80447e+00     4.94334e-01    -5.09747e-01
    1.51200e+00     9.43454e-02     3.75589e-02     5.67864e-02     0.00000e+00    -3.77720e+00     4.87349e-01    -5.07591e-01
    1.51800e+00     9.30617e-02     3.73593e-02     5.57024e-02     0.00000e+00    -3.75011e+00     4.80462e-01    -5.05452e-01
    1.52400e+00     9.17999e-02     3.71612e-02     5.46387e-02     0.00000e+00    -3.72318e+00     4.73670e-01    -5.03329e-01
    1.53000e+00     9.05596e-02     3.69644e-02     5.35951e-02     0.00000e+00    -3.69642e+00     4.66974e-01    -5.01224e-01
    1.53600e+00     8.93402e-02     3.67691e-02     5.25711e-02     0.00000e+00    -3.66984e+00     4.60371e-01    -4.99134e-01
    1.54200e+00     8.81415e-02     3.65751e-02     5.15663e-02     0.00000e+00    -3.64342e+00     4.53859e-01    -4.97061e-01
    1.54800e+00     8.69629e-02     3.63826e-02     5.05803e-02     0.00000e+00    -3.61716e+00     4.47438e-01    -4.95004e-01
    1.55400e+00     8.58042e-02     3.61914e-02     4.96128e-02     0.00000e+00    -3.59107e+00     4.41105e-01    -4.92963e-01
    1.56000e+00     8.46648e-02     3.60015e-02     4.86633e-02     0.00000e+00    -3.56514e+00     4.34861e-01    -4.90938e-01
    1.56600e+00     8.35445e-02     3.58130e-02     4.77315e-02     0.00000e+00    -3.53937e+00     4.28702e-01    -4.88929e-01
    1.57200e+00     8.24429e-02     3.56258e-02     4.68171e-02     0.00000e+00    -3.51376e+00     4.22628e-01    -4.86935e-01
    1.57800e+00     8.13596e-02     3.54399e-02     4.59197e-02     0.00000e+00    -3.48831e+00     4.16637e-01    -4.84956e-01
    1.58400e+00     8.02942e-02     3.52552e-02     4.50389e-02     0.00000e+00    -3.46301e+00     4.10729e-01    -4.82993e-01
    1.59000e+00     7.92465e-02     3.50719e-02     4.41745e-02     0.00000e+00    -3.43787e+00     4.04901e-01    -4.81044e-01
    1.59600e+00     7.82160e-02     3.48899e-02     4.33261e-02     0.00000e+00    -3.41288e+00     3.99153e-01    -4.79111e-01
    1.60200e+00     7.72025e-02     3.47091e-02     4.24934e-02     0.00000e+00    -3.38804e+00     3.93483e-01    -4.77193e-01
    1.60800e+00     7.62056e-02     3.45295e-02     4.16761e-02     0.00000e+00    -3.36335e+00     3.87891e-01    -4.75289e-01
    1.61400e+00     7.52251e-02     3.43512e-02     4.08739e-02     0.00000e+00    -3.33882e+00     3.82375e-01    -4.73399e-01
    1.62000e+00     7.42605e-02     3.41741e-02     4.00864e-02     0.00000e+00    -3.31443e+00     3.76933e-01    -4.71524e-01
    1.62600e+00     7.33117e-02     3.39982e-02     3.93135e-02     0.00000e+00    -3.29018e+00     3.71565e-01    -4.69664e-01
    1.63200e+00     7.23782e-02     3.38235e-02     3.85547e-02     0.00000e+00    -3.26608e+00     3.66270e-01    -4.67817e-01
    1.63800e+00     7.14599e-02     3.36500e-02     3.78099e-02     0.00000e+00    -3.24213e+00     3.61046e-01    -4.65984e-01
    1.64400e+00     7.05565e-02     3.34776e-02     3.70788e-02     0.00000e+00    -3.21832e+00     3.55893e-01    -4.64166e-01
    1.65000e+00     6.96676e-02     3.33065e-02     3.63611e-02     0.00000e+00    -3.19465e+00     3.50809e-01    -4.62361e-01
    1.65600e+00     6.87930e-02     3.31364e-02     3.56565e-02     0.00000e+00    -3.17111e+00     3.45793e-01    -4.60570e-01
    1.66200e+00     6.79325e-02     3.29675e-02     3.49649e-02     0.00000e+00    -3.14772e+00     3.40845e-01    -4.58792e-01
    1.66800e+00     6.70857e-02     3.27998e-02     3.42859e-02     0.00000e+00    -3.12447e+00     3.35963e-01    -4.57028e-01
    1.67400e+00     6.62524e-02     3.26332e-02     3.36192e-02     0.00000e+00    -3.10135e+00     3.31147e-01    -4.55276e-01
    1.68000e+00     6.54325e-02     3.24676e-02     3.29648e-02     0.00000e+00    -3.07837e+00     3.26394e-01    -4.53539e-01
    1.68600e+00     6.46256e-02     3.23032e-02     3.23223e-02     0.00000e+00    -3.05552e+00     3.21705e-01    -4.51814e-01
    1.69200e+00     6.38314e-02     3.21399e-02     3.16915e-02     0.00000e+00    -3.03280e+00     3.17079e-01    -4.50102e-01
    1.69800e+00     6.30499e-02     3.19776e-02     3.10722e-02     0.00000e+00    -3.01022e+00     3.12514e-01    -4.48403e-01
    1.70400e+00     6.22807e-02     3.18164e-02     3.04642e-02     0.00000e+00    -2.98776e+00     3.08010e-01    -4.46717e-01
    1.71000e+00     6.15236e-02     3.16563e-02     2.98672e-02     0.00000e+00    -2.96544e+00     3.03566e-01    -4.45043e-01
    1.71600e+00     6.07784e-02     3.14972e-02     2.92811e-02     0.00000e+00    -2.94324e+00     2.99180e-01    -4.43382e-01
    1.72200e+00     6.00449e-02     3.13392e-02     2.87056e-02     0.00000e+00    -2.92118e+00     2.94853e-01    -4.41734e-01
    1.72800e+00     5.93229e-02     3.11822e-02     2.81406e-02     0.00000e+00    -2.89923e+00     2.90582e-01    -4.40097e-01
    1.73400e+00     5.86121e-02     3.10262e-02     2.75858e-02     0.00000e+00    -2.87741e+00     2.86368e-01    -4.38473e-01
    1.74000e+00     5.79125e-02     3.08713e-02     2.70412e-02     0.00000e+00    -2.85572e+00     2.82210e-01    -4.36861e-01
    1.74600e+00     5.72237e-02     3.07173e-02     2.65063e-02     0.00000e+00    -2.83415e+00     2.78107e-01    -4.35261e-01
    1.75200e+00     5.65456e-02     3.05644e-02     2.59812e-02     0.00000e+00    -2.81270e+00     2.74057e-01    -4.33673e-01
    1.75800e+00     5.58780e-02     3.04124e-02     2.54656e-02     0.00000e+00    -2.79137e+00     2.70061e-01    -4.32097e-01
    1.76400e+00     5.52208e-02     3.02614e-02     2.49593e-02     0.00000e+00    -2.77016e+00     2.66117e-01    -4.30533e-01
    1.77000e+00     5.45736e-02     3.01114e-02     2.44622e-02     0.00000e+00    -2.74907e+00     2.62225e-01    -4.28980e-01
    1.77600e+00     5.39365e-02     2.99624e-02     2.39741e-02     0.00000e+00    -2.72810e+00     2.58384e-01    -4.27439e-01
    1.78200e+00     5.33091e-02     2.98143e-02     2.34948e-02     0.00000e+00    -2.70725e+00     2.54593e-01    -4.25909e-01
    1.78800e+00     5.26914e-02     2.96671e-02     2.30242e-02     0.00000e+00    -2.68651e+00     2.50852e-01    -4.24391e-01
    1.79400e+00     5.20831e-02     2.95209e-02     2.25622e-02     0.00000e+00    -2.66588e+00     2.47159e-01    -4.22884e-01
    1.80000e+00     5.14841e-02     2.93756e-02     2.21084e-02     0.00000e+00    -2.64537e+00     2.43515e-01    -4.21388e-01
    1.80600e+00     5.08943e-02     2.92313e-02     2.16629e-02     0.00000e+00    -2.62498e+00     2.39918e-01    -4.19904e-01
    1.81200e+00     5.03134e-02     2.90879e-02     2.12255e-02     0.00000e+00    -2.60469e+00     2.36369e-01    -4.18430e-01
    1.81800e+00     4.97413e-02     2.89454e-02     2.07959e-02     0.00000e+00    -2.58452e+00     2.32865e-01    -4.16968e-01
    1.82400e+00     4.91780e-02     2.88037e-02     2.03742e-02     0.00000e+00    -2.56445e+00     2.29407e-01    -4.15516e-01
    1.83000e+00     4.86231e-02     2.86630e-02     1.99600e-02     0.00000e+00    -2.54450e+00     2.25994e-01    -4.14076e-01
    1.83600e+00     4.80766e-02     2.85232e-02     1.95534e-02     0.00000e+00    -2.52465e+00     2.22625e-01    -4.12646e-01
    1.84200e+00     4.75384e-02     2.83843e-02     1.91541e-02     0.00000e+00    -2.50491e+00     2.19300e-01    -4.11226e-01
    1.84800e+00     4.70083e-02     2.82462e-02     1.87621e-02     0.00000e+00    -2.48528e+00     2.16018e-01    -4.09817e-01
    1.85400e+00     4.64862e-02     2.81090e-02     1.83771e-02     0.00000e+00    -2.46575e+00     2.12778e-01    -4.08419e-01
    1.86000e+00     4.59719e-02     2.79727e-02     1.79992e-02     0.00000e+00    -2.44633e+00     2.09581e-01    -4.07031e-01
    1.86600e+00     4.54653e-02     2.78372e-02     1.76280e-02     0.00000e+00    -2.42702e+00     2.06425e-01    -4.05654e-01
    1.87200e+00     4.49662e-02     2.77026e-02     1.72636e-02     0.00000e+00    -2.40780e+00     2.03310e-01    -4.04287e-01
    1.87800e+00     4.44747e-02     2.75688e-02     1.69058e-02     0.00000e+00    -2.38869e+00     2.00235e-01    -4.02930e-01
    1.88400e+00     4.39905e-02     2.74359e-02     1.65546e-02     0.00000e+00    -2.36968e+00     1.97199e-01    -4.01584e-01
    1.89000e+00     4.35134e-02     2.73038e-02     1.62096e-02     0.00000e+00    -2.35077e+00     1.94203e-01    -4.00247e-01
    1.89600e+00     4.30435e-02     2.71725e-02     1.58710e-02     0.00000e+00    -2.33196e+00     1.91246e-01    -3.98920e-01
    1.90200e+00     4.25806e-02     2.70420e-02     1.55385e-02     0.00000e+00    -2.31325e+00     1.88326e-01    -3.97604e-01
    1.90800e+00     4.21245e-02     2.69124e-02     1.52121e-02     0.00000e+00    -2.29464e+00     1.85445e-01    -3.96297e-01
    1.91400e+00     4.16751e-02     2.67836e-02     1.48916e-02     0.00000e+00    -2.27612e+00     1.82600e-01    -3.95000e-01
    1.92000e+00     4.12325e-02     2.66555e-02     1.45769e-02     0.00000e+00    -2.25771e+00     1.79793e-01    -3.93714e-01
    1.92600e+00     4.07963e-02     2.65283e-02     1.42680e-02     0.00000e+00    -2.23939e+00     1.77021e-01    -3.92436e-01
    1.93200e+00     4.03666e-02     2.64019e-02     1.39647e-02     0.00000e+00    -2.22116e+00     1.74285e-01    -3.91169e-01
    1.93800e+00     3.99432e-02     2.62762e-02     1.36669e-02     0.00000e+00    -2.20303e+00     1.71584e-01    -3.89911e-01
    1.94400e+00     3.95260e-02     2.61514e-02     1.33746e-02     0.00000e+00    -2.18499e+00     1.68918e-01    -3.88662e-01
    1.95000e+00     3.91150e-02     2.60273e-02     1.30877e-02     0.00000e+00    -2.16705e+00     1.66287e-01    -3.87423e-01
    1.95600e+00     3.87100e-02     2.59040e-02     1.28060e-02     0.00000e+00    -2.14919e+00     1.63689e-01    -3.86194e-01
    1.96200e+00     3.83109e-02     2.57814e-02     1.25295e-02     0.00000e+00    -2.13143e+00     1.61125e-01    -3.84974e-01
    1.96800e+00     3.79177e-02     2.56596e-02     1.22580e-02     0.00000e+00    -2.11376e+00     1.58594e-01    -3.83763e-01
    1.97400e+00     3.75302e-02     2.55386e-02     1.19916e-02     0.00000e+00    -2.09618e+00     1.56095e-01    -3.82561e-01
    1.98000e+00     3.71484e-02     2.54184e-02     1.17300e-02     0.00000e+00    -2.07869e+00     1.53628e-01    -3.81369e-01
    1.98600e+00     3.67722e-02     2.52988e-02     1.14733e-02     0.00000e+00    -2.06129e+00     1.51194e-01    -3.80186e-01
    1.99200e+00     3.64014e-02     2.51801e-02     1.12213e-02     0.00000e+00    -2.04398e+00     1.48790e-01    -3.79012e-01
    1.99800e+00     3.60360e-02     2.50620e-02     1.09740e-02     0.00000e+00    -2.02676e+00     1.46418e-01    -3.77847e-01
    2.00400e+00     3.56760e-02     2.49448e-02     1.07312e-02     0.00000e+00    -2.00962e+00     1.44076e-01    -3.76691e-01
    2.01000e+00     3.53212e-02     2.48282e-02     1.04930e-02     0.00000e+00    -1.99256e+00     1.41764e-01    -3.75544e-01
    2.01600e+00     3.49715e-02     2.47124e-02     1.02592e-02     0.00000e+00    -1.97560e+00     1.39482e-01    -3.74406e-01
    2.02200e+00     3.46269e-02     2.45973e-02     1.00297e-02     0.00000e+00    -1.95872e+00     1.37229e-01    -3.73277e-01
    2.02800e+00     3.42874e-02     2.44829e-02     9.80449e-03     0.00000e+00    -1.94192e+00     1.35005e-01    -3.72156e-01
    2.03400e+00     3.39527e-02     2.43692e-02     9.58350e-03     0.00000e+00    -1.92520e+00     1.32810e-01    -3.71044e-01
    2.04000e+00     3.36229e-02     2.42562e-02     9.36664e-03     0.00000e+00    -1.90857e+00     1.30644e-01    -3.69942e-01
    2.04600e+00     3.32978e-02     2.41440e-02     9.15385e-03     0.00000e+00    -1.89202e+00     1.28505e-01    -3.68847e-01
    2.05200e+00     3.29775e-02     2.40325e-02     8.94505e-03     0.00000e+00    -1.87556e+00     1.26394e-01    -3.67762e-01
    2.05800e+00     3.26618e-02     2.39216e-02     8.74017e-03     0.00000e+00    -1.85917e+00     1.24310e-01    -3.66685e-01
    2.06400e+00     3.23506e-02     2.38115e-02     8.53916e-03     0.00000e+00    -1.84286e+00     1.22253e-01    -3.65616e-01
    2.07000e+00     3.20440e-02     2.37020e-02     8.34194e-03     0.00000e+00    -1.82664e+00     1.20223e-01    -3.64557e-01
    2.07600e+00     3.17417e-02     2.35933e-02     8.14847e-03     0.00000e+00    -1.81049e+00     1.18219e-01    -3.63505e-01
    2.08200e+00     3.14439e-02     2.34852e-02     7.95866e-03     0.00000e+00    -1.79442e+00     1.16241e-01    -3.62462e-01
    2.08800e+00     3.11503e-02     2.33779e-02     7.77246e-03     0.00000e+00    -1.77843e+00     1.14289e-01    -3.61428e-01
    2.09400e+00     3.08610e-02     2.32712e-02     7.58981e-03     0.00000e+00    -1.76252e+00     1.12361e-01    -3.60401e-01
    2.10000e+00     3.05758e-02     2.31651e-02     7.41065e-03     0.00000e+00    -1.74668e+00     1.10459e-01    -3.59384e-01
    2.10600e+00     3.02947e-02     2.30598e-02     7.23492e-03     0.00000e+00    -1.73092e+00     1.08582e-01    -3.58374e-01
    2.11200e+00     3.00177e-02     2.29552e-02     7.06257e-03     0.00000e+00    -1.71524e+00     1.06729e-01    -3.57373e-01
    2.11800e+00     2.97447e-02     2.28512e-02     6.89354e-03     0.00000e+00    -1.69963e+00     1.04900e-01    -3.56379e-01
    2.12400e+00     2.94756e-02     2.27478e-02     6.72777e-03     0.00000e+00    -1.68410e+00     1.03095e-01    -3.55394e-01
    2.13000e+00     2.92104e-02     2.26452e-02     6.56521e-03     0.00000e+00    -1.66864e+00     1.01314e-01    -3.54418e-01
    2.13600e+00     2.89490e-02     2.25432e-02     6.40581e-03     0.00000e+00    -1.65325e+00     9.95553e-02    -3.53449e-01
    2.14200e+00     2.86914e-02     2.24419e-02     6.24951e-03     0.00000e+00    -1.63794e+00     9.78200e-02    -3.52488e-01
    2.14800e+00     2.84374e-02     2.23412e-02     6.09627e-03     0.00000e+00    -1.62270e+00     9.61075e-02    -3.51535e-01
    2.15400e+00     2.81872e-02     2.22412e-02     5.94603e-03     0.00000e+00    -1.60753e+00     9.44174e-02    -3.50591e-01
    2.16000e+00     2.79405e-02     2.21418e-02     5.79874e-03     0.00000e+00    -1.59244e+00     9.27495e-02    -3.49654e-01
    2.16600e+00     2.76974e-02     2.20431e-02     5.65435e-03     0.00000e+00    -1.57741e+00     9.11035e-02    -3.48726e-01
    2.17200e+00     2.74579e-02     2.19451e-02     5.51282e-03     0.00000e+00    -1.56245e+00     8.94792e-02    -3.47805e-01
    2.17800e+00     2.72217e-02     2.18476e-02     5.37410e-03     0.00000e+00    -1.54757e+00     8.78762e-02    -3.46892e-01
    2.18400e+00     2.69890e-02     2.17509e-02     5.23815e-03     0.00000e+00    -1.53275e+00     8.62945e-02    -3.45987e-01
    2.19000e+00     2.67596e-02     2.16548e-02     5.10491e-03     0.00000e+00    -1.51801e+00     8.47336e-02    -3.45089e-01
    2.19600e+00     2.65336e-02     2.15593e-02     4.97434e-03     0.00000e+00    -1.50333e+00     8.31935e-02    -3.44200e-01
    2.20200e+00     2.63108e-02     2.14644e-02     4.84640e-03     0.00000e+00    -1.48872e+00     8.16737e-02    -3.43318e-01
    2.20800e+00     2.60913e-02     2.13702e-02     4.72105e-03     0.00000e+00    -1.47417e+00     8.01742e-02    -3.42444e-01
    2.21400e+00     2.58749e-02     2.12767e-02     4.59823e-03     0.00000e+00    -1.45970e+00     7.86946e-02    -3.41578e-01
    2.22000e+00     2.56617e-02     2.11838e-02     4.47793e-03     0.00000e+00    -1.44529e+00     7.72348e-02    -3.40719e-01
    2.22600e+00     2.54515e-02     2.10915e-02     4.36007e-03     0.00000e+00    -1.43094e+00     7.57945e-02    -3.39868e-01
    2.23200e+00     2.52444e-02     2.09998e-02     4.24464e-03     0.00000e+00    -1.41667e+00     7.43735e-02    -3.39025e-01
    2.23800e+00     2.50403e-02     2.09088e-02     4.13159e-03     0.00000e+00    -1.40245e+00     7.29716e-02    -3.38189e-01
    2.24400e+00     2.48392e-02     2.08184e-02     4.02087e-03     0.00000e+00    -1.38830e+00     7.15885e-02    -3.37361e-01
    2.25000e+00     2.46411e-02     2.07286e-02     3.91246e-03     0.00000e+00    -1.37422e+00     7.02241e-02    -3.36541e-01
    2.25600e+00     2.44458e-02     2.06395e-02     3.80632e-03     0.00000e+00    -1.36020e+00     6.88781e-02    -3.35728e-01
    2.26200e+00     2.42533e-02     2.05510e-02     3.70239e-03     0.00000e+00    -1.34624e+00     6.75504e-02    -3.34922e-01
    2.26800e+00     2.40637e-02     2.04631e-02     3.60066e-03     0.00000e+00    -1.33235e+00     6.62407e-02    -3.34124e-01
    2.27400e+00     2.38769e-02     2.03758e-02     3.50108e-03     0.00000e+00    -1.31852e+00     6.49489e-02    -3.33334e-01
    2.28000e+00     2.36928e-02     2.02892e-02     3.40362e-03     0.00000e+00    -1.30475e+00     6.36747e-02    -3.32550e-01
    2.28600e+00     2.35114e-02     2.02032e-02     3.30825e-03     0.00000e+00    -1.29104e+00     6.24180e-02    -3.31775e-01
    2.29200e+00     2.33327e-02     2.01178e-02     3.21492e-03     0.00000e+00    -1.27739e+00     6.11785e-02    -3.31006e-01
    2.29800e+00     2.31566e-02     2.00330e-02     3.12360e-03     0.00000e+00    -1.26380e+00     5.99561e-02    -3.30245e-01
    2.30400e+00     2.29831e-02     1.99489e-02     3.03427e-03     0.00000e+00    -1.25028e+00     5.87506e-02    -3.29492e-01
    2.31000e+00     2.28122e-02     1.98654e-02     2.94689e-03     0.00000e+00    -1.23681e+00     5.75618e-02    -3.28746e-01
    2.31600e+00     2.26439e-02     1.97825e-02     2.86142e-03     0.00000e+00    -1.22340e+00     5.63895e-02    -3.28007e-01
    2.32200e+00     2.24780e-02     1.97002e-02     2.77784e-03     0.00000e+00    -1.21005e+00     5.52336e-02    -3.27275e-01
    2.32800e+00     2.23146e-02     1.96185e-02     2.69611e-03     0.00000e+00    -1.19677e+00     5.40939e-02    -3.26551e-01
    2.33400e+00     2.21537e-02     1.95375e-02     2.61621e-03     0.00000e+00    -1.18353e+00     5.29701e-02    -3.25834e-01
    2.34000e+00     2.19951e-02     1.94571e-02     2.53810e-03     0.00000e+00    -1.17036e+00     5.18622e-02    -3.25124e-01
    2.34600e+00     2.18390e-02     1.93773e-02     2.46175e-03     0.00000e+00    -1.15724e+00     5.07700e-02    -3.24421e-01
    2.35200e+00     2.16852e-02     1.92981e-02     2.38712e-03     0.00000e+00    -1.14418e+00     4.96932e-02    -3.23726e-01
    2.35800e+00     2.15337e-02     1.92196e-02     2.31422e-03     0.00000e+00    -1.13118e+00     4.86320e-02    -3.23038e-01
    2.36400e+00     2.13846e-02     1.91416e-02     2.24297e-03     0.00000e+00    -1.11823e+00     4.75857e-02    -3.22356e-01
    2.37000e+00     2.12377e-02     1.90643e-02     2.17339e-03     0.00000e+00    -1.10534e+00     4.65547e-02    -3.21683e-01
    2.37600e+00     2.10930e-02     1.89876e-02     2.10541e-03     0.00000e+00    -1.09251e+00     4.55382e-02    -3.21016e-01
    2.38200e+00     2.09506e-02     1.89116e-02     2.03904e-03     0.00000e+00    -1.07973e+00     4.45369e-02    -3.20356e-01
    2.38800e+00     2.08103e-02     1.88361e-02     1.97422e-03     0.00000e+00    -1.06700e+00     4.35497e-02    -3.19704e-01
    2.39400e+00     2.06722e-02     1.87613e-02     1.91096e-03     0.00000e+00    -1.05433e+00     4.25775e-02    -3.19058e-01
    2.40000e+00     2.05362e-02     1.86871e-02     1.84918e-03     0.00000e+00    -1.04171e+00     4.16189e-02    -3.18420e-01
    2.40600e+00     2.04024e-02     1.86135e-02     1.78892e-03     0.00000e+00    -1.02915e+00     4.06751e-02    -3.17789e-01
    2.41200e+00     2.02706e-02     1.85405e-02     1.73009e-03     0.00000e+00    -1.01664e+00     3.97447e-02    -3.17164e-01
    2.41800e+00     2.01409e-02     1.84682e-02     1.67273e-03     0.00000e+00    -1.00418e+00     3.88288e-02    -3.16547e-01
    2.42400e+00     2.00132e-02     1.83965e-02     1.61676e-03     0.00000e+00    -9.91777e-01     3.79260e-02    -3.15937e-01
    2.43000e+00     1.98876e-02     1.83254e-02     1.56219e-03     0.00000e+00    -9.79424e-01     3.70373e-02    -3.15334e-01
    2.43600e+00     1.97639e-02     1.82550e-02     1.50897e-03     0.00000e+00    -9.67122e-01     3.61616e-02    -3.14738e-01
    2.44200e+00     1.96422e-02     1.81851e-02     1.45710e-03     0.00000e+00    -9.54872e-01     3.52996e-02    -3.14149e-01
    2.44800e+00     1.95224e-02     1.81159e-02     1.40654e-03     0.00000e+00    -9.42674e-01     3.44505e-02    -3.13567e-01
    2.45400e+00     1.94046e-02     1.80474e-02     1.35728e-03     0.00000e+00    -9.30526e-01     3.36147e-02    -3.12991e-01
    2.46000e+00     1.92887e-02     1.79795e-02     1.30929e-03     0.00000e+00    -9.18428e-01     3.27917e-02    -3.12423e-01
    2.46600e+00     1.91746e-02     1.79122e-02     1.26254e-03     0.00000e+00    -9.06380e-01     3.19815e-02    -3.11862e-01
    2.47200e+00     1.90625e-02     1.78455e-02     1.21702e-03     0.00000e+00    -8.94382e-01     3.11841e-02    -3.11307e-01
    2.47800e+00     1.89521e-02     1.77795e-02     1.17270e-03     0.00000e+00    -8.82434e-01     3.03991e-02    -3.10760e-01
    2.48400e+00     1.88436e-02     1.77141e-02     1.12958e-03     0.00000e+00    -8.70534e-01     2.96267e-02    -3.10219e-01
    2.49000e+00     1.87369e-02     1.76493e-02     1.08760e-03     0.00000e+00    -8.58684e-01     2.88665e-02    -3.09685e-01
    2.49600e+00     1.86319e-02     1.75852e-02     1.04677e-03     0.00000e+00    -8.46881e-01     2.81187e-02    -3.09158e-01
    2.50200e+00     1.85287e-02     1.75217e-02     1.00705e-03     0.00000e+00    -8.35127e-01     2.73827e-02    -3.08638e-01
    2.50800e+00     1.84273e-02     1.74589e-02     9.68447e-04     0.00000e+00    -8.23421e-01     2.66590e-02    -3.08125e-01
    2.51400e+00     1.83276e-02     1.73967e-02     9.30906e-04     0.00000e+00    -8.11762e-01     2.59469e-02    -3.07618e-01
    2.52000e+00     1.82296e-02     1.73352e-02     8.94434e-04     0.00000e+00    -8.00150e-01     2.52468e-02    -3.07119e-01
    2.52600e+00     1.81332e-02     1.72743e-02     8.58993e-04     0.00000e+00    -7.88585e-01     2.45582e-02    -3.06626e-01
    2.53200e+00     1.80386e-02     1.72140e-02     8.24580e-04     0.00000e+00    -7.77067e-01     2.38813e-02    -3.06140e-01
    2.53800e+00     1.79455e-02     1.71544e-02     7.91157e-04     0.00000e+00    -7.65594e-01     2.32156e-02    -3.05660e-01
    2.54400e+00     1.78542e-02     1.70955e-02     7.58724e-04     0.00000e+00    -7.54168e-01     2.25615e-02    -3.05188e-01
    2.55000e+00     1.77644e-02     1.70372e-02     7.27247e-04     0.00000e+00    -7.42787e-01     2.19184e-02    -3.04722e-01
    2.55600e+00     1.76763e-02     1.69796e-02     6.96721e-04     0.00000e+00    -7.31452e-01     2.12867e-02    -3.04263e-01
    2.56200e+00     1.75897e-02     1.69226e-02     6.67113e-04     0.00000e+00    -7.20162e-01     2.06658e-02    -3.03811e-01
    2.56800e+00     1.75047e-02     1.68663e-02     6.38418e-04     0.00000e+00    -7.08916e-01     2.00560e-02    -3.03365e-01
    2.57400e+00     1.74212e-02     1.68106e-02     6.10607e-04     0.00000e+00    -6.97715e-01     1.94569e-02    -3.02926e-01
    2.58000e+00     1.73393e-02     1.67556e-02     5.83675e-04     0.00000e+00    -6.86558e-01     1.88686e-02    -3.02493e-01
    2.58600e+00     1.72589e-02     1.67013e-02     5.57591e-04     0.00000e+00    -6.75445e-01     1.82909e-02    -3.02068e-01
    2.59200e+00     1.71800e-02     1.66477e-02     5.32350e-04     0.00000e+00    -6.64375e-01     1.77239e-02    -3.01649e-01
    2.59800e+00     1.71026e-02     1.65947e-02     5.07925e-04     0.00000e+00    -6.53349e-01     1.71672e-02    -3.01236e-01
    2.60400e+00     1.70267e-02     1.65424e-02     4.84308e-04     0.00000e+00    -6.42365e-01     1.66210e-02    -3.00831e-01
    2.61000e+00     1.69522e-02     1.64907e-02     4.61474e-04     0.00000e+00    -6.31425e-01     1.60850e-02    -3.00431e-01
    2.61600e+00     1.68792e-02     1.64398e-02     4.39414e-04     0.00000e+00    -6.20526e-01     1.55592e-02    -3.00039e-01
    2.62200e+00     1.68076e-02     1.63895e-02     4.18104e-04     0.00000e+00    -6.09670e-01     1.50435e-02    -2.99653e-01
    2.62800e+00     1.67374e-02     1.63399e-02     3.97535e-04     0.00000e+00    -5.98856e-01     1.45379e-02    -2.99273e-01
    2.63400e+00     1.66687e-02     1.62910e-02     3.77688e-04     0.00000e+00    -5.88084e-01     1.40422e-02    -2.98900e-01
    2.64000e+00     1.66013e-02     1.62428e-02     3.58549e-04     0.00000e+00    -5.77353e-01     1.35564e-02    -2.98534e-01
    2.64600e+00     1.65353e-02     1.61953e-02     3.40100e-04     0.00000e+00    -5.66663e-01     1.30803e-02    -2.98174e-01
    2.65200e+00     1.64707e-02     1.61484e-02     3.22327e-04     0.00000e+00    -5.56013e-01     1.26140e-02    -2.97821e-01
    2.65800e+00     1.64075e-02     1.61023e-02     3.05215e-04     0.00000e+00    -5.45405e-01     1.21573e-02    -2.97474e-01
    2.66400e+00     1.63456e-02     1.60568e-02     2.88750e-04     0.00000e+00    -5.34836e-01     1.17101e-02    -2.97134e-01
    2.67000e+00     1.62850e-02     1.60121e-02     2.72915e-04     0.00000e+00    -5.24308e-01     1.12724e-02    -2.96800e-01
    2.67600e+00     1.62257e-02     1.59681e-02     2.57697e-04     0.00000e+00    -5.13820e-01     1.08440e-02    -2.96472e-01
    2.68200e+00     1.61678e-02     1.59247e-02     2.43081e-04     0.00000e+00    -5.03371e-01     1.04251e-02    -2.96151e-01
    2.68800e+00     1.61111e-02     1.58821e-02     2.29053e-04     0.00000e+00    -4.92961e-01     1.00153e-02    -2.95837e-01
    2.69400e+00     1.60558e-02     1.58402e-02     2.15598e-04     0.00000e+00    -4.82590e-01     9.61475e-03    -2.95529e-01
    2.70000e+00     1.60017e-02     1.57990e-02     2.02703e-04     0.00000e+00    -4.72258e-01     9.22325e-03    -2.95227e-01
    2.70600e+00     1.59489e-02     1.57585e-02     1.90354e-04     0.00000e+00    -4.61965e-01     8.84086e-03    -2.94932e-01
    2.71200e+00     1.58973e-02     1.57188e-02     1.78537e-04     0.00000e+00    -4.51710e-01     8.46737e-03    -2.94643e-01
    2.71800e+00     1.58470e-02     1.56798e-02     1.67239e-04     0.00000e+00    -4.41492e-01     8.10286e-03    -2.94360e-01
    2.72400e+00     1.57979e-02     1.56415e-02     1.56444e-04     0.00000e+00    -4.31313e-01     7.74710e-03    -2.94083e-01
    2.73000e+00     1.57501e-02     1.56039e-02     1.46145e-04     0.00000e+00    -4.21171e-01     7.40020e-03    -2.93814e-01
    2.73600e+00     1.57034e-02     1.55671e-02     1.36320e-04     0.00000e+00    -4.11067e-01     7.06193e-03    -2.93550e-01
    2.74200e+00     1.56580e-02     1.55310e-02     1.26964e-04     0.00000e+00    -4.00999e-01     6.73239e-03    -2.93292e-01
    2.74800e+00     1.56137e-02     1.54957e-02     1.18059e-04     0.00000e+00    -3.90969e-01     6.41134e-03    -2.93041e-01
    2.75400e+00     1.55707e-02     1.54611e-02     1.09597e-04     0.00000e+00    -3.80974e-01     6.09892e-03    -2.92796e-01
    2.76000e+00     1.55288e-02     1.54272e-02     1.01559e-04     0.00000e+00    -3.71017e-01     5.79486e-03    -2.92558e-01
    2.76600e+00     1.54880e-02     1.53941e-02     9.39381e-05     0.00000e+00    -3.61095e-01     5.49931e-03    -2.92325e-01
    2.77200e+00     1.54485e-02     1.53618e-02     8.67183e-05     0.00000e+00    -3.51209e-01     5.21201e-03    -2.92099e-01
    2.77800e+00     1.54101e-02     1.53302e-02     7.98915e-05     0.00000e+00    -3.41359e-01     4.93311e-03    -2.91879e-01
    2.78400e+00     1.53728e-02     1.52994e-02     7.34409e-05     0.00000e+00    -3.31545e-01     4.66234e-03    -2.91665e-01
    2.79000e+00     1.53367e-02     1.52693e-02     6.73589e-05     0.00000e+00    -3.21765e-01     4.39986e-03    -2.91458e-01
    2.79600e+00     1.53017e-02     1.52400e-02     6.16295e-05     0.00000e+00    -3.12021e-01     4.14541e-03    -2.91256e-01
    2.80200e+00     1.52678e-02     1.52115e-02     5.62449e-05     0.00000e+00    -3.02311e-01     3.89914e-03    -2.91061e-01
    2.80800e+00     1.52350e-02     1.51838e-02     5.11897e-05     0.00000e+00    -2.92635e-01     3.66080e-03    -2.90872e-01
    2.81400e+00     1.52034e-02     1.51569e-02     4.64561e-05     0.00000e+00    -2.82994e-01     3.43053e-03    -2.90688e-01
    2.82000e+00     1.51728e-02     1.51307e-02     4.20292e-05     0.00000e+00    -2.73388e-01     3.20811e-03    -2.90511e-01
    2.82600e+00     1.51433e-02     1.51054e-02     3.79010e-05     0.00000e+00    -2.63815e-01     2.99364e-03    -2.90340e-01
    2.83200e+00     1.51149e-02     1.50808e-02     3.40569e-05     0.00000e+00    -2.54275e-01     2.78693e-03    -2.90176e-01
    2.83800e+00     1.50876e-02     1.50571e-02     3.04885e-05     0.00000e+00    -2.44769e-01     2.58808e-03    -2.90017e-01
    2.84400e+00     1.50613e-02     1.50341e-02     2.71828e-05     0.00000e+00    -2.35296e-01     2.39690e-03    -2.89864e-01
    2.85000e+00     1.50361e-02     1.50119e-02     2.41317e-05     0.00000e+00    -2.25857e-01     2.21350e-03    -2.89717e-01
    2.85600e+00     1.50119e-02     1.49906e-02     2.13210e-05     0.00000e+00    -2.16450e-01     2.03765e-03    -2.89576e-01
    2.86200e+00     1.49888e-02     1.49701e-02     1.87429e-05     0.00000e+00    -2.07075e-01     1.86953e-03    -2.89441e-01
    2.86800e+00     1.49668e-02     1.49504e-02     1.63843e-05     0.00000e+00    -1.97733e-01     1.70885e-03    -2.89312e-01
    2.87400e+00     1.49458e-02     1.49315e-02     1.42376e-05     0.00000e+00    -1.88423e-01     1.55583e-03    -2.89189e-01
    2.88000e+00     1.49258e-02     1.49135e-02     1.22888e-05     0.00000e+00    -1.79145e-01     1.41016e-03    -2.89072e-01
    2.88600e+00     1.49068e-02     1.48963e-02     1.05316e-05     0.00000e+00    -1.69899e-01     1.27207e-03    -2.88961e-01
    2.89200e+00     1.48889e-02     1.48799e-02     8.95169e-06     0.00000e+00    -1.60684e-01     1.14128e-03    -2.88856e-01
    2.89800e+00     1.48719e-02     1.48644e-02     7.54243e-06     0.00000e+00    -1.51501e-01     1.01793e-03    -2.88756e-01
    2.90400e+00     1.48560e-02     1.48497e-02     6.29132e-06     0.00000e+00    -1.42349e-01     9.01899e-04    -2.88663e-01
    2.91000e+00     1.48411e-02     1.48359e-02     5.18925e-06     0.00000e+00    -1.33228e-01     7.93108e-04    -2.88575e-01
    2.91600e+00     1.48272e-02     1.48229e-02     4.22731e-06     0.00000e+00    -1.24137e-01     6.91719e-04    -2.88493e-01
    2.92200e+00     1.48142e-02     1.48108e-02     3.39276e-06     0.00000e+00    -1.15077e-01     5.97320e-04    -2.88417e-01
    2.92800e+00     1.48023e-02     1.47996e-02     2.68071e-06     0.00000e+00    -1.06047e-01     5.10440e-04    -2.88346e-01
    2.93400e+00     1.47913e-02     1.47892e-02     2.07498e-06     0.00000e+00    -9.70476e-02     4.30291e-04    -2.88282e-01
    2.94000e+00     1.47813e-02     1.47798e-02     1.57318e-06     0.00000e+00    -8.80776e-02     3.57768e-04    -2.88223e-01
    2.94600e+00     1.47723e-02     1.47711e-02     1.15883e-06     0.00000e+00    -7.91380e-02     2.91754e-04    -2.88169e-01
    2.95200e+00     1.47643e-02     1.47634e-02     8.29245e-07     0.00000e+00    -7.02273e-02     2.33419e-04    -2.88122e-01
    2.95800e+00     1.47572e-02     1.47566e-02     5.68379e-07     0.00000e+00    -6.13466e-02     1.81449e-04    -2.88080e-01
    2.96400e+00     1.47511e-02     1.47507e-02     3.73248e-07     0.00000e+00    -5.24945e-02     1.37113e-04    -2.88044e-01
    2.97000e+00     1.47459e-02     1.47456e-02     2.29458e-07     0.00000e+00    -4.36719e-02     9.91203e-05    -2.88013e-01
    2.97600e+00     1.47417e-02     1.47415e-02     1.32032e-07     0.00000e+00    -3.48776e-02     6.85878e-05    -2.87989e-01
    2.98200e+00     1.47384e-02     1.47383e-02     6.90539e-08     0.00000e+00    -2.61124e-02     4.45114e-05    -2.87969e-01
    2.98800e+00     1.47361e-02     1.47360e-02     3.37139e-08     0.00000e+00    -1.73753e-02     2.76001e-05    -2.87955e-01
    2.99400e+00     1.47347e-02     1.47346e-02     1.68438e-08     0.00000e+00    -8.66667e-03     1.73681e-05    -2.87947e-01
    3.00000e+00     1.47323e-02     1.47323e-02     0.00000e+00     0.00000e+00     0.00000e+00     0.00000e+00    -2.87933e-01
